240
0
18
1
21
2
22
2
23
3
22
3
23
4
24
5
25
5
27
6
26
7
25
7
27
8
28
9
29
10
30
11
31
12
32
18
33
21
35
22
36
22
37
23
36
23
37
24
38
25
39
25
41
26
40
27
39
27
41
28
42
29
43
31
44
32
45
36
46
36
49
37
46
37
49
39
50
40
50
41
50
42
51
43
47
52
61
54
64
54
65
56
66
57
68
58
63
62
71
13
48
19
48
22
46
22
49
23
46
23
49
25
50
26
50
27
50
28
51
29
47
13
54
14
54
16
54
17
54
18
54
19
54
20
56
21
56
24
57
25
52
25
53
26
52
26
53
27
52
27
53
30
55
30
58
31
55
31
58
32
59
33
54
35
56
38
57
39
52
39
53
40
52
40
53
41
52
41
53
44
58
45
59
33
64
33
65
34
66
35
66
36
60
36
67
37
60
37
67
38
68
39
61
40
61
41
61
43
62
44
63
46
60
46
67
47
62
49
60
49
67
50
61
47
71
50
69
50
70
51
72
52
69
52
70
53
69
53
70
59
73
