276
0
25
1
26
2
26
7
27
8
28
9
29
10
30
11
31
12
32
13
33
14
34
15
35
16
36
17
41
18
37
19
38
20
39
20
40
21
39
21
40
22
42
23
44
26
45
27
46
28
47
29
48
30
49
31
50
32
51
33
52
34
53
35
54
36
55
37
58
38
56
38
59
39
59
39
60
40
59
40
60
41
57
42
61
44
63
45
70
46
65
47
66
50
68
51
67
56
69
57
64
59
69
60
69
74
80
77
82
78
84
78
85
84
97
85
97
26
70
27
65
28
66
31
68
32
67
37
64
38
69
39
69
40
69
41
64
29
71
30
71
30
72
33
76
33
79
34
76
34
79
35
73
36
73
37
74
37
78
38
78
39
78
40
78
41
74
42
77
44
75
48
71
49
71
49
72
52
76
52
79
53
76
53
79
54
73
55
73
56
78
57
74
58
74
59
78
60
78
61
77
63
75
47
81
48
81
49
83
50
83
56
84
56
85
57
80
58
80
58
84
58
85
59
84
59
85
60
80
60
84
60
85
61
82
63
82
66
81
68
83
69
84
69
85
64
92
67
89
67
90
67
91
69
94
69
95
69
97
71
86
71
87
72
86
72
87
73
93
73
96
75
88
78
95
78
97
