502
0
33
1
35
1
36
2
37
2
39
3
38
4
39
5
41
7
44
8
42
9
43
10
44
12
46
15
49
16
49
17
49
19
50
19
51
20
48
21
50
21
51
22
52
22
54
22
55
22
56
23
53
24
52
24
54
25
55
25
56
26
57
27
58
29
59
30
59
31
60
32
61
33
62
34
62
35
63
36
63
37
64
37
65
38
66
39
64
39
65
42
69
43
70
44
71
46
72
48
75
49
76
50
77
50
78
51
77
51
78
52
79
52
81
53
80
54
79
54
81
55
79
55
81
56
79
56
81
58
82
59
84
60
83
61
85
64
86
64
99
65
86
65
99
68
93
70
88
71
89
74
95
74
96
74
97
75
90
76
95
76
96
76
97
76
98
79
91
80
91
81
91
82
92
82
100
83
100
85
94
104
121
104
122
107
124
108
125
108
126
109
124
110
128
113
131
114
131
115
131
116
132
37
86
37
99
39
86
39
99
40
93
43
88
43
89
44
88
44
89
48
90
48
98
49
95
49
96
49
97
49
98
52
91
53
91
54
91
55
91
56
91
58
92
58
100
60
100
61
94
33
101
33
102
33
103
33
117
34
101
34
102
34
103
34
117
35
101
35
102
35
103
36
101
36
102
36
103
37
118
38
104
38
118
39
118
42
105
44
105
46
111
50
106
50
107
50
109
51
106
51
107
51
109
52
108
52
110
53
108
53
110
54
108
54
110
55
108
55
110
56
108
56
110
59
116
59
119
59
120
60
116
61
119
61
120
62
101
62
102
62
103
62
117
63
101
63
102
63
103
64
118
65
118
66
104
66
118
69
105
71
105
72
111
73
112
77
107
77
109
78
107
78
109
79
108
79
110
80
108
80
110
81
108
81
110
83
116
84
116
84
119
84
120
66
121
66
122
70
123
70
130
71
123
72
130
77
124
78
124
79
125
79
126
79
128
80
125
80
126
80
128
81
125
81
126
81
128
82
127
82
132
83
127
83
132
84
129
84
132
85
129
88
123
91
125
91
126
92
127
94
129
100
127
100
132
86
136
87
141
89
137
89
138
90
139
98
139
99
136
101
134
101
135
102
134
102
135
103
135
105
137
107
140
109
140
112
142
113
144
113
145
114
144
114
145
115
144
115
145
117
134
