226
1
32
2
28
2
31
3
29
3
31
4
30
5
28
5
29
5
31
6
34
7
34
8
34
9
35
10
33
11
36
11
37
12
36
12
37
14
38
15
40
16
39
17
42
18
42
19
41
26
43
27
44
28
45
28
46
29
46
29
48
30
47
31
46
31
48
32
49
33
51
35
50
36
52
36
53
37
52
37
53
38
54
39
55
41
56
42
57
43
58
52
59
53
59
56
61
57
60
61
68
64
69
65
71
67
74
70
79
36
59
37
59
40
61
41
61
42
60
28
62
28
63
28
64
29
62
29
64
30
62
30
63
30
64
31
62
31
64
32
64
33
65
35
65
36
66
37
66
39
67
40
68
41
68
45
62
45
63
45
64
46
62
46
64
47
62
47
63
47
64
48
62
48
64
50
65
51
65
52
66
53
66
55
67
56
68
45
69
46
69
47
69
47
70
48
69
49
69
50
71
51
71
52
72
53
72
55
74
57
73
57
76
59
72
60
73
59
77
62
78
63
78
63
79
66
77
