554
1
33
1
35
2
34
2
36
3
33
3
35
4
34
4
36
6
34
6
36
9
39
9
40
10
41
13
42
14
43
15
44
17
45
18
46
19
47
19
48
20
47
20
48
22
49
23
51
23
54
24
52
26
54
27
56
29
57
33
61
33
63
34
62
34
65
35
61
35
63
36
62
36
65
39
67
40
67
41
68
42
69
43
70
44
71
45
72
46
73
47
74
47
76
48
75
48
76
49
77
51
79
52
78
52
81
54
80
55
82
56
83
57
84
58
85
60
64
61
89
61
90
63
89
63
90
64
89
64
90
66
92
66
93
66
94
66
95
66
104
67
92
67
93
67
94
67
104
68
92
68
94
69
96
70
87
70
97
71
87
72
87
72
97
73
98
73
105
73
106
74
98
74
99
74
105
74
106
75
98
75
99
75
105
75
106
76
98
76
99
76
105
76
106
77
107
79
88
80
88
82
100
83
100
83
101
83
108
85
102
98
114
105
114
33
89
33
90
35
89
35
90
37
103
38
103
39
92
39
93
39
94
39
95
39
104
40
92
40
93
40
94
40
95
40
104
41
92
41
94
42
96
43
87
43
97
44
87
45
87
45
97
46
98
46
99
46
105
46
106
47
98
47
99
47
105
47
106
48
98
48
99
48
105
48
106
49
107
50
98
50
99
50
105
50
106
51
88
53
100
53
101
53
108
54
88
55
100
56
100
56
101
56
108
58
102
59
91
60
89
60
90
60
91
34
111
36
111
37
111
39
113
40
113
41
112
41
113
43
109
44
109
45
109
46
114
47
114
48
114
50
114
51
110
54
110
62
111
65
111
67
113
68
113
70
109
71
109
73
114
74
114
75
114
76
114
79
110
61
116
63
116
64
116
66
121
67
121
68
121
69
117
70
118
71
118
72
118
74
122
77
122
78
119
79
115
80
115
81
119
82
119
83
119
84
120
85
120
87
118
88
115
89
116
90
116
92
121
93
121
94
121
95
121
96
117
97
118
100
119
101
119
102
120
104
121
107
122
108
119
86
123
87
125
87
126
89
124
89
134
90
124
92
128
92
135
93
128
93
135
94
128
94
135
97
125
98
129
98
131
98
136
98
137
98
138
99
129
99
130
99
131
99
132
99
136
99
137
99
138
104
128
104
135
105
129
105
130
105
131
105
132
105
136
105
137
105
138
106
129
106
130
106
131
106
132
106
136
106
137
106
138
109
125
109
126
111
127
111
134
113
128
113
135
114
129
114
131
114
136
114
137
114
138
