176
2
19
3
17
5
20
6
21
8
22
9
23
9
24
10
23
10
24
11
26
12
25
13
28
14
29
15
30
16
31
17
32
18
32
19
33
20
34
21
35
22
36
23
37
23
38
24
37
24
38
25
39
26
40
27
41
28
43
29
44
30
42
31
45
32
46
34
47
35
48
40
49
41
50
43
51
44
51
52
59
53
59
17
46
18
46
20
47
20
48
21
47
21
48
26
49
27
50
28
51
29
51
19
55
23
52
23
53
23
54
24
52
24
53
24
54
25
52
25
53
25
54
31
56
33
55
37
52
37
53
38
52
38
53
39
52
39
53
39
54
45
56
32
57
34
58
35
58
37
59
38
59
39
59
43
60
44
60
45
60
46
57
48
58
51
60
47
64
49
62
54
61
55
63
56
66
