402
0
29
0
30
1
27
2
29
2
30
3
28
4
31
5
32
6
33
7
33
8
35
9
34
10
36
11
38
12
39
13
37
17
40
18
40
18
41
19
42
20
43
21
44
22
45
23
46
24
47
25
48
28
50
29
52
30
52
31
54
32
53
33
56
34
57
35
55
36
58
37
60
38
59
40
62
40
63
41
62
41
63
42
64
43
65
44
66
45
67
46
68
47
69
49
70
52
71
52
73
54
74
57
75
59
72
59
76
59
81
61
72
61
76
61
81
62
77
62
82
63
77
63
82
64
78
69
79
70
80
70
83
72
85
84
98
88
99
89
97
89
100
93
103
95
105
102
114
27
71
27
73
29
71
29
73
30
71
30
73
31
74
34
75
38
72
38
76
38
81
39
72
39
76
39
81
40
77
40
82
41
77
41
82
42
78
47
79
49
80
49
83
27
89
28
89
29
89
30
89
32
84
33
90
33
91
33
92
35
90
35
93
36
94
37
85
37
95
38
85
39
85
43
86
43
96
44
86
44
96
45
87
45
88
46
87
46
88
50
89
51
89
52
89
53
84
55
93
56
90
56
91
56
92
58
94
59
85
60
95
61
85
65
86
65
96
66
86
66
96
67
87
68
87
68
88
50
97
50
100
51
97
51
100
51
101
52
97
52
100
52
101
53
98
54
102
54
103
55
102
55
103
57
104
59
105
60
105
62
107
62
108
63
107
63
108
64
109
67
99
68
99
69
99
69
106
71
97
71
100
71
101
73
97
73
101
74
102
75
104
77
107
78
109
79
106
82
108
72
110
72
117
72
120
74
113
74
114
76
110
76
117
76
120
80
119
80
121
81
110
81
117
81
120
83
119
83
121
85
110
85
117
85
120
86
111
86
118
87
112
90
115
91
115
92
115
94
116
96
111
96
118
