296
3
34
5
34
6
33
9
36
9
37
10
35
10
39
11
41
12
40
13
42
14
45
15
43
16
44
17
46
18
47
19
48
19
50
20
49
21
50
22
51
22
52
22
53
23
51
23
52
23
53
24
54
25
55
26
55
31
57
33
59
35
60
39
60
40
58
41
61
42
62
43
63
45
64
46
65
47
66
48
67
50
68
50
72
51
69
52
69
53
69
53
71
54
74
55
75
58
81
61
77
64
82
67
78
67
79
67
83
68
78
68
79
68
83
69
79
69
83
71
83
72
78
72
79
72
83
75
80
85
97
88
104
90
102
91
103
96
106
96
107
34
81
36
81
37
81
38
81
40
81
41
77
43
84
44
84
45
82
48
78
48
79
48
83
50
78
50
79
50
83
51
78
51
79
51
83
52
78
52
79
52
83
53
78
53
79
53
83
55
80
33
93
33
94
35
85
36
85
37
85
39
85
43
88
44
88
46
89
47
90
49
86
49
91
51
92
52
92
53
92
54
96
59
93
59
94
60
85
63
88
65
89
66
90
69
92
70
92
71
92
73
96
74
96
60
97
61
98
63
104
66
102
67
105
68
105
69
105
70
106
71
105
72
105
73
106
73
107
74
106
74
107
75
100
77
98
78
105
79
105
80
100
83
105
77
108
77
109
81
110
82
111
89
112
92
113
