180
0
14
1
15
1
16
2
15
2
16
3
17
3
18
4
19
5
17
5
18
7
20
8
22
9
21
10
23
11
26
12
24
13
25
14
27
15
28
16
29
17
30
18
30
19
31
20
32
22
33
23
34
24
35
25
36
26
37
29
43
31
44
32
38
32
46
33
45
35
39
36
41
37
40
50
57
50
64
51
57
51
64
52
57
52
64
53
57
53
64
55
63
15
43
16
43
19
44
20
38
20
46
21
47
22
45
24
39
25
40
25
41
26
40
26
41
15
50
16
50
16
51
16
52
16
53
17
54
18
54
23
55
29
50
29
51
30
54
34
55
28
57
29
57
29
64
30
58
30
59
31
59
31
60
31
61
31
62
31
65
34
63
43
57
44
62
38
66
38
77
39
68
45
67
46
66
54
70
54
71
