270
0
30
1
31
3
33
7
34
9
35
11
37
13
38
14
39
15
40
16
40
16
41
18
43
18
44
19
43
19
44
20
41
21
42
24
45
25
46
26
47
29
51
30
52
31
53
33
54
34
55
35
56
37
58
38
59
39
60
40
61
41
62
44
63
46
64
47
66
51
69
51
70
53
74
54
71
55
72
55
73
57
78
60
75
61
76
61
81
61
82
61
83
62
76
62
81
62
82
62
83
71
86
78
96
84
97
85
97
87
99
92
97
93
103
93
104
99
111
100
112
30
74
31
74
33
71
34
72
34
73
36
79
39
75
40
76
40
81
40
82
40
83
41
76
41
81
41
82
41
83
42
76
42
81
42
82
42
83
30
84
30
92
33
86
35
93
37
87
38
90
46
88
46
91
47
89
47
94
51
95
52
84
52
92
54
86
56
93
57
96
58
87
59
90
64
88
64
91
66
89
66
94
68
95
69
95
70
95
52
97
52
100
53
100
55
98
56
103
56
104
58
99
61
105
62
105
63
105
65
106
67
101
67
102
72
98
73
98
74
100
77
101
77
102
71
108
74
112
77
113
78
116
86
108
87
111
88
109
89
110
91
109
93
115
94
110
95
114
96
116
