200
0
13
2
14
3
14
4
15
5
16
6
17
7
18
8
19
9
21
10
20
10
22
11
23
12
24
13
25
14
26
15
27
17
28
18
29
19
30
20
31
20
32
20
33
21
34
22
31
22
32
22
33
23
35
24
35
24
36
25
39
25
44
27
40
29
45
30
37
34
38
35
43
36
43
39
48
44
48
47
53
47
54
13
39
13
44
14
40
15
40
18
45
19
37
21
38
23
43
24
42
24
43
13
48
14
46
15
46
17
47
23
49
23
50
23
51
23
52
24
49
24
50
24
51
24
52
25
48
26
46
28
47
35
49
35
50
35
51
35
52
36
49
36
50
36
51
36
52
26
56
27
56
28
53
28
54
29
57
31
58
32
58
33
58
34
55
38
55
40
56
45
57
37
60
42
61
42
62
43
61
43
62
46
59
49
61
49
62
50
61
50
62
51
61
51
62
52
61
52
62
