174
0
14
1
15
1
16
2
17
3
17
4
18
5
19
7
21
8
20
10
23
10
24
11
23
11
24
12
22
13
25
14
26
15
27
16
27
17
28
18
29
20
30
21
31
22
32
23
33
23
34
24
33
24
34
25
35
31
36
33
37
33
38
33
39
33
40
33
41
34
37
34
38
34
39
34
40
34
41
45
49
52
55
21
36
23
37
23
38
23
39
23
40
23
41
24
37
24
38
24
39
24
40
24
41
14
44
15
44
16
44
17
45
18
43
22
48
25
47
26
44
27
44
28
45
29
43
32
48
35
47
28
49
31
50
31
51
33
52
34
52
36
50
37
52
38
52
39
52
40
52
37
55
37
56
38
55
38
56
39
55
40
55
40
56
41
55
41
56
43
53
44
54
47
57
