238
0
20
1
21
2
25
3
22
4
22
5
22
10
26
11
27
11
28
12
27
12
28
13
29
14
30
15
31
16
32
17
33
18
34
19
35
21
36
22
37
22
38
23
37
23
38
24
37
24
38
25
39
26
40
27
41
27
42
27
43
28
41
28
42
28
43
29
44
30
45
31
46
32
47
33
48
34
49
35
50
36
62
37
62
39
51
40
56
41
57
41
58
41
59
41
60
41
61
42
57
42
58
42
59
42
60
42
61
43
57
43
58
43
59
43
60
43
61
44
52
45
55
46
53
50
54
63
65
21
62
22
62
23
62
24
62
25
51
26
56
27
57
27
58
27
59
27
60
27
61
28
57
28
58
28
59
28
60
28
61
29
52
30
55
31
53
35
54
32
63
34
64
47
63
49
64
39
69
40
70
45
67
46
65
47
65
48
68
50
66
51
69
54
66
55
67
56
70
53
71
57
73
57
74
57
75
57
76
58
73
58
74
58
75
58
76
59
73
59
74
59
76
60
73
60
74
60
76
61
73
61
74
61
75
61
76
64
72
