724
0
46
0
49
1
50
2
54
3
51
3
53
4
52
6
51
6
53
8
55
9
60
10
58
11
57
14
59
15
60
16
62
17
63
21
65
21
66
21
67
22
66
22
67
23
68
24
69
25
71
25
72
26
72
26
74
26
75
27
70
28
73
29
74
29
75
31
77
31
78
32
80
33
82
33
83
34
84
34
85
34
87
35
82
35
84
35
85
35
87
36
86
37
84
37
85
37
87
39
88
40
88
42
89
44
90
44
91
45
92
46
93
49
93
50
94
51
95
51
97
52
96
53
95
53
97
54
99
55
98
57
101
58
100
59
102
62
104
63
105
66
106
67
106
68
107
69
108
70
111
71
109
71
110
72
110
73
113
74
112
75
112
80
114
82
115
82
117
82
119
83
115
84
117
84
118
84
119
85
117
85
118
85
119
86
116
87
117
87
118
87
119
89
120
90
122
91
121
91
122
92
123
98
124
98
132
99
129
99
131
100
124
101
124
101
129
101
131
101
132
103
134
104
125
108
130
113
135
115
127
116
126
117
127
118
127
119
127
120
128
123
133
137
164
138
157
138
166
139
157
139
165
139
166
141
170
142
159
143
160
146
158
146
161
149
157
149
165
149
166
150
167
151
168
153
170
154
158
154
161
165
180
54
129
54
131
54
132
55
124
55
131
55
132
56
129
56
131
57
124
57
129
57
131
57
132
58
124
61
134
62
125
64
125
69
130
73
135
77
135
78
135
79
135
81
127
82
127
83
127
84
127
85
127
86
126
87
127
89
128
92
133
46
147
46
152
47
147
47
152
48
147
48
152
49
147
49
152
50
147
50
152
51
141
51
153
52
141
52
142
52
153
53
141
53
153
55
148
58
148
59
143
63
136
64
144
65
137
65
144
66
144
67
144
68
137
68
144
70
138
70
139
70
149
71
138
71
139
71
149
72
138
72
139
72
149
74
138
75
138
77
138
80
140
81
145
81
146
81
154
82
145
82
146
82
154
83
145
83
146
83
154
84
145
84
146
84
154
85
145
85
146
85
154
86
145
87
145
87
146
87
154
89
150
90
150
90
151
91
150
91
151
93
147
93
152
94
147
94
152
95
141
95
153
96
142
96
153
97
141
97
153
98
148
100
148
102
143
105
136
106
144
107
137
107
144
109
138
109
139
109
149
110
138
110
139
110
149
111
138
111
139
111
149
112
138
114
140
115
145
115
146
115
154
117
145
117
146
117
154
118
145
118
146
118
154
119
145
119
146
119
154
120
150
121
150
121
151
122
150
122
151
93
169
95
159
95
170
96
159
96
170
97
159
97
170
98
155
98
162
98
163
99
155
99
162
99
163
100
155
100
162
100
163
101
155
101
162
101
163
102
160
104
156
106
156
107
164
108
165
108
166
109
157
109
165
109
166
110
157
110
165
110
166
111
157
111
165
111
166
112
157
112
166
115
158
115
161
117
158
117
161
118
158
118
161
119
158
119
161
120
167
120
168
121
167
121
168
122
167
122
168
123
169
124
155
124
162
124
163
125
156
127
158
127
161
129
162
129
163
131
155
131
162
131
163
132
155
132
162
132
163
133
169
126
173
128
174
130
177
133
182
136
171
139
180
140
172
141
175
144
176
145
178
147
181
148
179
149
180
152
181
153
175
