298
0
20
1
21
2
22
3
23
5
25
6
24
8
28
8
29
8
30
9
28
9
29
9
30
10
28
10
30
10
31
11
27
12
30
12
31
13
32
13
34
14
33
15
32
15
34
16
35
16
36
17
37
18
38
19
39
20
40
21
41
22
42
23
43
24
44
25
45
26
46
27
47
28
48
28
49
29
50
30
48
30
49
30
51
31
48
31
49
31
51
32
52
32
54
33
53
34
52
34
54
35
55
36
55
37
56
38
57
42
58
42
62
43
58
43
62
45
63
47
59
48
60
49
60
50
60
50
61
51
60
66
76
70
82
71
83
71
84
72
83
72
84
74
85
22
58
22
62
23
58
23
62
25
63
27
59
28
60
28
61
29
60
29
61
30
60
30
61
31
60
31
61
39
64
20
67
21
74
22
69
24
75
26
75
32
66
32
70
33
66
33
70
34
66
34
70
35
71
35
72
36
71
36
72
37
71
37
72
38
73
40
67
41
74
44
75
46
75
52
66
52
70
53
66
53
70
54
66
54
70
55
71
55
72
56
71
56
72
57
73
41
85
42
80
43
80
45
81
47
77
48
78
49
78
50
78
51
78
52
76
52
82
53
76
53
82
54
76
54
82
55
83
55
84
56
83
56
84
59
77
60
78
62
80
63
81
58
86
58
87
62
86
69
87
73
88
75
89
