558
0
33
0
35
1
35
2
32
6
36
6
37
7
34
8
36
8
38
9
39
10
40
11
41
12
42
12
43
13
42
13
43
14
45
15
44
16
46
16
47
16
48
16
49
17
50
18
49
19
51
20
52
21
53
23
57
24
58
25
59
26
55
27
56
28
60
29
60
30
62
31
61
33
63
34
65
35
64
36
66
36
68
36
69
37
66
37
68
38
69
39
67
40
70
42
71
43
72
44
74
45
73
46
75
46
77
47
75
47
77
48
75
48
77
49
75
49
77
50
76
51
79
52
78
53
81
54
80
55
82
56
83
57
84
58
85
59
86
61
88
62
87
63
89
63
101
64
89
64
101
66
90
66
91
66
102
68
90
68
91
68
102
69
90
69
91
69
102
71
92
71
93
71
94
71
99
72
92
72
93
72
94
73
95
79
96
81
103
81
104
84
105
84
106
86
97
88
98
88
100
103
122
110
125
110
133
111
125
111
133
112
126
113
127
116
134
122
136
123
133
135
149
135
150
33
89
33
101
35
89
35
101
36
90
36
91
36
102
37
90
37
91
37
102
38
90
38
91
38
102
41
92
41
93
41
94
42
92
42
93
42
94
42
99
43
92
43
93
43
94
43
99
45
95
51
96
53
103
53
104
57
105
57
106
59
97
61
98
61
100
34
108
39
109
39
120
40
109
40
120
41
115
44
110
44
111
44
112
44
123
46
110
46
111
46
112
46
123
47
110
47
111
47
112
47
123
48
110
48
111
48
112
48
123
49
110
49
111
49
112
49
123
50
110
50
111
50
112
52
113
53
121
53
122
54
121
58
117
61
119
62
114
65
108
67
109
67
120
70
109
70
120
74
110
74
111
74
123
75
110
75
111
75
112
75
123
76
110
76
111
76
112
77
110
77
111
77
112
77
123
78
113
80
121
81
122
85
117
87
114
88
119
63
124
63
135
64
124
64
135
71
132
72
132
74
125
74
126
74
133
75
125
75
126
75
133
76
125
76
126
76
133
77
125
77
126
77
133
78
127
79
128
80
136
81
136
82
129
83
129
84
129
85
130
86
130
88
131
89
124
89
135
96
128
97
130
98
131
99
132
100
131
101
135
103
136
89
149
89
150
90
139
90
143
90
151
90
152
91
139
91
143
91
151
91
152
92
144
93
144
94
144
95
141
101
149
101
150
102
139
102
143
102
151
102
152
105
156
106
146
106
155
106
156
108
137
108
138
109
140
114
142
116
146
116
155
116
156
117
147
118
148
120
140
120
153
121
154
