250
0
27
1
28
3
31
4
30
8
32
9
33
14
34
15
35
16
36
17
37
19
38
19
39
20
38
20
39
21
41
22
42
24
43
25
44
26
40
28
45
30
48
31
47
32
50
33
49
34
51
35
52
37
53
38
54
38
55
39
54
39
55
40
59
41
60
42
57
43
58
44
61
47
62
47
70
48
63
49
62
49
70
50
62
51
64
54
65
54
66
55
65
55
66
58
68
59
68
60
69
61
67
71
80
73
83
74
84
75
85
30
63
31
62
31
70
32
62
32
70
33
62
33
70
34
64
36
64
38
65
38
66
39
65
39
66
40
68
41
69
43
68
44
67
28
74
32
75
33
75
35
76
37
71
38
72
39
72
40
73
43
73
45
74
49
75
50
75
52
76
53
71
58
73
59
73
45
84
46
78
47
77
47
78
47
85
48
77
48
78
49
77
49
85
50
85
51
79
52
79
53
80
54
81
54
82
55
81
55
82
58
83
58
86
59
83
59
86
63
77
63
78
64
79
65
81
65
82
66
81
66
82
68
86
62
87
62
90
67
88
69
91
70
87
70
90
75
87
76
89
