240
0
18
1
19
2
20
3
20
4
21
5
22
6
23
7
24
8
27
11
28
12
29
15
33
16
32
18
34
19
35
20
36
21
37
22
38
23
42
24
43
25
45
27
46
28
47
29
48
30
50
32
51
33
52
36
56
37
54
43
57
43
58
43
59
44
57
44
58
44
59
45
59
47
55
49
60
50
60
51
61
52
53
55
65
60
68
63
73
65
74
67
78
68
75
69
75
75
85
75
86
20
56
21
54
24
57
24
58
24
59
25
58
25
59
28
55
30
60
32
61
33
53
18
62
19
70
22
67
23
63
27
64
28
65
29
66
30
68
30
69
34
62
35
70
38
67
40
67
42
63
46
64
47
65
48
66
49
68
49
69
50
68
36
72
36
77
37
72
37
77
38
78
39
78
40
78
41
78
42
73
43
73
47
74
49
75
50
75
51
76
52
71
53
71
54
72
55
74
56
77
60
75
61
76
57
82
57
83
57
84
58
82
58
83
58
84
59
82
59
83
59
84
60
85
60
86
62
79
64
80
66
81
68
85
68
86
69
85
69
86
