390
0
24
0
27
1
25
1
26
2
25
2
26
3
24
3
27
5
28
6
29
7
30
8
32
10
33
12
35
13
36
15
37
15
38
16
37
16
38
17
39
17
40
17
43
18
39
18
40
18
43
19
41
21
39
21
40
21
43
22
44
23
45
24
46
24
47
25
46
25
47
25
48
26
47
26
48
27
46
28
49
29
50
30
51
32
53
33
54
35
55
36
56
37
57
37
58
38
57
38
58
39
59
39
60
39
63
40
59
40
60
40
63
41
61
41
62
43
60
43
63
44
65
45
67
46
74
47
74
48
74
49
68
51
70
53
69
65
72
75
92
77
92
80
93
80
96
81
93
81
96
83
94
88
93
88
96
24
74
25
74
26
74
27
74
28
68
30
70
32
69
34
69
44
72
24
79
24
80
24
81
24
88
25
79
25
80
25
81
25
88
26
80
26
81
26
88
27
79
27
80
27
81
27
88
29
82
30
83
32
84
33
84
37
75
37
76
37
77
38
75
38
76
38
77
39
78
39
85
39
86
40
78
40
85
40
86
41
78
41
85
41
86
42
78
42
85
42
86
43
78
43
85
43
86
45
87
46
79
46
80
46
81
46
88
47
80
47
81
47
88
48
80
48
81
48
88
50
82
51
83
54
84
57
75
57
76
57
77
58
75
58
76
58
77
59
78
59
85
59
86
60
78
60
85
60
86
61
78
61
85
61
86
62
78
62
85
62
86
63
78
63
85
63
86
64
86
67
87
46
93
46
95
46
96
47
93
47
95
47
96
48
93
48
95
48
96
49
89
51
94
53
90
55
91
56
91
57
92
58
92
68
89
69
90
74
93
74
95
70
97
72
102
78
100
78
101
82
98
84
99
85
100
85
101
86
100
86
101
87
103
