448
0
30
1
31
3
33
4
39
5
34
6
36
7
36
10
40
11
41
12
42
13
43
13
44
14
43
14
44
14
46
15
45
16
44
16
46
17
47
19
48
20
49
21
50
22
51
23
53
24
54
26
53
27
53
28
52
30
55
33
57
33
58
34
59
34
60
36
61
39
62
40
63
41
64
42
65
43
66
43
67
43
68
44
66
44
67
44
68
45
70
45
71
46
66
46
68
47
69
48
72
49
73
50
74
51
75
52
77
53
76
54
78
55
79
55
80
56
81
57
87
57
90
58
87
58
90
62
82
64
95
66
83
67
83
68
83
68
88
69
83
69
88
70
84
70
85
71
84
71
85
75
91
76
92
76
93
78
93
81
97
96
111
99
112
101
113
102
116
103
117
105
113
109
122
30
79
30
80
30
94
32
81
32
86
33
87
33
90
39
82
41
95
43
83
43
88
44
83
44
88
45
84
45
85
46
83
46
88
47
83
47
88
50
91
51
91
53
92
53
93
54
92
54
93
31
96
32
97
34
98
35
98
36
98
37
98
40
99
42
104
43
100
43
101
43
105
43
106
44
100
44
101
44
105
44
106
46
100
46
101
46
105
47
100
47
101
47
105
49
107
50
102
51
102
52
103
54
103
56
97
59
98
60
98
63
99
65
104
66
100
66
101
66
105
67
100
67
101
67
105
68
100
68
101
68
105
69
100
69
101
69
105
73
107
74
102
77
103
55
110
55
121
56
111
56
118
63
112
66
113
66
119
67
113
67
119
68
113
68
119
69
113
69
119
70
114
70
115
71
114
71
115
72
115
72
122
74
116
74
120
75
116
75
120
77
117
78
117
79
110
79
121
80
110
83
113
83
119
84
114
84
115
85
114
85
115
86
118
88
113
88
119
91
120
94
110
94
121
81
123
82
125
83
127
83
129
88
129
92
131
92
132
92
133
93
131
93
132
93
133
97
123
98
124
100
126
100
127
100
129
101
126
101
127
101
129
104
128
105
126
105
127
105
129
106
126
107
130
