484
0
37
1
30
2
31
2
32
3
31
3
32
5
34
6
35
6
38
7
39
8
40
9
41
10
42
10
43
11
42
11
43
12
45
14
46
14
47
15
44
16
50
17
49
18
51
19
52
20
53
21
54
23
55
24
56
25
58
25
59
26
60
27
61
28
57
29
62
30
63
31
64
31
65
32
64
32
65
34
66
37
67
38
68
39
69
40
70
40
71
40
75
41
78
44
80
45
79
46
81
47
81
49
84
50
85
51
87
52
86
53
88
54
89
55
90
56
92
57
94
58
91
58
93
59
91
59
93
60
95
61
96
62
97
67
100
69
114
70
108
71
108
73
108
74
108
75
108
76
108
77
108
79
106
79
109
80
101
80
102
80
107
84
104
85
103
87
110
89
111
90
111
91
112
91
115
93
112
93
115
94
105
95
99
95
113
96
98
97
99
97
113
98
116
117
128
118
129
119
130
120
130
122
132
124
135
124
136
126
138
37
100
39
114
40
108
42
101
42
102
42
106
42
107
42
109
43
101
43
102
43
106
43
107
43
109
44
101
44
102
44
107
45
106
45
109
49
103
49
104
50
103
50
104
51
110
54
111
55
111
57
105
58
112
58
115
59
112
59
115
60
99
60
113
61
98
62
98
62
99
62
113
30
119
30
120
30
121
31
119
31
120
31
121
32
119
32
120
32
121
33
119
33
120
34
119
34
120
34
121
35
119
35
120
36
119
36
120
41
122
48
117
51
118
52
118
56
123
61
116
62
116
63
119
63
120
63
121
64
119
64
120
64
121
65
119
65
120
65
121
66
119
66
120
66
121
78
122
83
117
86
118
87
118
92
123
96
116
97
116
63
130
64
130
65
130
66
130
68
130
70
131
71
131
72
131
73
131
74
131
75
131
76
131
77
131
78
132
79
126
80
126
81
127
83
128
85
128
86
129
87
129
87
133
89
134
90
134
95
125
96
125
97
125
99
125
101
126
102
126
107
126
108
131
110
129
110
133
111
134
113
125
98
140
100
137
101
138
101
144
102
138
104
139
106
138
106
144
107
138
109
144
112
145
112
147
114
146
115
145
115
147
116
140
119
141
119
142
120
141
120
142
121
143
