618
0
35
1
37
2
36
4
38
5
40
6
41
11
48
11
49
12
48
12
49
13
44
14
46
15
52
16
47
18
51
19
54
20
54
21
53
24
57
28
59
29
60
31
61
32
62
33
62
34
63
35
64
36
65
36
67
37
66
38
68
38
69
40
70
41
71
43
76
43
77
44
72
45
74
46
77
46
78
47
80
47
81
49
75
50
80
50
81
51
79
53
85
54
83
55
86
57
87
57
88
58
90
59
90
60
89
60
91
61
92
62
93
63
94
66
104
75
97
75
98
75
100
75
105
76
99
77
99
77
100
78
97
78
99
78
100
83
107
83
108
83
109
83
113
85
108
86
110
89
112
91
112
92
102
94
95
117
136
117
141
118
141
119
137
121
139
122
150
124
142
125
142
126
137
126
142
128
145
129
150
131
149
132
150
37
104
43
99
43
100
44
99
46
97
46
99
46
100
48
97
48
98
48
99
48
100
48
105
49
97
49
98
49
100
49
105
51
98
51
105
53
107
53
108
54
107
54
108
54
109
54
113
55
110
58
112
60
112
61
102
63
95
35
121
35
131
36
121
36
131
37
131
38
114
39
114
39
115
39
116
40
114
40
115
40
116
41
114
41
115
41
116
43
117
43
118
44
117
44
118
44
123
46
117
47
119
47
124
47
125
47
126
50
119
50
124
50
125
50
126
51
119
51
126
52
124
52
125
53
122
53
129
53
132
54
122
54
129
58
130
59
130
60
130
62
120
64
121
64
131
65
121
65
131
66
131
67
121
67
131
68
114
70
114
70
115
71
115
71
116
72
117
72
118
72
123
73
123
76
117
79
119
79
126
80
119
80
124
80
125
80
126
81
119
81
124
81
126
82
128
85
122
85
129
85
132
89
130
90
130
91
130
93
120
64
139
64
149
65
139
65
140
65
149
66
140
66
149
67
139
67
140
67
149
72
134
72
135
72
136
72
141
75
134
75
135
75
137
76
134
76
135
76
136
76
141
77
134
77
135
77
136
77
141
78
134
78
135
78
136
78
141
79
137
79
142
80
137
80
142
81
137
81
142
82
145
83
150
84
145
85
150
86
147
86
151
86
152
87
151
88
151
89
148
91
148
93
133
94
133
95
133
97
134
97
135
99
134
99
135
100
134
100
135
101
138
101
148
104
140
104
149
105
135
110
151
111
147
111
152
112
148
97
155
97
156
98
155
98
156
100
155
100
156
102
157
102
160
105
155
105
156
106
161
107
159
107
167
107
171
107
172
107
173
108
159
108
167
108
172
108
173
109
166
109
167
109
171
109
172
109
173
111
168
111
169
112
170
113
166
113
167
113
171
113
172
113
173
115
153
116
153
117
154
118
154
122
159
122
167
122
173
123
154
128
165
129
159
129
167
129
173
130
170
132
159
132
173
