450
1
21
1
22
2
26
3
21
3
22
4
25
4
26
4
27
5
25
5
26
5
27
6
23
8
28
9
29
10
30
12
32
13
33
15
35
15
36
16
35
16
36
17
37
18
38
20
39
21
40
21
43
21
44
22
40
22
43
22
44
23
42
23
48
25
45
25
46
25
47
26
46
26
47
27
45
27
46
27
47
28
50
29
52
30
51
32
54
33
55
34
56
35
57
36
58
37
59
38
60
39
61
41
74
42
74
45
63
45
64
45
65
45
74
46
63
46
64
46
65
46
74
47
63
47
64
47
65
47
74
48
64
48
74
49
71
50
66
52
75
53
67
54
67
57
73
57
76
58
73
58
76
60
77
78
88
79
95
80
95
82
97
83
96
83
98
85
95
23
63
23
64
23
74
25
62
25
63
25
64
25
65
25
74
26
62
26
63
26
64
26
65
26
74
27
63
27
64
27
65
27
74
28
66
29
75
31
67
32
67
34
68
35
73
35
76
36
73
36
76
38
77
21
78
22
78
23
78
34
79
34
80
34
81
37
86
40
78
41
78
42
78
43
78
44
78
48
78
56
81
59
86
40
88
40
106
41
88
41
89
41
90
41
91
41
106
42
88
42
89
42
90
42
91
42
106
43
88
43
105
43
106
44
88
44
105
44
106
45
88
45
89
45
90
45
91
45
106
46
89
46
90
46
91
46
106
47
88
47
89
47
90
47
91
47
106
48
88
48
89
48
90
48
91
48
106
50
92
51
92
52
107
53
93
53
94
53
99
53
108
54
93
54
94
54
99
54
108
55
99
55
108
56
93
56
94
56
95
57
100
58
100
60
96
60
98
61
101
61
102
61
103
61
104
63
89
63
90
63
91
63
106
64
89
64
90
64
91
64
106
65
89
65
90
65
91
65
106
66
92
67
99
67
108
68
93
68
94
69
97
70
105
73
100
74
89
74
91
74
106
75
107
62
109
63
109
65
109
69
114
69
115
71
109
72
113
73
117
76
117
77
119
81
110
82
114
84
111
86
118
