714
0
36
0
38
1
37
2
38
3
39
4
40
5
41
6
43
7
43
8
45
9
44
10
45
11
46
12
47
12
49
13
48
14
47
14
49
15
53
16
50
17
52
17
53
18
52
18
53
19
54
20
57
21
62
22
58
23
59
24
61
25
63
26
64
27
65
28
66
29
67
30
67
31
69
33
71
34
72
35
68
35
70
36
73
36
75
37
74
37
76
38
75
39
77
40
76
41
78
43
79
44
82
45
83
46
84
47
86
47
88
48
85
49
86
49
88
50
89
50
90
50
93
52
91
52
92
52
94
52
95
53
91
53
92
53
94
53
95
54
87
55
96
56
97
57
98
58
99
61
101
62
100
63
104
64
102
65
105
66
107
68
108
70
108
71
110
72
109
77
118
78
119
85
120
85
121
85
131
86
120
86
121
86
131
88
120
88
121
88
131
89
122
90
122
91
114
91
122
91
123
92
114
92
122
92
123
93
122
94
114
94
123
95
114
95
122
95
123
98
124
98
125
98
132
98
133
99
125
99
133
100
126
101
115
104
127
106
134
107
116
107
128
107
135
108
134
110
117
138
172
139
158
141
151
141
159
142
161
143
162
143
163
144
162
144
163
148
172
150
155
150
167
150
168
150
174
171
186
39
118
41
118
41
119
44
112
47
120
47
121
47
131
48
120
48
121
48
131
49
120
49
121
49
131
50
114
50
122
50
123
51
122
52
114
52
122
52
123
53
114
53
122
53
123
57
124
57
125
57
132
57
133
58
125
58
133
59
124
59
125
59
133
60
126
61
115
62
126
63
127
66
116
66
128
66
135
67
116
67
128
67
135
68
134
70
134
71
117
36
140
36
147
37
140
37
141
38
140
38
147
39
140
39
147
40
140
40
141
42
142
43
142
44
136
45
136
45
143
45
144
46
143
46
144
50
137
51
137
54
137
54
138
54
148
64
145
64
149
65
145
65
149
66
150
67
146
67
150
69
139
72
139
73
140
73
147
74
141
75
140
75
147
76
140
76
141
77
147
79
142
81
136
81
143
81
144
82
136
83
136
83
143
83
144
84
143
84
144
87
137
87
138
87
148
89
137
90
137
93
137
102
145
102
149
103
145
103
149
105
145
105
149
107
150
109
139
73
160
74
151
74
159
75
159
76
151
76
159
77
160
78
160
79
161
80
152
81
162
81
163
81
171
82
162
82
163
82
171
83
162
83
163
84
162
84
163
87
172
89
153
89
164
90
153
90
164
91
153
91
164
92
153
92
164
93
153
93
164
94
153
94
164
95
153
95
164
96
153
96
164
98
165
98
173
99
165
99
173
101
154
102
154
104
166
105
154
106
155
107
155
107
167
107
168
107
174
108
156
108
157
109
156
109
157
109
158
110
169
110
170
111
152
112
171
114
153
114
164
115
154
116
155
116
168
116
174
118
160
122
153
122
164
123
153
123
164
124
165
124
173
127
166
128
155
128
167
128
168
128
174
130
171
132
165
132
173
135
155
135
167
135
168
135
174
112
186
119
180
120
181
120
182
120
187
121
181
121
182
121
187
122
177
124
183
125
183
126
184
129
188
130
186
131
181
131
182
131
187
133
183
136
176
137
177
137
178
140
179
145
185
148
178
149
185
