338
2
31
3
32
4
33
4
35
5
36
6
34
7
33
7
35
8
37
9
38
10
39
11
40
12
41
13
42
15
43
17
44
18
46
20
48
21
48
22
47
23
50
24
49
27
49
28
49
29
51
30
52
31
53
32
54
33
55
33
57
34
56
35
55
35
57
36
58
37
60
39
61
40
59
41
62
42
63
43
66
44
68
46
64
46
65
47
67
48
69
49
70
50
71
51
72
52
73
53
79
55
74
55
84
57
74
57
84
58
78
60
80
62
85
64
86
65
86
66
81
66
87
68
81
68
86
68
87
69
75
69
76
70
75
70
76
71
77
73
82
89
100
91
103
91
105
92
103
92
104
92
105
98
110
99
103
99
105
31
79
33
74
33
84
35
74
35
84
36
78
37
80
38
80
41
85
43
81
43
87
44
81
44
86
44
87
46
86
48
75
48
76
49
75
49
76
50
77
52
82
52
83
32
88
34
97
39
89
39
90
40
89
40
90
42
93
42
94
42
95
42
96
47
98
51
91
51
92
51
99
54
88
56
97
59
89
59
90
61
90
63
93
63
94
63
95
63
96
67
98
72
91
72
92
72
99
58
106
59
100
59
108
60
108
61
100
66
107
66
109
66
110
67
107
67
109
67
110
68
107
68
109
69
101
69
102
70
101
70
102
72
103
72
104
72
105
75
101
75
102
76
101
76
102
78
106
80
108
81
107
81
109
87
107
87
109
74
112
77
114
82
116
83
116
84
112
88
111
90
113
93
115
94
115
95
115
96
115
