612
0
34
0
35
0
36
0
37
1
35
1
37
2
38
5
39
6
43
7
44
8
45
8
46
9
45
9
46
11
47
13
49
14
50
15
51
16
52
17
54
18
52
20
52
21
53
22
54
22
56
23
57
24
58
25
60
25
61
26
62
26
63
28
66
29
65
29
70
29
72
29
73
29
74
30
62
30
63
31
62
31
63
32
62
32
63
33
75
39
79
40
77
43
83
44
81
44
82
45
85
45
86
46
85
46
86
47
87
50
89
51
90
52
96
53
91
53
95
56
98
57
99
58
100
62
101
62
104
63
101
63
104
65
112
65
113
65
114
65
115
66
112
66
113
66
114
66
115
68
108
68
110
69
103
69
107
69
116
70
107
70
113
70
114
70
116
71
108
72
112
72
113
72
114
72
115
73
107
73
112
73
113
73
114
73
116
74
103
74
107
74
116
75
105
83
122
84
122
85
123
85
124
86
123
86
124
90
118
90
125
90
130
99
126
101
120
101
121
101
127
101
128
104
120
104
121
104
127
104
128
126
137
131
142
132
145
134
147
139
148
139
150
139
151
140
151
141
152
43
122
44
117
45
123
45
124
46
123
46
124
51
118
51
125
51
130
55
119
57
126
62
120
62
121
62
127
62
128
63
120
63
121
63
127
63
128
38
141
40
141
44
131
47
132
49
134
50
135
52
136
54
136
55
136
56
136
57
137
58
138
62
139
63
139
65
133
65
139
65
140
66
133
66
139
66
140
67
133
69
133
69
139
69
140
70
133
70
139
70
140
72
133
72
139
72
140
73
133
73
139
73
140
74
133
74
139
74
140
75
133
75
139
75
140
81
131
82
131
87
132
89
135
96
136
97
136
98
136
99
137
100
138
102
133
102
139
102
140
103
133
103
139
103
140
104
139
105
139
105
140
107
133
107
139
107
140
112
133
112
140
113
133
113
140
114
133
114
139
114
140
115
133
115
140
116
133
116
139
116
140
76
152
77
152
81
142
82
142
83
142
85
143
85
146
86
143
86
146
87
145
88
153
90
153
101
144
101
148
101
149
101
150
101
151
102
144
102
148
102
149
102
150
102
151
103
144
103
148
103
149
103
150
103
151
104
144
104
148
104
149
104
150
104
151
105
144
105
148
105
149
105
150
105
151
106
144
106
149
107
148
107
150
107
151
112
150
112
151
113
148
113
150
113
151
114
148
114
150
114
151
115
150
115
151
116
148
116
150
116
151
117
142
118
153
120
144
120
148
120
149
120
150
121
144
121
148
121
149
121
150
123
143
123
146
124
143
124
146
125
153
127
144
127
149
128
144
128
148
128
149
128
150
130
153
118
159
122
158
125
154
125
159
126
161
129
163
130
154
130
159
133
157
135
155
135
156
136
160
137
161
138
162
