498
0
29
1
30
2
31
2
32
3
33
3
35
4
34
5
33
5
35
6
31
6
32
7
36
8
37
9
38
10
40
11
39
11
40
13
41
15
44
17
42
17
46
18
43
19
47
20
42
20
43
20
46
21
48
22
50
23
50
23
51
24
52
25
49
26
53
27
54
28
55
29
56
30
57
31
58
32
58
33
60
33
61
34
59
35
60
35
61
36
62
37
63
38
64
39
65
39
66
40
65
42
68
42
70
42
71
42
72
43
68
43
70
43
71
43
72
44
67
44
69
46
68
46
70
46
71
46
72
47
73
50
74
51
75
52
76
53
78
53
79
54
79
55
77
58
86
58
96
59
83
60
87
60
88
61
87
61
88
62
80
65
89
66
89
67
81
67
91
68
90
68
91
68
97
69
81
69
90
69
91
70
90
70
91
70
97
71
90
71
91
71
97
72
90
72
97
73
84
73
92
74
82
74
85
74
93
75
82
75
85
76
85
76
93
78
94
78
95
79
94
79
95
103
108
103
110
31
86
31
96
32
86
32
96
33
83
33
87
33
88
34
83
34
87
34
88
35
83
35
87
35
88
36
80
39
89
40
89
42
81
42
90
42
91
42
97
43
90
43
91
43
97
44
81
44
90
44
91
44
97
45
90
45
97
46
90
46
91
46
97
47
84
47
92
49
99
50
82
50
85
50
93
51
82
51
85
51
93
52
85
52
93
53
94
53
95
54
94
54
95
29
100
29
105
30
100
30
105
33
101
34
101
35
101
37
102
39
103
40
103
42
104
43
104
44
104
45
104
46
104
48
107
56
100
56
105
57
100
57
105
59
101
63
102
65
103
66
103
68
104
70
104
71
104
72
104
62
109
62
113
63
113
65
108
65
110
66
108
66
110
67
114
69
114
74
111
75
111
76
111
77
112
77
115
78
112
78
115
79
112
79
115
80
109
89
108
89
110
93
111
94
112
94
115
95
112
95
115
98
114
81
123
81
124
82
118
83
117
83
120
83
121
84
125
85
118
86
116
87
119
87
121
88
119
88
121
90
123
90
124
90
129
91
123
91
124
91
129
92
125
96
116
96
127
97
123
97
124
97
129
100
126
101
117
101
120
102
122
104
123
104
129
105
126
106
128
107
130
