190
0
17
1
18
2
19
5
20
7
22
8
23
9
24
10
25
11
26
13
28
14
29
16
30
17
31
18
32
19
33
20
36
22
40
23
41
24
42
25
43
26
44
26
45
28
46
30
48
31
51
41
53
43
50
44
50
44
54
45
50
45
54
46
49
47
49
48
55
62
67
67
78
17
51
23
53
25
50
25
54
26
50
26
54
28
49
29
55
30
55
18
60
18
61
19
60
19
61
20
58
21
58
22
62
24
59
32
60
32
61
33
60
33
61
34
56
34
57
35
56
35
57
36
58
37
58
40
62
42
59
31
66
33
66
40
67
41
68
43
65
43
70
44
65
44
70
45
65
45
70
48
69
50
65
51
66
53
68
54
70
55
69
49
74
52
77
56
71
56
72
57
71
57
72
58
73
60
75
60
76
61
75
61
76
62
77
62
78
63
79
