314
0
30
1
32
2
34
3
33
4
33
7
35
8
37
10
36
11
38
11
39
12
40
16
42
18
41
19
43
21
44
24
45
24
46
25
48
26
48
27
48
27
49
28
31
30
50
31
51
32
52
33
54
34
53
35
55
36
56
37
57
38
60
39
60
40
61
40
66
41
68
42
67
43
69
44
70
44
71
46
72
46
73
49
75
51
88
52
83
56
85
57
85
58
77
59
77
59
86
60
77
60
86
61
77
61
86
63
77
63
86
64
77
64
86
65
77
66
77
66
86
68
81
69
78
69
82
70
78
70
82
71
78
71
82
72
80
73
80
89
99
90
100
92
101
95
107
31
88
32
83
36
85
37
85
38
77
38
86
39
77
39
86
40
77
40
86
41
81
43
78
43
82
44
78
44
82
45
80
46
80
30
93
33
96
34
94
34
95
35
89
36
91
37
91
40
90
47
97
50
93
53
94
53
95
54
96
55
89
56
91
57
91
58
90
61
90
63
90
65
90
66
90
51
98
51
105
51
106
53
107
54
107
55
99
58
100
58
104
59
100
59
104
60
100
60
104
61
100
61
104
62
104
63
100
63
104
64
100
64
104
65
100
65
104
66
100
66
104
67
102
68
102
74
101
77
100
77
104
81
102
84
103
86
100
86
104
88
105
88
106
78
110
80
113
82
110
83
116
85
109
85
115
91
109
91
115
94
114
95
114
96
117
97
118
