176
1
11
2
12
3
13
4
14
5
15
6
18
7
19
8
20
9
21
9
22
10
21
10
22
11
23
12
24
13
25
14
26
15
27
16
29
18
30
19
31
20
32
21
33
21
34
22
33
22
34
23
35
24
36
25
37
27
42
31
43
32
39
33
40
33
41
34
40
34
41
41
45
41
46
44
51
44
52
47
51
47
52
11
35
12
36
13
37
15
42
19
43
20
39
21
40
21
41
22
40
22
41
16
44
16
47
18
44
18
47
21
45
21
46
22
45
22
46
29
44
29
47
30
44
30
47
33
45
33
46
34
45
34
46
24
48
25
49
29
51
29
52
30
51
30
52
31
53
36
48
37
49
38
50
43
53
35
54
40
56
40
57
41
56
41
57
42
55
45
56
45
57
46
56
46
57
