550
0
29
0
30
1
29
1
30
3
31
5
33
5
34
7
35
9
35
9
37
10
39
11
40
13
41
14
45
16
43
17
44
18
46
19
47
21
48
22
49
22
50
22
52
22
53
23
52
23
53
24
49
24
50
25
49
25
50
28
55
30
57
30
58
31
59
33
60
34
60
35
63
35
64
37
63
37
64
39
65
40
66
41
67
43
69
44
68
44
70
45
71
45
72
46
73
47
75
48
74
50
76
52
77
52
78
53
77
53
78
55
81
57
83
58
83
63
84
63
97
64
84
64
97
65
84
65
89
65
97
66
84
66
89
66
97
67
90
68
91
68
92
68
93
69
91
69
92
70
91
70
92
70
93
71
91
71
92
71
93
72
91
72
92
72
93
73
92
73
93
74
94
75
94
76
85
76
86
76
87
76
88
77
85
77
86
77
87
77
88
78
85
78
86
78
87
78
88
81
82
98
107
98
109
99
108
99
109
99
110
100
107
100
108
100
109
101
111
103
117
104
119
117
129
29
83
30
83
32
83
35
84
35
97
37
84
37
89
37
97
39
84
39
89
39
97
40
84
40
89
40
97
41
90
42
91
42
92
43
91
43
92
44
91
44
92
44
93
45
91
45
92
45
93
46
92
46
93
47
94
48
94
49
85
49
86
49
87
49
88
50
85
50
86
50
87
50
88
51
86
52
85
52
86
52
87
52
88
53
85
53
86
53
87
53
88
55
82
31
101
32
101
35
98
35
99
35
100
35
102
36
98
36
102
37
98
37
99
37
100
37
102
39
99
39
100
40
99
49
103
50
103
51
103
59
101
61
98
61
102
63
98
63
99
63
100
64
98
64
99
64
100
65
99
65
100
59
111
60
120
61
107
61
108
61
109
62
120
63
107
63
108
63
109
63
110
63
112
64
107
64
108
64
109
64
110
64
112
65
107
65
108
65
109
65
110
65
112
66
108
66
109
66
110
66
112
68
113
68
114
68
115
69
113
69
114
69
115
70
113
70
114
70
115
71
113
71
114
71
115
72
113
72
114
72
115
73
113
73
114
73
115
74
116
75
116
76
117
77
117
78
117
80
117
84
110
84
112
89
110
89
112
91
113
92
113
92
114
92
115
93
114
93
115
94
116
96
119
97
108
97
110
97
112
82
126
83
121
85
122
85
123
85
124
85
125
86
122
86
123
86
124
86
125
86
129
87
122
87
123
87
124
87
125
88
122
88
123
88
124
88
125
90
128
98
127
102
127
103
129
