246
0
21
3
24
4
26
5
27
6
30
10
31
11
31
12
32
14
33
15
34
16
36
18
38
19
40
20
39
21
41
23
44
25
44
26
45
27
46
27
48
28
46
28
47
28
48
30
49
31
50
32
51
33
52
34
53
34
54
36
55
38
57
39
58
40
59
41
60
46
67
47
67
48
67
50
61
51
61
52
68
52
69
53
68
53
69
54
68
54
69
55
62
57
63
59
64
75
84
76
85
21
60
24
66
24
67
27
67
28
67
29
67
31
61
32
61
33
68
33
69
34
68
34
69
35
68
35
69
36
62
38
63
40
64
26
72
27
72
27
73
28
73
29
72
29
73
30
71
31
74
32
74
33
75
34
75
39
76
45
72
46
73
47
73
48
73
49
71
50
74
51
74
52
75
53
75
54
75
58
76
41
77
43
81
43
82
46
83
47
83
48
83
52
84
53
84
54
84
55
78
57
79
58
85
59
80
60
77
62
78
63
79
64
80
66
81
66
82
67
83
61
86
61
92
63
87
63
88
67
90
67
91
68
93
69
93
72
89
73
90
73
91
74
92
75
93
