210
0
16
1
18
2
17
3
19
3
20
5
21
6
22
8
23
10
26
11
27
12
28
14
30
15
31
16
33
17
32
18
34
19
35
21
37
22
38
23
39
26
40
26
41
27
42
28
43
29
44
30
45
31
46
32
47
37
48
38
49
40
50
40
51
40
53
41
50
41
51
41
53
42
50
42
51
42
53
43
52
57
73
59
65
59
66
59
69
59
70
60
65
60
69
60
70
61
72
62
73
17
47
21
48
22
49
25
51
26
50
26
51
26
53
27
50
27
51
27
53
28
52
16
57
16
62
23
56
30
55
31
61
33
57
33
62
36
59
36
60
39
56
45
55
46
61
32
64
33
64
33
73
35
65
35
66
35
67
35
68
35
70
36
65
36
66
36
67
36
68
36
69
36
70
37
71
43
63
46
72
48
71
47
78
49
80
50
81
50
82
50
84
51
81
51
82
51
84
52
83
53
81
53
82
53
84
55
75
56
76
