762
0
41
1
42
2
43
5
47
6
47
7
47
8
45
9
51
12
50
13
51
14
53
15
52
16
54
17
57
18
58
19
55
19
56
20
55
20
56
22
59
22
62
24
60
25
59
25
62
25
63
30
64
30
65
31
64
31
65
32
66
34
70
35
69
36
71
36
72
36
73
37
71
37
72
37
73
38
76
39
77
40
78
41
79
42
79
43
80
44
83
46
86
46
89
47
84
50
90
51
91
52
93
53
92
55
95
55
96
56
95
56
96
57
97
58
94
59
100
61
98
62
99
62
100
64
102
64
103
65
102
65
103
66
104
67
106
68
107
68
108
70
109
71
110
71
111
71
112
72
110
72
111
72
112
73
110
73
111
73
112
76
113
77
114
78
115
81
116
82
116
84
121
85
121
87
121
88
121
89
116
90
117
92
122
93
127
94
129
97
128
98
123
99
118
99
130
100
130
101
118
101
130
104
120
105
118
105
119
105
130
105
131
106
118
106
119
106
131
107
132
108
132
113
133
114
133
115
125
121
143
123
144
134
155
134
156
135
155
135
156
137
158
138
158
141
159
147
165
147
170
148
165
148
170
150
158
152
169
155
172
156
172
44
126
46
116
47
121
48
117
49
121
50
117
52
122
52
127
53
122
53
127
57
128
58
129
59
123
59
130
60
123
61
123
61
130
62
118
62
123
62
130
63
123
63
130
66
120
67
118
67
119
67
131
68
132
74
133
75
133
76
133
77
133
78
125
41
134
41
135
41
146
41
152
42
134
42
135
42
146
42
152
43
134
43
135
43
146
44
134
44
135
44
152
45
136
45
143
46
136
47
143
48
143
49
143
51
153
54
147
54
148
54
154
55
147
55
148
55
154
56
147
56
148
56
154
58
154
59
144
60
144
61
144
62
144
63
144
64
137
64
138
64
149
64
150
65
137
65
138
65
149
65
150
66
137
66
138
66
149
66
150
67
149
68
151
69
139
69
151
70
139
70
151
71
140
71
141
71
142
71
145
72
140
72
141
72
142
72
145
73
140
73
141
73
142
73
145
74
141
74
142
75
141
75
142
76
141
79
134
79
135
79
146
79
152
80
134
80
135
80
146
81
136
82
136
83
134
83
135
83
152
84
143
85
143
86
136
87
143
88
143
89
136
91
153
94
154
95
147
95
148
95
154
96
148
96
154
98
144
102
137
102
138
102
149
102
150
103
137
103
138
103
149
103
150
104
137
104
138
104
149
104
150
106
149
109
139
109
151
110
140
110
141
110
142
110
145
111
140
111
141
111
142
111
145
112
140
112
141
112
142
112
145
113
141
79
155
79
156
79
169
80
155
80
156
80
162
81
160
81
163
82
163
83
155
83
156
83
163
83
169
84
160
84
161
85
160
85
161
86
160
86
161
87
160
87
161
88
160
88
161
89
160
90
157
92
164
92
165
93
164
95
165
95
170
96
165
96
170
97
166
98
167
99
167
100
167
101
167
102
158
103
158
104
158
105
167
106
158
106
167
110
159
111
159
112
159
113
159
113
168
114
159
114
168
115
162
117
157
118
167
125
162
126
163
127
164
128
166
130
167
133
159
133
168
116
173
116
174
118
175
118
176
118
182
119
175
119
176
119
181
119
182
122
179
126
174
131
175
131
176
131
181
131
182
132
183
134
171
134
172
134
180
135
171
135
172
135
180
136
173
139
177
140
178
142
178
145
178
146
171
146
172
146
180
149
181
151
177
152
172
