208
1
16
2
18
2
19
3
15
4
18
4
19
5
17
5
20
6
20
7
21
8
22
9
23
10
24
11
25
12
26
13
28
14
29
15
31
16
32
17
35
18
33
18
34
19
33
19
34
20
35
23
38
24
36
25
37
26
39
27
40
28
41
29
42
31
45
33
46
33
47
34
46
34
47
38
43
39
52
40
44
41
44
53
65
55
69
56
69
57
70
59
71
60
71
61
71
64
73
15
45
18
46
18
47
19
46
19
47
22
49
23
43
26
52
27
44
28
44
16
54
17
57
17
58
20
57
21
57
21
58
22
59
22
60
24
55
24
56
25
55
25
56
29
64
30
53
32
54
35
57
36
55
36
56
37
55
37
56
42
64
30
65
31
66
32
68
33
67
33
68
34
67
34
68
35
70
36
69
37
69
39
72
42
73
45
66
46
67
46
68
47
67
47
68
52
72
43
74
49
78
54
75
55
76
56
76
58
77
