304
0
19
1
20
2
21
3
22
4
23
5
24
6
25
7
26
8
27
8
28
9
29
10
32
11
33
12
35
13
34
14
36
15
40
16
37
17
40
18
38
18
39
19
41
20
42
21
43
22
44
23
45
25
46
26
47
26
49
27
50
28
50
29
51
32
53
33
54
35
55
36
56
37
57
38
58
39
58
40
59
41
68
43
70
44
66
45
71
45
72
46
74
47
74
49
74
50
67
50
75
51
67
51
75
52
60
52
61
52
67
53
60
53
61
54
62
55
63
58
64
59
65
64
78
76
82
79
82
19
68
21
70
22
66
23
71
23
72
23
73
25
74
26
74
27
60
27
61
27
67
27
75
28
60
28
61
28
67
28
75
29
67
29
75
31
60
31
61
32
60
32
61
33
62
35
63
38
64
39
64
40
65
20
76
20
79
28
77
31
77
32
77
36
80
37
81
38
78
39
78
42
76
42
79
52
77
53
77
56
80
57
81
58
78
41
87
42
82
44
85
45
88
50
89
51
89
52
89
54
83
59
84
62
83
65
84
66
85
67
89
68
87
71
88
72
88
75
89
60
90
60
91
60
92
60
93
60
94
60
95
61
90
61
91
61
92
61
93
61
94
61
95
63
96
64
97
69
99
69
100
70
101
74
102
77
90
77
91
77
92
77
93
77
94
77
95
78
97
79
99
80
104
81
103
