386
0
25
2
28
3
29
5
30
6
27
7
31
8
32
8
33
9
34
10
32
10
33
12
35
13
41
14
36
15
37
16
37
19
40
20
43
21
44
22
45
23
46
24
47
25
48
27
53
27
54
28
49
29
50
30
57
30
58
31
51
31
52
31
55
32
60
32
61
33
60
33
61
34
63
35
62
36
64
37
65
40
66
40
67
41
68
43
69
44
70
45
71
46
72
47
73
48
79
49
80
63
74
64
75
64
76
68
75
69
77
69
81
70
77
70
81
72
82
72
84
73
78
73
79
85
95
92
95
93
95
94
95
102
109
25
78
25
79
28
80
34
74
36
75
36
76
39
75
41
75
41
76
43
77
43
81
44
77
44
81
45
84
46
82
46
84
47
78
47
79
27
85
27
92
27
93
27
94
28
90
29
90
30
85
30
92
30
93
30
94
31
85
31
92
31
93
31
94
32
87
32
91
33
87
33
91
35
86
35
88
37
86
37
88
38
86
38
88
39
89
40
89
49
90
50
90
51
85
51
92
51
93
51
94
52
85
52
92
52
93
52
94
53
85
53
92
53
93
53
94
54
85
54
92
54
93
54
94
55
85
55
92
55
93
55
94
57
85
57
92
57
93
57
94
58
85
58
92
58
93
58
94
60
87
60
91
61
87
61
91
62
86
62
88
65
86
65
88
66
89
67
89
48
100
48
101
51
95
52
95
53
95
54
95
55
95
57
95
58
95
59
95
62
99
63
99
64
96
64
97
68
96
68
97
69
98
70
98
72
103
73
100
73
101
74
99
75
96
76
97
77
98
78
100
79
101
81
98
82
103
83
102
84
103
77
108
80
106
81
108
82
110
83
109
84
110
86
104
87
107
88
104
91
107
94
105
