178
0
18
1
16
2
17
3
19
4
20
4
23
5
21
6
24
7
25
8
26
9
26
11
27
12
28
13
29
14
30
15
31
16
33
17
32
19
34
20
35
21
36
25
37
26
38
27
39
28
40
29
41
30
42
30
43
31
44
32
45
33
45
39
46
44
48
54
57
16
45
17
45
22
47
24
47
27
46
31
48
16
49
17
49
19
50
19
51
19
52
19
53
20
51
21
50
21
51
21
52
21
53
22
51
23
51
26
55
28
54
30
56
32
49
33
49
34
50
34
52
34
53
35
51
36
50
36
51
36
52
36
53
38
55
40
54
42
56
43
56
35
59
40
57
44
60
47
59
48
60
45
61
45
62
46
65
49
61
49
62
50
63
50
64
50
66
51
64
52
63
52
66
53
63
53
64
53
66
