570
0
41
1
42
2
44
3
43
4
45
5
46
6
45
7
49
8
47
9
48
11
50
12
53
12
55
13
54
14
53
14
55
15
51
16
56
19
52
21
59
23
57
23
59
24
58
25
61
26
61
26
62
26
64
27
60
28
61
28
62
28
64
29
65
29
66
30
65
30
66
31
63
32
68
33
68
34
68
35
72
36
69
37
70
38
72
39
73
40
74
42
75
43
77
44
76
45
79
46
78
47
80
48
81
49
82
51
84
53
85
53
87
54
86
55
85
55
87
57
89
57
91
58
90
59
89
59
91
60
94
61
92
62
93
62
95
63
96
64
93
64
95
65
97
65
98
66
97
66
98
68
100
69
101
70
102
71
103
72
104
73
105
74
106
76
120
78
121
79
107
80
107
82
108
85
109
85
110
85
111
85
118
86
109
86
110
86
111
86
118
87
109
87
110
87
111
87
118
89
119
89
124
91
119
91
124
92
112
92
113
92
123
93
112
93
113
93
123
95
112
95
113
95
123
96
122
99
115
103
116
103
125
104
125
105
117
112
128
127
147
131
145
131
151
134
149
134
155
135
154
139
145
139
151
140
153
44
120
45
107
46
121
47
107
49
108
52
109
52
111
52
118
53
109
53
110
53
111
53
118
54
109
54
110
54
111
54
118
55
109
55
110
55
111
55
118
56
109
56
111
56
118
57
119
57
124
58
124
59
119
59
124
61
112
61
113
61
123
62
112
62
113
62
123
63
122
64
112
64
113
64
123
65
114
66
114
67
115
71
116
71
125
72
116
72
125
73
117
41
132
42
126
43
127
45
140
47
140
47
141
48
140
48
141
50
135
51
135
56
136
58
137
60
129
61
128
62
128
64
128
65
130
65
133
66
130
66
133
67
138
68
138
69
131
69
139
70
131
70
139
74
134
75
126
77
127
80
140
80
141
81
141
83
135
84
135
88
136
90
137
92
128
93
128
94
129
95
128
97
130
97
133
98
130
98
133
100
138
101
131
101
139
102
131
102
139
106
134
75
152
76
152
77
147
79
142
79
153
80
142
80
153
81
153
82
143
83
154
84
154
89
148
90
144
91
148
96
150
101
145
101
151
102
145
102
151
103
146
103
149
103
155
104
146
106
146
106
149
106
155
107
142
108
143
116
146
119
148
120
152
122
150
109
156
109
157
109
164
110
156
110
157
110
164
111
156
111
157
111
164
112
159
112
160
113
159
113
160
114
161
118
156
118
157
118
164
121
168
123
159
123
160
126
163
128
159
129
158
130
161
130
162
133
161
133
162
137
166
138
167
