210
0
17
2
19
3
18
4
20
4
21
6
24
7
23
11
26
13
27
14
28
15
29
16
30
17
31
18
33
19
32
20
35
23
36
26
37
27
38
28
40
29
41
30
42
38
44
38
47
38
48
39
44
39
47
39
48
41
45
50
60
52
61
55
64
71
80
72
80
27
44
27
47
27
48
29
45
17
59
18
50
19
49
20
51
20
56
21
51
21
56
22
57
23
52
28
55
30
54
31
59
32
49
33
50
34
56
35
51
35
56
36
52
40
55
42
54
32
60
33
60
34
65
36
61
38
62
38
67
38
68
38
69
38
70
38
71
38
72
39
62
39
66
39
67
39
68
39
69
39
70
39
71
39
72
40
64
41
63
44
62
44
71
44
72
45
63
46
65
47
62
47
69
47
70
47
71
47
72
48
62
48
69
48
70
48
71
48
72
43
78
44
80
47
80
48
80
49
74
51
78
53
76
54
77
56
78
57
79
58
75
