370
0
22
0
24
1
23
2
22
2
24
3
21
4
25
5
28
6
34
7
34
11
39
12
37
13
41
14
38
15
40
17
43
19
45
20
46
21
51
22
48
22
50
23
49
24
48
24
50
25
53
28
52
34
54
35
56
37
57
38
58
39
59
40
61
41
60
42
62
43
63
44
65
45
66
45
68
46
64
46
67
48
70
48
72
49
70
49
72
50
70
50
72
54
73
55
74
56
71
59
75
60
76
66
69
68
69
70
81
72
81
81
98
82
98
83
102
84
99
84
100
85
99
85
100
86
103
94
99
22
70
22
72
23
70
23
72
23
79
24
70
24
72
30
73
34
73
35
71
37
71
38
75
39
75
41
76
44
69
45
69
47
69
21
82
21
83
22
81
22
82
23
81
23
82
24
81
24
82
25
84
25
85
25
94
26
94
28
84
28
85
28
94
37
86
38
87
39
87
42
88
43
90
43
91
44
80
44
92
44
93
45
80
45
93
46
80
46
92
48
81
48
82
49
81
49
82
50
81
50
82
51
83
52
84
52
85
52
94
53
84
53
85
53
94
57
86
58
87
62
88
63
90
64
80
64
92
65
80
65
92
65
93
66
93
67
80
67
92
68
93
48
98
48
102
49
98
50
98
50
102
51
98
51
102
52
99
52
100
53
99
53
100
54
96
56
97
56
103
57
97
57
103
58
101
59
101
65
95
66
95
68
95
69
95
70
98
71
97
72
98
73
96
75
101
69
114
70
104
70
106
72
104
72
106
74
107
74
108
76
110
80
105
80
113
80
114
81
104
81
106
82
104
82
106
87
109
88
111
90
112
92
105
92
113
93
105
93
113
93
114
