186
0
17
1
18
2
20
3
23
4
21
5
22
6
24
6
25
7
26
8
27
9
29
12
30
13
34
14
31
15
32
16
33
17
35
18
36
18
37
19
37
20
38
22
43
23
39
23
40
24
41
24
42
25
41
25
42
26
44
27
45
29
47
30
49
32
51
33
52
34
50
36
57
37
57
39
53
40
53
41
56
42
56
47
58
51
55
58
65
59
68
62
70
18
57
19
57
23
53
24
56
25
56
29
58
31
55
32
55
33
55
17
62
20
60
22
61
27
64
29
65
30
59
31
63
31
66
32
63
32
66
33
63
33
66
35
62
38
60
43
61
45
64
47
65
49
59
51
63
51
66
52
63
52
66
35
70
38
67
39
67
40
67
44
69
49
68
53
67
54
71
55
72
55
75
57
74
58
76
60
73
63
72
63
75
65
76
