264
0
20
1
22
2
21
3
23
4
24
6
25
8
27
9
28
10
29
11
30
12
31
13
33
13
34
14
33
14
34
15
35
16
32
17
37
18
36
19
38
21
39
22
40
22
41
23
42
24
43
25
44
27
45
28
46
29
47
30
48
31
49
33
50
34
50
35
51
36
54
37
53
38
55
39
58
40
59
41
59
43
61
44
60
45
56
46
57
47
62
53
63
66
80
69
80
71
82
71
83
72
82
72
83
73
84
74
85
75
85
77
85
20
58
21
58
22
59
24
61
25
60
27
56
28
57
29
57
29
62
32
64
37
63
23
65
24
65
30
66
30
69
31
66
31
69
32
67
32
68
33
67
33
68
33
70
34
67
34
68
34
70
35
67
35
68
35
70
36
71
36
72
37
71
37
72
38
73
42
65
48
66
48
69
49
66
49
69
50
67
50
68
51
68
51
70
52
71
52
72
54
71
54
72
55
73
42
81
43
81
45
78
46
79
47
79
48
80
49
80
49
86
50
86
52
82
52
83
53
82
53
83
54
82
54
83
55
84
56
78
57
79
61
81
64
86
58
91
59
87
60
92
62
93
65
89
66
88
68
94
69
88
70
94
