600
0
23
1
24
2
25
2
27
3
26
4
25
4
27
5
30
6
28
7
29
8
32
9
33
10
31
11
34
12
35
13
36
14
37
16
38
17
39
17
41
18
42
18
44
19
40
20
41
21
42
21
44
22
43
23
45
25
49
25
50
26
46
26
47
26
48
27
49
27
50
28
51
28
54
29
55
30
52
30
53
31
56
32
57
33
59
34
60
35
58
36
61
38
62
40
63
41
64
42
65
42
66
43
67
44
65
44
66
56
71
56
72
57
68
57
71
58
72
64
69
65
70
66
70
72
91
72
92
81
106
82
111
82
112
86
108
87
110
92
111
92
112
93
117
93
118
95
119
97
121
97
122
98
121
99
121
100
121
100
122
101
121
101
122
102
121
104
111
104
112
120
134
31
68
31
71
31
72
32
68
32
71
32
72
35
71
35
72
37
73
37
74
37
75
39
69
39
76
40
70
41
69
42
70
44
70
23
95
24
88
25
80
25
89
25
96
25
98
25
99
25
102
26
80
26
89
26
96
26
97
26
98
26
99
26
100
26
101
26
102
27
80
27
89
27
96
27
98
27
99
27
102
29
81
31
82
31
91
31
92
31
104
32
91
32
92
33
83
33
103
34
83
34
90
34
103
34
105
35
82
35
83
35
90
35
91
35
92
35
103
35
104
35
105
36
84
38
85
40
86
42
86
43
87
44
86
45
95
46
80
46
89
46
96
46
97
46
98
46
99
46
100
46
101
46
102
47
80
47
89
47
96
47
97
47
98
47
99
47
100
47
101
47
102
48
80
48
89
48
96
48
97
48
98
48
99
48
100
48
101
48
102
49
80
49
89
49
96
49
98
49
99
50
80
50
89
50
96
50
98
50
99
55
81
56
82
56
91
56
92
56
104
57
91
58
82
58
83
58
90
58
91
58
92
58
103
58
104
58
105
60
83
60
90
60
103
60
105
61
84
62
85
63
86
65
86
66
86
67
87
45
119
46
121
46
122
47
121
47
122
48
121
48
122
49
121
50
121
51
106
52
122
53
122
55
106
56
111
56
112
56
120
57
112
57
120
58
111
58
112
59
113
60
113
62
115
63
108
63
109
63
116
64
107
64
115
65
108
65
109
65
116
66
108
66
109
66
116
67
110
68
120
69
107
70
109
70
116
72
111
72
112
73
114
74
114
75
114
76
115
77
117
78
117
68
134
71
134
77
131
77
132
79
135
80
123
80
133
82
124
82
136
83
124
83
125
83
130
83
136
84
126
85
127
88
128
89
123
89
133
90
124
90
125
90
130
90
136
96
123
96
133
98
123
99
123
102
123
103
124
103
125
103
130
103
136
104
124
104
125
104
136
105
124
105
125
105
130
105
136
