214
0
15
1
14
2
16
3
17
4
19
4
20
5
19
5
20
6
18
8
21
9
22
10
23
11
24
12
25
13
26
14
28
15
27
16
29
17
31
18
30
19
32
20
34
21
35
22
36
23
37
24
38
25
39
26
40
27
50
31
48
32
41
32
42
32
43
33
42
33
43
34
41
34
42
34
43
35
44
37
47
39
45
39
46
40
49
52
58
52
62
56
58
56
62
15
50
17
48
19
41
19
42
19
43
20
41
20
42
20
43
21
44
23
47
25
45
25
46
26
49
16
55
21
52
21
56
22
52
22
56
24
52
24
56
29
55
35
52
36
52
36
56
38
52
38
56
27
64
28
61
31
60
32
60
34
60
35
57
35
58
35
62
36
57
36
58
36
62
37
59
38
58
38
62
39
59
40
63
44
57
45
59
46
59
48
60
49
63
50
64
41
66
41
67
41
68
42
67
42
68
43
66
43
67
43
68
47
69
51
65
53
65
54
65
