290
1
21
3
22
4
23
4
26
4
27
5
23
5
26
5
27
6
29
7
24
7
25
8
24
8
25
13
31
14
34
15
32
16
33
17
35
18
37
19
36
21
39
22
40
23
41
24
42
24
43
25
42
25
43
26
41
27
41
29
46
31
47
32
48
33
49
34
50
36
52
37
51
41
55
42
56
42
57
43
56
43
57
44
66
45
58
46
59
48
67
50
60
52
61
66
75
66
80
68
85
69
82
69
85
69
86
70
84
73
82
73
85
73
86
76
88
77
89
21
62
23
55
24
56
24
57
25
56
25
57
26
55
27
55
28
66
29
58
29
59
30
66
32
67
34
60
35
61
35
65
36
61
21
79
22
71
22
72
23
68
23
69
23
73
26
68
26
69
26
73
27
68
27
69
27
73
28
75
28
80
30
75
30
80
33
76
36
78
37
77
38
78
38
81
39
79
40
71
40
72
41
68
41
69
41
73
44
75
44
80
49
76
51
77
52
78
53
78
53
81
40
84
41
82
41
85
41
86
45
87
46
87
49
88
51
89
55
82
55
85
55
86
58
87
56
90
56
91
57
90
57
91
59
92
60
93
61
94
63
95
65
94
66
92
66
98
67
99
71
96
71
97
72
97
75
92
75
98
78
100
78
101
80
92
80
98
81
100
81
101
