428
2
30
2
31
2
32
2
33
3
35
4
34
5
36
7
37
8
38
10
38
12
39
13
43
14
40
14
41
15
42
16
45
17
43
19
45
20
47
21
46
22
48
23
49
24
51
25
53
27
52
28
54
29
55
34
61
35
60
36
64
37
65
39
66
40
67
40
70
41
67
41
70
42
70
43
68
43
69
43
71
44
73
44
74
45
72
48
76
49
78
51
79
52
80
52
81
53
83
54
84
55
82
58
93
60
87
60
88
60
93
66
94
72
95
75
96
79
91
79
98
80
89
81
89
83
91
83
98
84
85
84
86
84
92
99
112
99
113
99
115
100
116
101
117
102
119
103
119
107
123
108
123
108
124
114
132
35
87
35
88
35
93
39
94
45
95
46
96
47
97
51
91
51
98
52
89
52
91
53
91
53
98
54
85
54
86
54
92
34
99
36
104
37
109
40
105
40
106
40
110
41
105
41
106
41
110
42
105
42
106
42
110
43
105
43
106
43
110
44
100
44
101
48
102
48
103
49
102
49
103
50
102
50
103
52
108
55
107
55
108
61
99
64
104
65
109
67
105
67
106
67
110
68
105
68
106
68
110
69
105
69
106
69
110
70
105
70
106
71
105
71
106
71
110
73
100
73
101
74
100
74
101
76
102
76
103
78
102
78
103
82
107
82
108
58
114
58
125
59
114
59
125
60
114
60
125
61
111
61
112
61
113
61
115
62
112
62
113
62
115
63
112
66
121
67
126
67
127
68
126
68
127
69
126
69
127
71
126
71
127
72
116
73
116
73
117
74
116
74
117
75
117
76
118
76
119
78
118
78
119
80
123
80
124
81
123
81
124
82
123
82
124
84
120
85
120
86
120
87
114
87
125
89
124
92
120
93
114
93
125
94
121
97
122
87
130
87
132
87
133
88
128
88
129
88
130
88
133
91
138
91
139
93
130
93
132
95
137
96
131
98
138
98
139
102
136
103
136
