284
0
16
0
17
2
18
2
19
3
18
3
19
4
21
6
20
6
22
7
23
8
24
8
25
10
26
11
27
13
29
14
30
15
31
17
32
17
33
18
34
18
35
19
34
19
35
20
37
21
36
22
37
23
38
24
39
25
39
26
41
27
43
28
42
30
44
31
45
32
57
33
57
34
47
34
51
35
47
35
51
36
47
36
51
37
52
37
59
38
48
40
53
41
49
41
53
42
54
43
50
44
55
45
56
47
63
54
66
58
67
63
74
65
74
66
72
67
70
67
73
68
74
16
57
17
46
17
57
18
47
18
51
19
47
19
51
20
52
20
59
21
47
21
51
22
52
22
59
23
48
23
60
26
49
26
53
27
50
28
54
29
55
29
62
30
55
30
62
31
56
18
63
18
65
18
68
19
63
19
65
19
68
21
63
21
65
21
68
24
64
25
64
28
66
34
63
34
65
35
63
35
65
36
63
36
65
36
68
39
64
42
66
32
70
33
70
34
74
35
74
36
74
37
71
37
75
38
76
42
72
44
77
46
70
47
74
48
76
52
71
52
75
54
72
58
70
58
73
59
71
59
75
60
76
62
77
47
78
47
79
49
80
49
82
51
78
51
79
53
80
53
82
55
83
56
84
63
78
63
79
65
78
69
85
