430
0
32
1
33
3
34
4
35
5
38
6
36
15
37
16
37
17
40
19
41
20
42
20
43
21
42
21
43
22
48
23
44
23
45
23
46
24
47
25
49
26
50
28
51
29
53
30
54
31
52
32
55
33
56
34
57
35
58
36
59
37
61
38
60
39
61
40
63
41
64
42
65
42
66
43
65
43
66
44
67
45
67
47
68
48
69
48
70
49
71
50
72
51
73
52
74
53
75
54
76
55
78
55
84
56
78
56
84
58
85
58
90
59
89
60
79
60
86
60
91
63
80
64
81
64
92
65
81
65
92
66
81
66
92
67
93
67
94
68
94
69
82
70
82
71
87
72
87
74
88
75
77
76
77
76
83
96
105
96
114
97
115
97
116
99
105
99
114
101
110
101
111
101
117
102
110
102
111
102
117
115
126
116
126
32
78
32
84
33
78
33
84
35
85
35
90
36
89
38
79
38
86
38
91
40
80
41
81
41
92
42
81
42
92
43
81
43
92
44
93
44
94
45
93
45
94
46
93
46
94
47
94
48
82
49
87
50
87
52
88
53
77
54
77
54
83
34
95
37
96
37
99
38
99
39
96
39
99
41
97
41
100
42
97
42
100
43
97
43
100
49
98
50
98
57
95
61
96
61
99
62
96
62
99
64
97
64
100
65
97
65
100
66
97
66
100
71
98
72
98
55
103
56
103
58
107
60
113
60
114
61
105
61
114
62
105
62
114
63
104
64
104
64
115
64
116
65
115
65
116
66
115
66
116
71
109
72
109
74
110
74
111
74
112
74
117
75
106
76
106
78
103
80
104
81
115
81
116
83
106
85
107
87
109
88
112
90
107
91
113
92
115
92
116
77
122
78
123
79
119
79
125
81
120
81
121
81
126
84
123
86
119
86
125
87
124
91
125
92
120
92
121
92
126
95
118
97
120
97
121
97
126
97
127
98
124
99
119
100
120
100
121
100
126
100
127
101
128
102
128
