178
0
18
1
19
2
20
3
22
4
21
5
24
6
23
7
25
8
26
9
28
10
27
11
29
12
31
13
32
14
30
15
33
18
34
21
35
22
36
23
38
24
37
26
39
27
40
29
41
30
43
31
42
32
44
33
45
36
48
37
47
40
51
44
46
45
49
52
61
53
62
54
62
54
63
56
64
58
67
59
69
16
49
17
49
20
50
22
48
24
47
25
47
27
51
32
46
33
46
33
49
21
55
22
52
22
55
23
53
23
54
24
54
25
53
25
54
26
56
30
58
31
57
35
55
36
52
36
55
37
54
38
53
38
54
39
56
42
57
43
58
35
61
36
61
37
62
37
63
38
62
38
63
39
64
40
68
43
67
44
65
44
66
45
65
45
66
46
65
48
61
49
66
50
60
51
70
57
71
