210
0
26
1
27
1
28
2
33
3
34
4
35
5
36
6
37
6
38
10
41
11
37
11
38
11
40
12
41
13
43
15
43
16
45
17
46
18
44
20
53
25
48
25
50
25
52
26
47
26
51
30
54
33
58
34
59
35
60
36
61
37
62
37
63
38
62
41
63
43
64
44
66
45
65
46
67
47
70
47
74
49
70
49
74
51
70
51
74
58
75
60
76
64
77
65
68
65
72
67
69
81
88
81
89
81
90
83
92
21
74
22
74
26
70
26
74
33
75
35
76
43
77
45
68
45
72
46
69
46
73
35
78
36
81
37
82
37
85
37
86
38
82
38
85
38
86
40
82
40
85
40
86
41
82
41
86
44
83
60
78
61
81
62
82
62
85
62
86
63
82
63
86
66
83
61
88
61
89
61
90
65
91
66
92
68
91
72
91
70
95
70
98
71
96
74
95
74
98
75
99
80
93
82
94
82
100
86
94
86
100
