224
0
17
2
18
3
19
4
20
5
21
6
23
8
24
9
22
10
25
11
26
12
27
13
29
14
30
14
31
15
30
15
31
15
32
16
33
17
34
18
35
19
36
20
38
21
37
22
39
23
40
24
41
25
42
27
45
28
48
29
44
29
46
30
49
31
49
32
49
33
50
39
51
39
55
40
55
41
54
42
56
43
57
44
57
44
58
44
61
45
57
45
61
46
57
46
58
46
61
49
59
50
62
67
76
22
51
22
55
23
55
24
53
24
54
25
56
27
57
27
58
27
61
29
57
29
58
29
61
30
59
31
59
32
59
32
62
33
62
17
65
18
66
19
63
19
64
20
67
20
69
21
69
33
68
34
65
35
66
36
63
36
64
37
69
38
67
34
73
37
76
38
76
39
70
40
70
41
74
41
75
42
71
42
77
43
72
43
78
44
72
44
78
45
72
45
78
46
72
46
78
51
70
53
75
54
74
56
71
56
77
57
72
57
78
61
72
61
78
59
80
63
79
64
79
