592
2
57
3
62
4
57
6
56
6
58
6
59
7
62
8
57
9
56
9
58
10
63
11
56
11
59
12
60
13
61
14
65
15
64
16
66
17
67
18
68
19
71
20
69
23
70
28
73
29
75
30
72
33
74
34
76
35
78
35
79
36
77
37
78
37
79
38
80
39
85
40
81
40
82
41
81
41
82
42
81
42
82
42
83
42
84
43
81
43
83
43
84
44
81
44
82
45
86
46
88
47
89
48
87
49
90
51
88
52
91
53
92
54
93
55
94
56
95
56
97
56
98
57
96
58
95
58
97
59
95
59
98
60
102
62
99
63
100
64
101
65
103
67
104
68
105
70
107
71
106
72
108
73
109
74
110
75
111
76
112
77
113
78
114
79
115
80
116
81
117
81
119
82
117
82
119
83
119
84
119
85
118
86
120
87
121
88
122
89
123
91
124
92
125
93
126
99
133
100
133
100
135
100
140
101
135
101
140
103
127
105
128
107
136
108
141
111
129
112
137
114
130
114
138
115
138
116
142
118
134
122
131
123
132
126
139
142
158
146
163
147
164
147
169
153
170
153
171
154
167
154
174
155
168
156
175
157
166
157
177
60
133
61
140
62
133
62
135
63
133
63
135
63
140
64
135
64
140
65
127
68
128
70
136
72
141
75
129
76
137
78
130
78
138
79
130
79
138
80
142
83
134
84
134
85
134
88
131
88
132
89
131
89
132
90
139
93
139
94
139
56
143
56
152
57
143
57
152
57
157
58
143
58
152
59
143
59
152
60
157
66
144
66
153
67
144
67
153
73
145
74
150
77
154
77
155
78
155
80
158
81
146
81
147
82
146
82
147
83
146
83
147
84
146
84
147
85
146
86
151
86
156
87
151
87
156
91
148
91
149
92
148
92
149
93
148
93
149
95
143
95
152
96
143
96
152
96
157
97
143
97
152
98
143
98
152
102
157
104
153
109
145
110
150
113
154
113
155
114
155
116
158
117
146
117
147
118
146
119
146
119
147
120
151
120
156
121
151
121
156
124
148
124
149
125
148
125
149
95
160
95
166
95
177
96
166
96
177
97
160
97
166
97
177
98
160
98
166
98
177
99
166
99
177
102
166
102
177
104
170
104
171
105
161
107
172
110
162
111
162
112
173
113
167
113
168
113
174
114
168
115
168
116
178
117
163
117
164
117
169
118
163
119
163
119
164
119
169
120
175
121
175
122
165
123
165
124
165
125
176
126
159
126
176
128
161
129
162
130
168
131
165
137
173
139
176
127
180
132
183
135
189
135
192
136
190
140
189
140
192
143
179
143
188
144
181
145
182
148
184
148
185
149
184
149
185
151
187
152
179
152
188
