892
0
46
0
49
1
47
2
51
3
49
6
50
7
52
8
53
9
54
10
55
10
56
10
57
11
55
11
56
11
57
12
55
12
56
12
57
13
59
14
61
15
58
16
60
17
62
20
69
21
63
22
64
23
65
23
67
24
66
24
68
25
67
26
66
26
68
28
70
29
71
29
72
29
75
30
71
30
72
30
75
31
73
32
74
33
79
34
71
34
72
34
75
35
76
36
77
37
78
38
80
39
81
40
84
41
82
42
85
44
86
46
89
47
90
47
91
50
93
51
92
53
97
54
98
55
94
55
96
56
94
56
95
56
96
57
94
57
95
57
96
58
100
61
99
62
102
63
103
64
104
64
107
65
107
66
105
66
106
67
108
68
105
68
106
70
109
71
110
71
111
71
115
72
110
72
111
72
115
73
112
74
113
75
110
75
111
75
115
76
119
76
120
76
122
77
116
78
117
79
114
80
123
81
121
82
125
84
124
85
127
86
126
88
128
92
130
92
138
93
131
93
150
98
139
99
140
99
144
99
145
100
140
100
145
102
132
105
133
106
133
107
146
108
143
108
146
109
134
112
135
114
135
114
136
116
147
117
136
117
147
121
137
126
148
127
149
151
182
153
182
154
177
154
185
155
186
156
178
157
178
158
178
160
183
162
181
162
189
167
184
168
177
168
185
169
177
169
185
174
181
174
189
178
196
50
131
50
150
51
130
51
138
54
139
58
140
58
144
58
145
59
140
59
144
59
145
60
141
60
144
61
140
61
144
61
145
62
132
64
146
65
146
66
133
67
143
67
146
68
133
69
142
69
143
69
146
70
134
73
135
73
136
74
135
77
136
77
147
78
136
78
147
79
135
79
136
79
147
80
137
81
137
85
149
86
148
46
151
46
152
46
153
47
152
48
152
49
151
49
152
51
153
53
164
53
168
54
164
55
154
55
168
55
169
56
154
56
168
56
169
57
154
57
168
57
169
63
156
63
157
63
158
64
156
64
157
64
158
65
156
65
157
65
158
67
157
67
158
71
159
71
165
71
166
71
171
71
172
72
159
72
165
72
166
72
171
72
172
74
159
74
165
74
166
74
172
75
159
75
165
75
166
75
171
75
172
76
160
76
173
77
161
77
173
78
161
80
162
80
167
80
174
81
167
82
162
82
167
82
174
83
160
84
162
84
174
86
163
86
175
87
152
88
163
88
175
89
151
89
153
90
152
91
152
92
153
94
154
94
168
94
169
95
154
95
168
95
169
96
154
96
168
96
169
97
164
97
168
98
164
101
155
103
156
103
157
103
158
104
156
104
157
104
158
107
156
107
157
107
158
110
159
110
165
110
166
110
171
110
172
111
159
111
165
111
166
111
172
113
159
113
165
113
166
113
172
115
159
115
165
115
166
115
171
115
172
116
161
116
173
117
161
118
161
118
173
119
160
120
160
121
167
122
160
123
167
124
162
124
174
125
162
125
167
125
174
126
163
126
175
128
163
128
175
89
182
90
182
91
182
92
176
92
182
93
176
94
177
94
185
95
177
95
185
96
177
96
185
97
177
97
185
99
190
100
190
101
186
103
178
103
187
104
178
104
187
105
178
106
178
107
178
107
187
108
178
108
187
110
179
111
179
112
179
112
180
112
188
112
191
113
179
113
188
114
179
114
180
114
188
114
191
115
179
116
180
116
191
117
180
117
188
117
191
118
183
119
183
120
183
121
184
122
183
123
181
123
184
123
189
124
181
124
184
124
189
125
181
125
184
125
189
130
176
135
179
135
188
136
180
136
191
138
176
140
190
143
187
144
190
145
190
146
187
130
193
131
193
131
211
132
194
133
198
133
213
134
206
136
200
137
201
138
193
147
200
149
209
150
193
150
211
152
192
154
205
156
195
156
196
156
197
157
195
157
196
157
197
158
195
158
196
158
197
159
199
159
203
161
200
161
207
161
208
163
202
164
205
164
212
165
199
165
203
165
204
166
199
166
203
166
204
168
205
168
212
169
205
171
204
172
203
172
204
173
200
173
207
173
208
175
202
