1230
0
53
1
54
1
55
1
57
2
54
2
55
2
57
3
56
4
54
4
55
4
57
6
60
6
61
7
61
7
62
8
61
8
62
9
63
10
64
11
65
12
66
13
67
14
68
15
64
15
69
16
73
18
70
19
73
21
71
21
75
22
76
23
72
24
77
25
71
25
75
27
78
28
79
29
80
30
83
32
81
32
82
33
81
33
82
34
86
34
87
34
88
35
86
35
87
36
86
36
88
38
89
39
95
40
90
40
91
41
90
41
91
42
92
42
93
43
94
44
96
47
100
48
97
49
98
49
101
50
102
51
103
52
98
52
101
53
104
54
105
54
106
54
108
55
105
55
106
55
108
56
107
57
105
57
106
57
108
60
114
61
109
62
110
63
113
64
116
65
115
66
117
67
118
68
119
69
116
69
120
70
121
71
124
72
125
73
122
75
123
75
124
77
126
78
127
80
128
81
132
82
132
83
130
83
131
86
133
86
135
87
134
88
133
88
135
89
136
90
138
90
139
91
138
91
139
95
141
96
143
97
142
98
145
98
148
98
149
100
144
101
145
101
148
101
149
101
150
102
151
103
147
105
153
105
154
105
174
105
175
106
153
106
154
106
174
106
175
107
153
107
154
107
174
107
175
108
153
108
154
108
174
108
175
109
155
109
156
109
157
109
158
110
155
110
156
110
157
110
158
114
155
114
156
114
157
114
158
117
159
117
160
117
177
118
159
118
160
119
159
119
177
122
161
123
162
123
169
124
162
124
169
126
163
126
164
127
165
127
170
128
183
129
166
130
166
131
166
132
166
133
179
133
181
134
179
134
181
135
179
135
181
136
167
136
182
140
182
140
184
141
171
141
172
141
185
142
185
145
168
145
173
146
168
147
173
148
168
148
173
149
168
149
173
150
168
150
173
161
188
186
213
186
226
186
227
188
216
188
217
188
234
190
218
194
230
197
219
198
220
200
222
200
224
200
233
202
213
202
223
202
226
202
227
203
213
203
226
203
227
208
219
211
222
211
224
211
233
54
153
54
154
54
174
54
175
55
153
55
154
55
174
55
175
56
153
56
154
56
174
56
175
57
153
57
154
57
174
57
175
58
153
58
154
58
175
59
153
59
174
60
155
60
156
60
157
60
158
61
155
61
156
61
157
61
158
62
155
62
156
62
157
62
158
63
176
64
160
66
159
66
160
66
177
67
159
67
160
67
177
68
159
68
177
70
161
71
162
71
169
72
162
73
161
74
162
74
169
75
162
75
169
76
163
76
164
77
163
77
164
78
165
78
170
78
178
80
183
81
166
82
166
83
166
84
166
86
179
86
181
87
179
87
181
88
179
88
181
89
167
89
182
94
185
95
171
95
172
95
185
97
171
97
172
97
185
98
168
98
173
99
168
101
168
101
173
103
173
53
201
63
186
63
202
63
203
64
186
64
202
64
203
65
186
65
202
65
203
69
186
69
202
69
203
70
187
70
188
70
204
71
205
72
189
72
191
72
192
72
205
73
188
74
205
75
191
75
192
75
205
80
193
80
206
81
194
81
209
81
210
82
194
82
209
82
210
84
194
86
209
86
210
86
212
87
209
87
210
87
212
88
209
88
210
88
212
90
195
90
196
91
195
91
196
92
195
92
196
93
195
93
196
94
197
94
198
94
208
96
197
96
198
96
208
97
197
97
208
98
200
98
211
100
197
100
198
100
208
101
200
101
211
102
199
103
200
103
211
104
201
113
186
113
202
113
203
115
186
115
202
115
203
116
186
116
202
116
203
120
186
120
202
120
203
121
187
121
188
121
204
122
188
123
205
124
205
125
189
125
191
125
192
125
205
128
193
128
206
132
194
132
210
133
209
133
212
134
209
134
210
134
212
135
209
135
212
137
195
137
196
138
195
138
196
139
195
139
196
142
197
142
208
143
197
143
198
143
208
144
197
144
198
145
200
145
211
147
200
147
211
148
200
148
211
149
200
149
211
150
200
150
211
151
199
152
199
105
225
106
225
107
225
108
225
113
213
113
223
113
226
113
227
115
213
115
223
115
226
115
227
116
213
116
215
116
223
116
226
116
227
117
214
117
215
117
228
118
214
118
215
118
228
119
214
119
215
119
228
120
213
120
215
120
223
120
226
120
227
121
216
121
217
121
234
122
216
122
217
122
234
126
218
127
229
127
235
128
235
129
230
130
230
131
230
132
230
136
236
137
232
138
232
139
232
140
236
141
232
142
219
143
219
143
220
144
219
144
220
145
221
145
222
145
224
145
233
146
221
146
224
147
221
147
222
147
224
147
233
148
221
148
222
148
224
148
233
149
221
149
222
149
224
149
233
150
221
150
222
150
224
150
233
152
222
152
233
153
225
154
225
159
214
159
215
159
228
160
214
160
215
161
216
161
217
161
234
165
229
166
230
168
221
170
229
170
235
173
221
173
222
173
224
173
233
174
225
176
223
177
214
177
228
178
229
178
235
180
231
182
236
183
235
153
237
153
238
154
237
154
238
155
239
155
240
155
252
156
239
156
240
156
251
156
252
157
239
157
240
157
252
158
239
158
240
158
251
158
252
162
242
162
253
162
254
163
243
163
244
164
244
165
245
166
260
169
242
169
253
169
254
171
255
174
237
174
238
175
237
175
238
179
257
179
258
179
259
179
261
179
262
180
263
181
257
181
258
181
259
181
261
181
262
183
246
184
249
184
264
185
255
186
256
187
241
193
246
195
248
195
249
195
265
196
248
196
249
196
264
196
265
199
250
203
256
204
241
205
242
205
254
207
247
208
255
209
259
212
259
212
261
