244
0
15
1
17
2
16
3
18
4
19
4
20
5
19
5
20
6
21
7
22
7
23
8
22
8
23
9
24
10
25
11
26
12
28
13
29
14
27
15
31
16
32
17
33
18
34
19
35
19
36
20
35
20
36
21
37
22
38
22
39
23
38
23
39
24
40
25
41
26
42
27
46
28
44
29
45
30
49
32
51
33
52
33
53
34
52
34
53
38
55
38
56
39
55
39
56
42
57
45
54
49
54
50
54
61
68
65
69
66
76
16
51
17
52
17
53
18
52
18
53
22
55
22
56
23
55
23
56
26
57
29
54
30
54
19
58
19
59
19
60
20
58
20
59
20
60
21
62
24
63
25
64
27
61
29
61
30
61
35
58
35
59
35
60
36
58
36
59
36
60
37
62
40
63
41
64
46
61
49
61
50
61
33
65
34
65
38
66
39
66
42
67
43
67
44
67
45
68
46
68
48
68
49
68
50
68
52
65
53
65
55
66
56
66
57
67
51
71
52
69
52
72
53
69
53
72
54
73
55
76
56
76
58
70
58
74
59
70
59
74
60
70
60
74
