794
0
55
1
56
6
57
6
58
7
61
8
59
9
60
10
67
10
76
11
62
12
61
13
63
15
79
17
69
17
77
18
78
18
82
19
70
20
67
21
71
21
73
22
70
23
80
24
84
25
81
25
83
26
85
27
81
27
83
28
86
29
87
30
88
31
89
32
90
33
90
34
91
35
92
38
93
39
94
41
95
43
97
44
97
44
98
45
98
45
99
46
99
47
96
52
100
53
101
55
103
56
104
57
105
57
106
58
105
58
106
59
108
60
107
60
109
61
111
63
110
63
112
67
113
69
116
70
114
72
116
75
116
76
113
77
116
78
117
79
115
80
118
81
119
81
120
82
117
83
119
83
120
84
121
85
122
86
123
87
124
88
125
89
126
89
128
90
127
91
129
92
130
93
131
94
131
95
132
97
133
98
134
99
135
100
136
101
137
104
138
105
139
105
155
106
139
106
155
107
139
107
155
108
155
109
139
109
155
110
140
111
140
112
140
113
141
113
152
114
141
114
152
115
143
116
152
117
143
118
142
118
153
118
154
118
156
119
142
119
153
119
154
119
156
120
142
120
153
120
154
120
156
121
144
126
145
126
146
126
147
127
145
127
146
127
147
128
145
128
146
128
147
129
148
130
149
132
150
163
189
165
185
165
186
166
185
166
186
168
188
171
185
171
186
172
190
175
191
177
185
177
186
182
201
56
138
57
139
57
155
58
139
58
155
59
155
60
139
60
155
61
140
62
140
63
140
67
141
67
152
69
152
70
141
70
152
71
141
71
152
72
152
73
141
73
152
74
141
75
152
76
141
76
152
77
152
78
143
79
143
80
142
80
153
80
154
80
156
81
142
81
153
81
154
81
156
82
143
83
142
83
153
83
154
83
156
84
144
89
145
89
146
89
147
90
145
90
146
90
147
91
148
91
149
92
149
95
150
54
167
55
160
55
167
57
173
57
174
58
173
58
174
59
173
59
174
60
173
60
174
61
176
62
175
62
176
63
176
64
175
64
176
67
161
68
161
68
168
69
161
70
161
71
161
72
161
73
161
75
161
76
161
77
161
78
168
79
168
82
168
83
162
85
162
86
163
86
164
86
169
87
163
87
169
88
164
88
169
90
163
93
170
94
170
96
165
96
166
96
171
97
165
97
166
97
171
97
177
98
165
98
166
98
171
98
177
99
165
99
166
99
171
99
177
100
172
102
167
103
160
106
174
107
173
107
174
108
173
108
174
109
173
109
174
110
176
111
176
112
176
113
161
114
161
115
168
116
161
122
162
123
163
123
169
124
163
124
169
125
164
125
169
131
170
133
165
133
166
133
171
133
177
134
165
134
166
134
171
134
177
135
165
135
166
135
171
135
177
136
172
102
187
105
178
106
178
107
178
108
178
109
178
110
178
111
178
115
188
116
188
117
179
117
188
118
179
118
192
119
179
119
192
120
179
120
192
121
180
122
180
123
189
124
181
124
189
126
181
126
182
126
189
127
181
127
182
127
189
128
181
128
182
128
189
129
183
132
184
133
185
133
186
134
185
134
186
135
185
135
186
136
190
137
187
139
178
142
179
142
192
144
180
145
181
145
182
146
181
146
182
147
182
148
183
150
184
153
179
153
192
154
179
154
192
156
179
156
192
138
194
139
212
140
195
140
208
141
197
143
198
145
201
146
201
147
201
147
202
149
209
152
196
155
206
155
207
155
210
155
211
155
212
160
193
161
196
162
199
164
200
164
203
169
203
170
204
173
205
173
206
173
207
173
210
173
211
173
212
174
205
174
206
174
207
174
210
174
211
174
212
176
195
176
208
