538
0
44
2
47
5
45
6
47
7
46
8
48
9
49
11
50
12
51
12
53
13
52
14
54
17
55
18
55
18
56
19
58
20
60
21
59
22
62
22
63
25
61
28
64
29
65
29
66
30
64
31
65
31
66
32
65
32
66
33
75
33
76
34
67
35
78
37
68
37
72
38
77
39
43
40
80
41
79
42
81
43
82
44
83
45
84
46
85
47
86
48
87
49
88
50
89
51
90
52
91
53
90
54
93
55
95
56
96
58
94
59
97
60
98
61
99
64
100
65
101
65
102
66
101
66
102
68
106
69
107
72
106
75
104
76
104
77
107
78
105
79
108
80
110
81
109
82
113
86
116
89
117
93
118
95
111
95
119
96
111
96
119
97
120
98
114
98
122
100
115
104
112
105
121
127
141
129
145
130
145
131
144
131
146
133
149
134
142
134
150
135
151
135
152
136
151
136
152
139
154
43
113
47
116
50
117
54
118
55
111
55
119
56
111
56
119
57
111
59
120
60
114
60
122
62
114
62
122
63
114
63
122
64
115
70
112
71
112
74
112
75
112
76
112
78
121
44
123
44
137
45
123
45
127
45
137
46
123
46
127
46
137
48
138
49
128
51
129
51
130
51
131
52
129
52
130
52
131
53
129
53
130
53
131
57
139
58
139
61
140
65
126
65
132
66
126
66
132
67
133
68
124
68
125
68
134
69
124
69
125
69
134
70
124
70
125
71
124
71
125
71
134
72
124
72
125
72
134
73
124
73
125
73
134
74
124
74
125
75
124
75
125
76
124
76
125
77
124
77
125
77
134
78
133
79
135
79
136
81
135
81
136
83
123
83
137
84
123
84
127
84
137
85
123
85
127
85
137
87
138
88
128
90
129
90
130
90
131
91
129
91
130
91
131
92
139
94
139
99
140
101
126
101
132
102
126
102
132
103
133
105
133
106
124
106
125
106
134
107
124
107
125
107
134
108
135
108
136
109
135
109
136
83
141
84
141
85
141
89
143
90
144
90
145
90
146
91
144
91
145
91
146
92
153
92
154
93
153
94
154
95
147
95
148
96
147
96
148
97
147
97
148
103
149
104
149
105
149
106
142
106
150
107
142
107
150
108
151
108
152
109
151
109
152
111
147
117
143
118
153
119
147
120
148
121
149
111
158
112
156
112
157
116
162
119
158
123
155
123
161
124
156
125
156
126
160
127
161
128
159
132
160
137
155
137
161
140
163
