254
1
27
2
28
2
29
2
30
3
28
3
29
3
30
9
31
10
32
13
34
14
34
15
35
17
36
18
37
18
38
19
39
20
46
21
44
22
45
23
47
25
51
26
51
28
49
28
52
29
49
29
52
30
50
30
52
31
53
32
56
33
54
34
55
35
57
36
58
37
59
37
60
38
59
38
60
39
59
39
60
44
61
45
63
46
62
47
48
47
64
48
65
56
67
57
68
61
69
62
66
64
65
70
78
71
79
72
80
74
83
74
85
75
83
75
85
32
67
35
68
44
69
46
66
47
65
25
72
26
72
27
72
27
73
27
76
28
72
28
73
28
76
29
72
29
73
29
76
30
72
30
73
30
76
34
71
37
74
37
75
38
74
38
75
39
74
39
75
40
74
40
75
45
70
49
72
49
73
49
76
50
72
50
73
50
76
51
72
52
72
52
73
52
76
55
71
59
74
59
75
60
74
60
75
63
70
48
77
49
80
50
80
51
80
52
80
55
79
56
79
57
82
59
83
59
85
60
83
60
85
61
84
63
78
64
77
65
77
68
82
69
84
66
86
67
88
73
87
73
89
76
87
76
89
