170
0
14
3
16
4
17
5
18
6
19
9
20
10
21
11
22
12
23
14
24
16
25
18
26
19
27
20
28
21
29
22
30
23
31
24
40
30
41
31
33
31
34
31
35
31
38
31
39
32
33
32
34
32
35
32
38
32
39
42
52
43
53
44
53
45
54
46
54
48
53
50
57
51
58
52
59
14
40
20
37
22
41
23
33
23
34
23
35
23
38
23
39
17
49
18
49
19
47
20
43
20
44
20
48
21
50
26
49
27
47
28
43
28
44
28
48
29
50
28
53
29
57
31
55
31
56
32
55
32
56
33
55
33
56
34
55
34
56
35
55
35
56
38
55
38
56
39
55
39
56
42
59
33
63
34
63
35
63
38
63
39
63
40
60
41
62
47
64
49
61
