214
0
17
1
18
2
19
2
20
3
19
3
20
4
21
5
22
6
22
7
23
8
25
9
24
10
26
11
27
13
28
16
29
17
30
18
31
19
32
19
33
20
32
20
33
21
34
23
35
24
36
25
37
26
38
27
39
28
40
29
41
32
45
32
46
33
45
33
46
34
45
34
46
36
47
37
42
37
43
37
44
38
48
39
49
40
50
41
51
53
62
54
62
57
61
58
61
19
45
19
46
20
45
20
46
21
45
21
46
24
47
25
42
25
43
25
44
26
48
26
49
27
48
27
49
28
50
29
51
17
53
17
54
18
53
18
54
19
55
20
55
22
59
23
56
30
53
30
54
31
53
31
54
32
55
33
55
35
56
30
62
31
62
32
63
32
64
33
63
33
64
34
63
34
64
36
65
38
66
39
66
45
63
45
64
46
63
46
64
47
65
49
66
42
69
43
69
44
69
45
68
48
73
50
70
51
71
53
67
54
67
55
68
56
72
