206
0
17
1
18
2
19
4
22
5
20
6
23
7
24
9
25
11
27
11
28
12
30
14
29
15
31
16
32
17
33
18
34
20
35
20
36
22
37
23
38
24
39
25
41
27
43
28
43
29
46
30
44
31
47
32
48
35
49
36
49
37
50
38
51
41
58
43
53
44
54
44
55
45
54
45
55
48
56
61
68
63
72
64
72
67
74
70
74
20
49
21
49
22
50
23
51
25
58
27
52
27
53
28
52
28
53
29
55
30
54
30
55
32
56
18
63
18
64
19
63
19
64
24
59
24
60
29
61
31
62
34
63
34
64
39
59
39
60
40
60
45
61
46
61
47
62
34
72
35
71
36
71
37
69
38
65
43
66
44
67
44
70
45
67
45
68
45
70
46
67
46
68
46
70
49
71
50
69
51
65
53
66
54
67
54
70
55
67
55
70
54
74
55
74
57
76
58
78
59
73
59
77
60
73
62
75
