312
1
22
2
23
3
24
5
26
6
25
8
28
9
30
10
31
11
32
12
33
13
34
14
37
16
35
17
36
19
38
20
39
21
40
22
41
22
42
23
41
23
42
24
43
25
44
28
46
30
49
31
50
32
51
33
52
34
53
35
54
36
55
38
56
39
57
40
58
41
59
41
60
42
59
42
60
44
61
44
70
45
62
48
74
49
63
51
64
51
65
51
66
53
67
55
75
57
68
58
69
80
92
80
95
83
95
84
96
85
93
85
97
86
98
89
101
22
59
22
60
23
59
23
60
25
61
25
70
26
61
26
70
26
73
27
62
27
71
29
74
30
63
32
64
32
65
32
66
34
67
36
75
36
76
37
75
37
76
39
68
40
69
22
77
23
77
24
77
24
85
28
86
31
79
31
81
33
79
33
81
35
80
35
82
35
83
36
80
36
83
38
87
40
84
41
77
42
77
43
85
46
86
50
79
50
81
52
79
52
81
54
80
54
83
55
83
56
87
58
84
41
93
41
97
42
93
42
97
43
93
43
97
44
88
44
94
44
98
45
89
46
98
51
90
53
91
54
92
54
95
55
92
55
95
57
99
58
96
58
99
61
88
61
94
62
89
64
90
65
90
66
90
67
91
69
96
69
99
70
88
70
94
59
100
60
100
62
101
63
102
68
104
74
109
75
110
76
110
77
100
78
108
79
103
79
106
81
103
81
106
87
111
