190
0
16
1
16
2
16
3
16
4
20
5
17
6
18
8
22
9
21
12
26
14
27
15
28
17
33
17
34
18
30
20
32
22
35
26
41
28
42
30
44
31
46
32
45
32
46
32
47
32
51
32
54
33
46
33
47
33
54
34
46
35
45
35
47
35
51
35
54
39
53
40
53
41
49
41
55
42
43
56
58
57
61
57
64
17
45
17
46
17
47
17
51
17
54
18
44
20
45
20
46
20
47
20
51
20
54
21
50
22
45
22
46
22
47
22
51
22
54
25
53
26
49
26
55
27
49
27
55
28
43
29
58
30
59
31
60
32
60
33
60
34
60
35
60
39
63
40
63
41
65
44
59
46
60
47
60
48
61
48
63
49
65
50
62
52
61
52
63
54
60
43
70
45
73
49
69
50
66
50
67
50
68
50
71
50
72
50
73
55
69
