320
2
29
3
29
4
31
5
30
7
34
7
35
9
33
12
37
13
39
15
40
16
45
18
49
19
50
20
46
21
46
22
51
28
53
29
54
30
57
31
55
33
60
34
58
35
58
36
61
39
65
39
67
40
68
41
69
45
71
46
74
49
72
49
73
54
89
61
81
63
83
64
83
64
84
66
83
66
84
70
90
71
86
74
87
91
107
92
108
96
111
100
112
101
108
115
123
29
89
33
80
36
81
37
82
37
83
37
84
38
82
38
83
38
84
45
86
46
87
26
104
27
104
30
95
31
95
33
91
34
91
35
91
38
97
38
98
39
92
39
99
39
100
39
101
40
92
40
93
40
99
40
100
40
101
41
92
41
93
41
99
41
101
46
94
47
102
49
94
50
102
55
95
57
95
58
91
59
91
62
96
62
98
63
100
65
92
65
99
65
100
65
101
67
92
67
100
67
101
68
92
68
93
68
99
68
100
68
101
69
92
69
93
69
99
69
101
72
94
73
94
74
94
75
102
76
94
77
102
55
109
57
106
57
109
58
107
58
116
59
107
59
116
60
107
60
116
61
110
62
111
63
108
63
112
65
108
65
112
66
112
67
108
67
112
68
108
68
112
69
108
69
113
70
113
70
114
71
115
72
115
73
115
74
115
81
110
85
113
87
115
88
105
90
114
85
121
86
122
87
123
88
117
92
118
92
120
93
118
94
119
99
118
99
120
101
118
101
120
102
124
