525
0.8272080421447754
0.37825149297714233
0.4176446497440338
3.0
0.0
0.8508684635162354
0.7674407362937927
-1.5626280307769775
4.0
0.0
0.8197190761566162
1.005411148071289
0.29629865288734436
4.0
0.0
0.8192060589790344
1.5597293376922607
-2.408931016921997
5.0
0.0
0.8251770734786987
1.9678668975830078
-0.12768132984638214
4.0
0.0
0.8412385582923889
2.382516860961914
-3.360032081604004
6.0
0.0
0.8209103941917419
2.547297954559326
-2.5919947624206543
4.0
0.0
0.8194620609283447
2.637437105178833
0.48245999217033386
4.0
0.0
0.8194620609283447
-3.1221494674682617
-2.5026938915252686
6.0
0.0
0.822628378868103
3.0441553592681885
1.0485676527023315
5.0
0.0
0.8822919130325317
-3.0045266151428223
-1.7497639656066895
4.0
0.0
0.8192095756530762
-2.6182327270507812
-1.18531334400177
4.0
0.0
0.8200934529304504
-2.053652286529541
-1.5938173532485962
2.0
0.0
0.8829350471496582
-1.9591461420059204
-3.4079995155334473
7.0
0.0
0.8247022032737732
-1.692470908164978
0.9499313235282898
3.0
0.0
0.822458803653717
-1.1423566341400146
-1.04885995388031
4.0
0.0
0.8759536147117615
-1.4152092933654785
-0.37134799361228943
2.0
0.0
0.8206133842468262
-1.112036943435669
3.094069719314575
8.0
0.0
0.8901156187057495
-0.9315359592437744
-1.7465475797653198
5.0
0.0
1.0711389780044556
0.38444840908050537
0.7267326712608337
3.0
1.0
1.0724256038665771
0.7667667269706726
-1.808243989944458
4.0
1.0
1.1063363552093506
1.004473090171814
0.6190320253372192
4.0
1.0
1.0720887184143066
1.5547922849655151
-2.9565200805664062
6.0
1.0
1.0692795515060425
1.9723197221755981
0.01851864717900753
4.0
1.0
1.0683521032333374
2.3748607635498047
-4.095397472381592
7.0
1.0
1.1136807203292847
2.552814483642578
-3.2879066467285156
6.0
1.0
1.0907618999481201
2.631425142288208
0.8432053327560425
4.0
1.0
1.0687240362167358
-3.1270084381103516
-3.0679244995117188
5.0
1.0
1.0685746669769287
-3.1253933906555176
-3.0590224266052246
3.0
1.0
1.084889531135559
3.0499234199523926
1.5767606496810913
6.0
1.0
1.0822101831436157
-2.8274810314178467
-3.373384952545166
5.0
1.0
1.1093074083328247
-2.9318454265594482
-3.304476022720337
4.0
1.0
1.1355266571044922
-3.002333641052246
-2.0704293251037598
4.0
1.0
1.1431816816329956
-2.627272367477417
-1.4055880308151245
4.0
1.0
1.0701476335525513
-1.9630078077316284
-3.9975826740264893
8.0
1.0
1.0865572690963745
-2.062852621078491
-1.9076600074768066
2.0
1.0
1.0933533906936646
-1.698663592338562
1.4591946601867676
4.0
1.0
1.1291717290878296
-1.4160369634628296
-0.2974357604980469
3.0
1.0
1.0975697040557861
-0.9291648268699646
-2.0090253353118896
4.0
1.0
1.0973522663116455
-0.9283727407455444
-2.005126714706421
4.0
1.0
1.1860586404800415
-1.14008629322052
-1.2370681762695312
5.0
1.0
1.4265414476394653
0.3938208520412445
1.1765413284301758
2.0
2.0
1.3964333534240723
0.7655277252197266
-2.167083740234375
3.0
2.0
1.438045859336853
1.0027827024459839
0.9913546442985535
4.0
2.0
1.3428006172180176
1.5473101139068604
-3.5438754558563232
6.0
2.0
1.4194432497024536
1.9772024154663086
0.22758467495441437
2.0
2.0
1.4473408460617065
2.558772325515747
-4.0818915367126465
6.0
2.0
1.409660816192627
2.623786211013794
1.2679975032806396
3.0
2.0
1.366726279258728
2.7224817276000977
1.6727653741836548
8.0
2.0
1.4047431945800781
2.633420467376709
1.8928310871124268
7.0
2.0
1.3360847234725952
-3.1333625316619873
-3.6764299869537354
6.0
2.0
1.3602181673049927
3.055769205093384
2.13183331489563
4.0
2.0
1.4417614936828613
-3.0872902870178223
-4.08237886428833
6.0
2.0
1.394484043121338
-3.0002241134643555
-2.396942615509033
4.0
2.0
1.3718141317367554
-2.632134199142456
-1.5606787204742432
4.0
2.0
1.4017326831817627
-2.072906255722046
-2.2794952392578125
6.0
2.0
1.377227544784546
-1.7036155462265015
1.9975730180740356
4.0
2.0
1.3883730173110962
-1.4159590005874634
-0.22173666954040527
2.0
2.0
1.3346765041351318
-0.9266038537025452
-2.3082480430603027
2.0
2.0
1.4053255319595337
-1.1376487016677856
-1.3510066270828247
4.0
2.0
2.416752338409424
-3.0067059993743896
-4.0333333015441895
2.0
3.0
2.4162309169769287
-3.008305311203003
-3.5
3.0
3.0
2.3961126804351807
-2.651095151901245
-2.433333396911621
1.0
3.0
2.394859552383423
-2.101451873779297
-3.5
5.0
3.0
2.4164040088653564
-0.9133771061897278
-3.5
2.0
3.0
2.402620792388916
-1.1279054880142212
-1.899999976158142
1.0
3.0
2.3986868858337402
1.5138593912124634
-6.0333333015441895
1.0
3.0
2.3950765132904053
3.126394271850586
-6.0333333015441895
2.0
3.0
2.407907247543335
0.41921094059944153
2.433333396911621
1.0
3.0
2.4095828533172607
0.6344255805015564
2.433333396911621
1.0
3.0
2.397982358932495
0.9956731200218201
1.899999976158142
1.0
3.0
2.407907247543335
1.9900072813034058
0.8333333134651184
1.0
3.0
2.3966283798217773
2.055330276489258
1.3666666746139526
6.0
3.0
2.39481258392334
2.0911381244659424
1.3666666746139526
4.0
3.0
2.39536452293396
2.5962836742401123
2.433333396911621
2.0
3.0
2.3997914791107178
3.0770840644836426
4.0333333015441895
1.0
3.0
2.577125310897827
0.7576504945755005
-3.5
1.0
4.0
2.5918173789978027
-2.989861011505127
-4.0333333015441895
1.0
4.0
2.596553087234497
-0.9108932614326477
-4.0333333015441895
2.0
4.0
2.583700656890869
0.7088439464569092
1.899999976158142
2.0
4.0
2.5918173789978027
-1.7225278615951538
4.0333333015441895
1.0
4.0
2.5896151065826416
-1.4110811948776245
0.30000001192092896
1.0
4.0
3.227185010910034
0.7527633309364319
-4.0333333015441895
1.0
5.0
3.2358245849609375
-2.6688594818115234
-2.9666666984558105
1.0
5.0
3.231046199798584
-1.1193208694458008
-2.433333396911621
2.0
5.0
3.2363507747650146
1.488760232925415
-7.366666793823242
2.0
5.0
3.2360334396362305
-0.7045631408691406
-6.699999809265137
3.0
5.0
3.2289295196533203
0.43901580572128296
3.5
1.0
5.0
3.2276833057403564
2.000558376312256
1.3666666746139526
2.0
5.0
3.2284646034240723
3.098493814468384
6.0333333015441895
1.0
5.0
3.42643404006958
-3.009026050567627
-5.366666793823242
2.0
6.0
3.424306631088257
-2.998417615890503
-5.366666793823242
2.0
6.0
3.4226765632629395
-2.988556146621704
-5.366666793823242
4.0
6.0
3.4218878746032715
-2.982862710952759
-4.699999809265137
1.0
6.0
3.419689178466797
-2.9566478729248047
-4.699999809265137
6.0
6.0
3.4195022583007812
-2.94980525970459
-4.699999809265137
2.0
6.0
3.4222946166992188
-2.1191885471343994
-4.699999809265137
1.0
6.0
3.43076491355896
-0.9005687832832336
-4.699999809265137
2.0
6.0
3.4241015911102295
-0.6410857439041138
-5.366666793823242
3.0
6.0
3.4256300926208496
0.649044394493103
1.899999976158142
2.0
6.0
3.4201607704162598
0.6091952323913574
3.5
1.0
6.0
3.4194867610931396
0.9851692914962769
2.9666666984558105
1.0
6.0
3.419719696044922
2.564709186553955
4.0333333015441895
2.0
6.0
3.4212098121643066
-1.406370759010315
0.30000001192092896
2.0
6.0
3.4212515354156494
-1.7348421812057495
6.0333333015441895
1.0
6.0
