220
0.8208603262901306
0.5812426805496216
0.13206732273101807
10.0
0.0
0.8211772441864014
1.4952610731124878
0.5091654062271118
9.0
0.0
0.8822919130325317
1.7078624963760376
3.200674057006836
2.0
0.0
0.879655122756958
2.239027261734009
3.6111273765563965
2.0
0.0
0.8264787793159485
2.479088306427002
4.02901554107666
4.0
0.0
0.8196620345115662
3.101809024810791
3.9184722900390625
3.0
0.0
0.8194053769111633
-2.123067855834961
3.040341377258301
4.0
0.0
0.879927396774292
-0.9033557176589966
2.971952199935913
3.0
0.0
0.8218591213226318
-0.08658042550086975
2.2533743381500244
5.0
0.0
1.116342306137085
0.5816460847854614
-1.162408709526062
10.0
1.0
1.1378806829452515
1.7045180797576904
3.040341377258301
2.0
1.0
1.089988350868225
2.2419354915618896
3.577988624572754
2.0
1.0
1.1418812274932861
2.480738639831543
4.1408586502075195
4.0
1.0
1.078361988067627
3.0837693214416504
3.964200258255005
4.0
1.0
1.098189353942871
-2.109504461288452
2.7965121269226074
3.0
1.0
1.09089195728302
-0.9034010767936707
2.7853035926818848
6.0
1.0
1.0855839252471924
-0.09490915387868881
1.7731560468673706
4.0
1.0
1.3483304977416992
0.5827127695083618
-2.180636405944824
7.0
2.0
1.3506817817687988
1.5165541172027588
-1.5950627326965332
9.0
2.0
1.399329423904419
1.7019399404525757
2.876434803009033
3.0
2.0
1.4462522268295288
2.246311664581299
3.5214579105377197
2.0
2.0
1.3446892499923706
2.4819107055664062
4.212009429931641
4.0
2.0
1.3587716817855835
3.060258150100708
4.013177394866943
4.0
2.0
1.4124150276184082
-2.0938611030578613
2.5218186378479004
4.0
2.0
1.4521061182022095
-0.9043111801147461
2.46614408493042
4.0
2.0
1.3656070232391357
-0.10177642852067947
1.2637739181518555
6.0
2.0
2.4145376682281494
-0.12795090675354004
-0.8333333134651184
1.0
3.0
2.400395393371582
0.5918906331062317
-6.699999809265137
2.0
3.0
2.3949410915374756
1.5599398612976074
-6.0333333015441895
2.0
3.0
2.4125967025756836
1.6923339366912842
2.433333396911621
1.0
3.0
2.3972294330596924
-2.0493695735931396
1.899999976158142
1.0
3.0
2.413879632949829
2.4921796321868896
4.699999809265137
1.0
3.0
2.576857805252075
-0.8091114163398743
-1.3666666746139526
1.0
4.0
2.576768398284912
-0.807598352432251
-0.8333333134651184
2.0
4.0
2.587578058242798
2.2621068954467773
3.5
1.0
4.0
2.5806965827941895
2.939269542694092
4.0333333015441895
2.0
4.0
2.5762174129486084
-0.7773241996765137
0.8333333134651184
4.0
4.0
2.5954298973083496
-0.9074146747589111
1.3666666746139526
1.0
4.0
3.2371091842651367
2.2713565826416016
3.5
1.0
5.0
3.2284088134765625
-2.0061919689178467
0.8333333134651184
2.0
5.0
3.4226205348968506
-0.15341602265834808
-2.433333396911621
1.0
6.0
3.431298017501831
1.6840788125991821
1.3666666746139526
1.0
6.0
3.4282824993133545
-0.9100176692008972
0.8333333134651184
1.0
6.0
3.4230828285217285
2.506575107574463
4.699999809265137
1.0
6.0
