555
0.9074545502662659
0.0728483572602272
0.5361853241920471
4.0
0.0
0.8444598913192749
0.2723211646080017
3.0297417640686035
8.0
0.0
0.8211703300476074
0.9717832803726196
0.5831317901611328
3.0
0.0
0.8393274545669556
0.8216829299926758
1.1858006715774536
4.0
0.0
0.8489910960197449
0.7754309773445129
3.5982794761657715
11.0
0.0
0.8518442511558533
1.2869887351989746
-1.7653586864471436
4.0
0.0
0.8780328035354614
1.196581244468689
-0.3572153151035309
2.0
0.0
0.8643405437469482
1.2401174306869507
2.002690076828003
6.0
0.0
0.8626689910888672
2.2931227684020996
-2.5338070392608643
5.0
0.0
0.8197072744369507
2.6472716331481934
-1.4299546480178833
4.0
0.0
0.8620810508728027
2.2951955795288086
0.521565318107605
4.0
0.0
0.8192074298858643
2.6065988540649414
3.9499213695526123
10.0
0.0
0.8584796190261841
2.831853151321411
-2.5666534900665283
6.0
0.0
0.8209081888198853
-3.083040952682495
-1.2221882343292236
3.0
0.0
0.8194156289100647
3.1123733520507812
-0.7720546722412109
2.0
0.0
0.8443241119384766
2.890958547592163
-0.3145736753940582
4.0
0.0
0.8416022062301636
2.9042723178863525
2.5292370319366455
9.0
0.0
0.9020668268203735
-3.0560412406921387
-4.437319755554199
3.0
0.0
0.819301426410675
-2.640106439590454
-4.3435893058776855
4.0
0.0
0.8482187390327454
-2.8863937854766846
-2.2507426738739014
6.0
0.0
0.8200657367706299
-2.054379940032959
-1.138691782951355
3.0
0.0
0.81919926404953
-2.103384017944336
0.725270688533783
4.0
0.0
0.823485255241394
-0.6317630410194397
-0.12670667469501495
4.0
0.0
0.8192024230957031
-0.5336814522743225
1.1692312955856323
6.0
0.0
0.8195055723190308
0.021446993574500084
0.4803481996059418
3.0
0.0
1.1657155752182007
0.07495526969432831
0.7407028675079346
3.0
1.0
1.1057898998260498
0.22082944214344025
4.016345024108887
12.0
1.0
1.0681531429290771
1.1990325450897217
-0.3962019979953766
1.0
1.0
1.1178340911865234
0.9701406955718994
0.8583126664161682
5.0
1.0
1.1822541952133179
0.8300080895423889
1.7448906898498535
4.0
1.0
1.1471744775772095
1.2909165620803833
-2.3153631687164307
5.0
1.0
1.1727157831192017
1.2398601770401
2.7808711528778076
7.0
1.0
1.0795533657073975
2.291651725769043
-3.1240651607513428
5.0
1.0
1.079896330833435
2.2897696495056152
0.6979799866676331
4.0
1.0
1.0858765840530396
2.6526355743408203
-1.8352097272872925
6.0
1.0
1.1598920822143555
2.8352551460266113
-3.401942729949951
8.0
1.0
1.0741018056869507
3.1106765270233154
-0.9561042189598083
3.0
1.0
1.1346464157104492
2.8902504444122314
-0.36176377534866333
3.0
1.0
1.1080577373504639
2.9625213146209717
3.7670741081237793
10.0
1.0
1.1448757648468018
-3.0237374305725098
-4.484103679656982
3.0
1.0
1.0969041585922241
-2.8902266025543213
-2.853414297103882
7.0
1.0
1.1761302947998047
-3.0860743522644043
-1.6711084842681885
5.0
1.0
1.1262671947479248
-2.5867581367492676
-4.228416442871094
6.0
1.0
1.0847176313400269
-2.054353952407837
-1.448473334312439
4.0
1.0
1.0962756872177124
-2.1025052070617676
1.0293666124343872
4.0
1.0
1.1285264492034912
-0.6290168166160583
-0.10818799585103989
4.0
1.0
1.0945371389389038
-0.525149941444397
1.6303672790527344
4.0
1.0
1.068625807762146
0.015642324462532997
0.6812482476234436
3.0
1.0
1.4283932447433472
0.07646234333515167
0.9479820132255554
2.0
2.0
1.3330233097076416
0.9679451584815979
1.0579243898391724
5.0
2.0
1.3678593635559082
0.8343560695648193
2.046062707901001
4.0
2.0
1.3435512781143188
1.2299754619598389
-0.5441451668739319
3.0
2.0
1.3433116674423218
1.2309824228286743
-0.5234172344207764
5.0
2.0
1.3506717681884766
1.2024308443069458
-0.45468199253082275
2.0
2.0
1.3546936511993408
1.1885032653808594
-0.42008134722709656
2.0
2.0
1.3414537906646729
1.2390071153640747
3.206326961517334
5.0
2.0
1.3972967863082886
1.3920239210128784
-2.8871562480926514
3.0
2.0
1.4525129795074463
1.2941855192184448
-2.8846871852874756
5.0
2.0
1.449836015701294
1.2982754707336426
-2.8813083171844482
3.0
2.0
1.4123626947402954
1.3619897365570068
-2.6967713832855225
6.0
2.0
1.4210737943649292
2.288423776626587
-4.054113388061523
8.0
2.0
1.4260388612747192
2.2796504497528076
0.9786840081214905
4.0
2.0
1.3358341455459595
2.836991786956787
-3.8898820877075195
6.0
2.0
1.392512321472168
2.6589152812957764
-2.303374767303467
4.0
2.0
1.3449851274490356
3.109027862548828
-1.151362419128418
3.0
2.0
1.4372856616973877
2.8889808654785156
-0.411146879196167
3.0
2.0
1.352230429649353
-2.887155771255493
-3.480681896209717
7.0
2.0
1.3541549444198608
-2.8937580585479736
-3.478843927383423
5.0
2.0
1.4422965049743652
-3.0881452560424805
-2.0080506801605225
4.0
2.0
1.392512321472168
-2.053473711013794
-1.8101933002471924
4.0
2.0
1.4162722826004028
-2.1010704040527344
1.381058931350708
3.0
2.0
1.3375707864761353
-0.6277155876159668
-0.09551733732223511
2.0
2.0
1.408298373222351
-0.5151693820953369
2.154737949371338
4.0
2.0
1.3358550071716309
0.009447682648897171
0.898598849773407
3.0
2.0
2.39876127243042
2.675471782684326
-4.0333333015441895
2.0
3.0
2.3974692821502686
-3.094400405883789
-2.9666666984558105
1.0
3.0
2.3966283798217773
3.1025278568267822
-1.899999976158142
2.0
3.0
2.3972294330596924
-2.0493695735931396
-2.9666666984558105
1.0
3.0
2.395096778869629
-0.015741141512989998
1.899999976158142
1.0
3.0
2.403045654296875
0.08286476135253906
1.899999976158142
1.0
3.0
2.404503345489502
0.9573283791542053
1.899999976158142
2.0
3.0
2.3948004245758057
-2.094938039779663
2.433333396911621
1.0
3.0
2.3968372344970703
-0.4823661148548126
4.0333333015441895
2.0
3.0
2.399543285369873
-1.6336830854415894
6.0333333015441895
2.0
3.0
2.3948285579681396
-0.5284843444824219
6.699999809265137
1.0
3.0
2.587700605392456
1.2144092321395874
-0.8333333134651184
2.0
4.0
2.5761661529541016
2.8848395347595215
-0.8333333134651184
2.0
4.0
2.5848336219787598
2.2741241455078125
-7.366666793823242
1.0
4.0
2.577434778213501
2.8480122089385986
-7.366666793823242
1.0
4.0
2.5776052474975586
-2.913590669631958
-6.699999809265137
1.0
4.0
2.5834052562713623
0.8604471683502197
4.0333333015441895
1.0
4.0
2.592104196548462
2.2451295852661133
1.899999976158142
1.0
4.0
2.588831901550293
1.2099099159240723
6.0333333015441895
1.0
4.0
2.5873351097106934
1.215909719467163
6.0333333015441895
3.0
4.0
2.582104444503784
1.2409766912460327
6.0333333015441895
7.0
4.0
3.2282447814941406
1.2195868492126465
-0.8333333134651184
1.0
5.0
3.22835373878479
-3.0992984771728516
-4.0333333015441895
1.0
5.0
3.2285776138305664
3.097689151763916
-2.433333396911621
1.0
5.0
3.236457586288452
-2.045931816101074
-4.0333333015441895
1.0
5.0
3.231593370437622
2.6873061656951904
-5.366666793823242
1.0
5.0
3.2276833057403564
-0.03706292435526848
2.433333396911621
2.0
5.0
3.2378928661346436
0.08763819932937622
2.433333396911621
2.0
5.0
3.241539239883423
-1.6704199314117432
6.0333333015441895
2.0
5.0
3.2320828437805176
-0.4566953182220459
5.366666793823242
1.0
5.0
3.42643404006958
2.881460189819336
-0.8333333134651184
2.0
6.0
3.4265172481536865
1.310285210609436
-6.699999809265137
1.0
6.0
3.421603202819824
0.9464060068130493
2.9666666984558105
1.0
6.0
3.4249484539031982
2.2164306640625
2.433333396911621
1.0
6.0
3.428658962249756
-2.086602210998535
3.5
1.0
6.0
3.43426775932312
-1.6742706298828125
6.0333333015441895
1.0
6.0
3.4340274333953857
-0.49692726135253906
7.366666793823242
1.0
6.0
