460
0.8431443572044373
0.2786354422569275
-3.61161470413208
8.0
0.0
0.8739602565765381
1.2088569402694702
-0.3588397800922394
3.0
0.0
0.8714886903762817
1.74016535282135
-1.6544090509414673
3.0
0.0
0.820338785648346
2.1411385536193848
-1.5255906581878662
4.0
0.0
0.8296719789505005
1.9292610883712769
-0.08430866152048111
2.0
0.0
0.8590621948242188
2.306097984313965
-4.4702959060668945
4.0
0.0
0.8269000053405762
2.4753291606903076
-4.212009429931641
4.0
0.0
0.8260756134986877
2.4827914237976074
-4.118711948394775
9.0
0.0
0.8684724569320679
2.2734622955322266
0.6013255715370178
3.0
0.0
0.8984503746032715
2.1887617111206055
1.3259577751159668
5.0
0.0
0.8787333369255066
2.241717576980591
1.3930797576904297
3.0
0.0
0.8786793351173401
2.2418761253356934
1.4026639461517334
4.0
0.0
0.8291117548942566
2.980726718902588
-4.359671115875244
10.0
0.0
0.8669672608375549
2.802028179168701
-3.5285592079162598
7.0
0.0
0.8192043304443359
3.130963087081909
-1.464555263519287
3.0
0.0
0.832379162311554
2.9573264122009277
-0.07992267608642578
4.0
0.0
0.9096719026565552
-3.0738322734832764
-3.354562997817993
9.0
0.0
0.8433568477630615
-2.8639893531799316
-0.9942786693572998
4.0
0.0
0.8192875385284424
-1.0682166814804077
-1.9836839437484741
4.0
0.0
0.9006962180137634
-1.4819324016571045
-0.699117124080658
3.0
0.0
0.9010690450668335
-1.4828367233276367
-0.18339978158473969
3.0
0.0
0.8202067017555237
-0.5793049335479736
0.8834103345870972
4.0
0.0
0.8325384855270386
-0.7089242935180664
2.0986945629119873
8.0
0.0
0.8419089913368225
-0.7624613642692566
4.4382781982421875
20.0
0.0
0.8720504641532898
-0.3560003936290741
-2.2044460773468018
6.0
0.0
0.8226941227912903
-0.09830491244792938
-2.0048341751098633
5.0
0.0
0.8806380033493042
-0.3818092346191406
0.18811066448688507
4.0
0.0
1.0894155502319336
0.2808501720428467
-4.464447975158691
8.0
1.0
1.1886234283447266
1.2117323875427246
-0.23798111081123352
3.0
1.0
1.1036977767944336
1.7984651327133179
-1.6074626445770264
4.0
1.0
1.0755974054336548
1.9225330352783203
-0.07212533801794052
4.0
1.0
1.1166120767593384
2.151677131652832
-1.8228639364242554
4.0
1.0
1.0827115774154663
2.275083065032959
0.9202039837837219
4.0
1.0
1.1056327819824219
2.1848320960998535
1.7890430688858032
5.0
1.0
1.0721062421798706
3.125450372695923
-1.7049293518066406
4.0
1.0
1.1139439344406128
2.944744825363159
0.13450400531291962
4.0
1.0
1.1711643934249878
-3.0769522190093994
-4.117675304412842
7.0
1.0
1.0893206596374512
-2.8603405952453613
-1.0819987058639526
2.0
1.0
1.1625748872756958
-1.4897406101226807
-0.7009040117263794
2.0
1.0
1.158769130706787
-1.482187271118164
-0.19704510271549225
3.0
1.0
1.0691558122634888
-0.3826230764389038
0.3781706392765045
2.0
1.0
1.1096224784851074
-0.576619565486908
1.4438436031341553
4.0
1.0
1.165837287902832
-0.7106768488883972
3.219331979751587
7.0
1.0
1.182682991027832
-0.3488396108150482
-2.7423858642578125
5.0
1.0
1.0871877670288086
-0.10218364000320435
-2.4256954193115234
6.0
1.0
1.347806692123413
1.2130112648010254
-0.17690199613571167
4.0
2.0
1.3473085165023804
1.8432334661483765
-1.5579171180725098
3.0
2.0
1.3463544845581055
2.161095380783081
-2.0556468963623047
3.0
2.0
1.4494694471359253
1.927157998085022
-0.05864245444536209
3.0
2.0
1.3416028022766113
2.180826425552368
2.3153629302978516
5.0
2.0
1.4268770217895508
2.2781941890716553
1.4323912858963013
3.0
2.0
1.342214822769165
3.1206274032592773
-1.9614291191101074
3.0
2.0
1.412179708480835
2.9331326484680176
0.36013928055763245
4.0
2.0
1.344288945198059
-2.8571574687957764
-1.1733736991882324
4.0
2.0
1.4299193620681763
-1.4969453811645508
-0.7018786668777466
2.0
2.0
1.423708200454712
-1.48617422580719
-0.2085786610841751
4.0
2.0
1.458014726638794
-1.2273344993591309
-2.113152265548706
3.0
2.0
1.3593882322311401
-0.7115780115127563
3.869901418685913
8.0
2.0
1.344649076461792
-0.3453587293624878
-3.0223100185394287
4.0
2.0
1.355324387550354
-0.38439109921455383
0.6653286814689636
4.0
2.0
1.441904067993164
-0.5742442607879639
2.0867061614990234
5.0
2.0
1.3676316738128662
-0.10748812556266785
-2.8726987838745117
4.0
2.0
2.4083168506622314
2.2003934383392334
-2.9666666984558105
2.0
3.0
2.4130728244781494
1.9712531566619873
-1.3666666746139526
2.0
3.0
2.3967838287353516
3.1009018421173096
-2.9666666984558105
1.0
3.0
2.397113800048828
-1.526854395866394
-0.8333333134651184
1.0
3.0
2.3967838287353516
-1.5301055908203125
-0.30000001192092896
1.0
3.0
2.4135549068450928
-0.12474556267261505
-4.699999809265137
1.0
3.0
2.4160585403442383
-0.39084485173225403
1.899999976158142
2.0
3.0
2.397113800048828
-0.5675407648086548
4.0333333015441895
1.0
3.0
2.399960517883301
2.159984827041626
4.699999809265137
1.0
3.0
2.5777862071990967
-2.843979597091675
-1.3666666746139526
1.0
4.0
2.582646369934082
-1.3800303936004639
-2.433333396911621
3.0
4.0
2.580467700958252
-0.3197670876979828
-5.366666793823242
1.0
4.0
2.5862739086151123
1.2204140424728394
0.30000001192092896
2.0
4.0
2.582282543182373
2.2871696949005127
2.9666666984558105
1.0
4.0
2.576228141784668
2.888371706008911
1.3666666746139526
1.0
4.0
3.2350096702575684
2.0403249263763428
-1.3666666746139526
3.0
5.0
3.22863507270813
2.007801055908203
-0.30000001192092896
2.0
5.0
3.231046199798584
3.0828161239624023
-3.5
2.0
5.0
3.238007068634033
-2.8369317054748535
-1.899999976158142
1.0
5.0
3.2259509563446045
-1.5534672737121582
-0.8333333134651184
1.0
5.0
3.2256720066070557
-1.5820810794830322
-0.30000001192092896
2.0
5.0
3.236999273300171
-0.3082614243030548
-6.0333333015441895
2.0
5.0
3.2288694381713867
1.224011778831482
0.30000001192092896
2.0
5.0
3.2320828437805176
2.2921981811523438
4.0333333015441895
1.0
5.0
3.2254796028137207
-0.3955203592777252
2.433333396911621
1.0
5.0
3.429238796234131
2.235356092453003
-4.0333333015441895
1.0
6.0
3.4246582984924316
-0.14127972722053528
-6.0333333015441895
1.0
6.0
3.433908224105835
2.853498697280884
1.899999976158142
2.0
6.0
3.4202141761779785
2.1389381885528564
6.699999809265137
1.0
6.0
3.4208195209503174
-0.5609229803085327
6.0333333015441895
2.0
6.0
