575
0.8293200731277466
0.8847303986549377
1.1492506265640259
2.0
0.0
0.8224987983703613
0.9514960050582886
2.3228678703308105
2.0
0.0
0.8291348218917847
0.8861536979675293
2.488398790359497
3.0
0.0
0.8543869256973267
0.7531366348266602
2.782866954803467
3.0
0.0
0.848025381565094
1.3032467365264893
1.7999593019485474
2.0
0.0
0.8637232780456543
1.2422477006912231
2.5489468574523926
3.0
0.0
0.8973132967948914
1.667985439300537
0.7944719791412354
4.0
0.0
0.9090020656585693
1.6400853395462036
3.7846179008483887
2.0
0.0
0.8202012777328491
2.6614646911621094
-0.31920334696769714
2.0
0.0
0.8497081398963928
2.343143939971924
3.0089895725250244
3.0
0.0
0.8197691440582275
2.6493470668792725
3.9972903728485107
5.0
0.0
0.8200657367706299
-3.1015775203704834
2.2850184440612793
3.0
0.0
0.8666534423828125
2.803074836730957
2.7289352416992188
2.0
0.0
0.8207207918167114
-2.5630738735198975
1.8979133367538452
2.0
0.0
0.872821033000946
-2.976405143737793
2.1635100841522217
1.0
0.0
0.8505784869194031
-2.3729348182678223
-1.474399447441101
10.0
0.0
0.8393762111663818
-1.7965713739395142
1.4289799928665161
2.0
0.0
0.8824583888053894
-0.9106028079986572
2.0173099040985107
1.0
0.0
0.8267784714698792
-0.14159098267555237
-0.34795600175857544
4.0
0.0
0.8200880885124207
-0.052705273032188416
1.1765413284301758
4.0
0.0
0.856624960899353
-0.30275270342826843
2.0848867893218994
3.0
0.0
1.0744203329086304
0.7522777915000916
2.961393356323242
2.0
1.0
1.150676965713501
0.8907016515731812
0.792522668838501
6.0
1.0
1.1280815601348877
0.942903459072113
2.41156268119812
2.0
1.0
1.1537600755691528
0.8842347264289856
2.6470632553100586
1.0
1.0
1.1442179679870605
1.297408938407898
1.7021677494049072
3.0
1.0
1.1019456386566162
1.4116487503051758
2.6446266174316406
4.0
1.0
1.0887552499771118
1.4617623090744019
2.6836133003234863
6.0
1.0
1.173177719116211
1.2390083074569702
2.7158749103546143
5.0
1.0
1.0879454612731934
1.4652713537216187
3.610640048980713
14.0
1.0
1.0749962329864502
1.5337822437286377
3.852844715118408
7.0
1.0
1.0878883600234985
1.4655208587646484
3.8765616416931152
3.0
1.0
1.0875520706176758
1.4669990539550781
3.880622625350952
4.0
1.0
1.0880112648010254
1.464983582496643
3.995633363723755
2.0
1.0
1.1656547784805298
1.6458686590194702
0.6931066513061523
4.0
1.0
1.0790340900421143
2.687244176864624
-0.31497976183891296
3.0
1.0
1.1578280925750732
2.446699619293213
2.9943695068359375
3.0
1.0
1.174258828163147
2.8078196048736572
2.960256338119507
3.0
1.0
1.1229960918426514
-2.9709091186523438
2.191775321960449
2.0
1.0
1.1821892261505127
-3.0968689918518066
2.3766369819641113
3.0
1.0
1.071897029876709
-2.3706765174865723
-2.4052274227142334
10.0
1.0
1.116477131843567
-2.5603291988372803
1.8326106071472168
2.0
1.0
1.1145164966583252
-1.7693090438842773
1.5312762260437012
3.0
1.0
1.0922425985336304
-0.9088719487190247
2.0022027492523193
2.0
1.0
1.1050868034362793
-0.1695927381515503
-0.34909310936927795
3.0
1.0
1.0778683423995972
-0.05495089292526245
0.8948626518249512
4.0
1.0
1.1525553464889526
-0.2913517355918884
2.086024045944214
4.0
1.0
1.0716907978057861
-0.012821284122765064
3.106618642807007
4.0
1.0
1.3489785194396973
0.8944516181945801
0.5722479820251465
2.0
2.0
1.338719129562378
0.937454342842102
2.4724793434143066
2.0
2.0
1.3523234128952026
0.8824313879013062
2.7440426349639893
4.0
2.0
1.4035199880599976
0.7509124279022217
3.229426622390747
4.0
2.0
1.3418875932693481
1.2370976209640503
2.80690860748291
2.0
2.0
1.453959584236145
1.291996717453003
1.5991779565811157
2.0
2.0
1.4355977773666382
1.635120153427124
0.5883299708366394
2.0
2.0
1.3445019721984863
2.482675552368164
2.984947681427002
3.0
2.0
1.3749444484710693
2.700404167175293
-0.3104313313961029
2.0
2.0
1.3413646221160889
2.8101985454559326
3.0851759910583496
2.0
2.0
1.3809632062911987
-2.969444990158081
2.221015214920044
2.0
2.0
1.4455288648605347
-3.093261957168579
2.4437265396118164
4.0
2.0
1.3480217456817627
-2.55771541595459
1.7814406156539917
2.0
2.0
1.3922924995422363
-2.367152690887451
-3.755934953689575
7.0
2.0
1.3999637365341187
-1.7551229000091553
1.6357280015945435
4.0
2.0
1.4535880088806152
-0.9065573215484619
1.975399374961853
2.0
2.0
1.3324673175811768
-0.2852886915206909
2.0874860286712646
2.0
2.0
1.3999637365341187
-0.18432661890983582
-0.348930686712265
4.0
2.0
1.351798415184021
-0.05820934846997261
0.5954775214195251
3.0
2.0
1.4550771713256836
-0.28048035502433777
2.0879733562469482
4.0
2.0
1.3561581373214722
-0.07297247648239136
3.123188018798828
4.0
2.0
2.401033401489258
-0.07207304239273071
-0.30000001192092896
1.0
3.0
2.415038585662842
0.9176449775695801
-0.8333333134651184
2.0
3.0
2.4037036895751953
2.704092502593994
-0.30000001192092896
1.0
3.0
2.4164040088653564
0.9133771061897278
2.9666666984558105
2.0
3.0
2.3991434574127197
1.630979061126709
0.30000001192092896
1.0
3.0
2.3989884853363037
2.5588929653167725
2.9666666984558105
1.0
3.0
2.399381160736084
-3.079787492752075
2.433333396911621
2.0
3.0
2.4016077518463135
-2.5426814556121826
1.3666666746139526
1.0
3.0
2.403371572494507
-0.6080806851387024
1.899999976158142
2.0
3.0
2.39778470993042
-0.5734988451004028
1.899999976158142
12.0
3.0
2.394890308380127
1.0558828115463257
7.366666793823242
4.0
3.0
2.583601474761963
-0.18574687838554382
-0.30000001192092896
1.0
4.0
2.5960679054260254
0.9094027876853943
2.9666666984558105
1.0
4.0
2.5859317779541016
0.8724787831306458
3.5
1.0
4.0
2.5779776573181152
0.7475687861442566
4.0333333015441895
1.0
4.0
2.5780272483825684
1.2706636190414429
1.3666666746139526
2.0
4.0
2.585047960281372
1.2259242534637451
3.5
1.0
4.0
2.5789687633514404
2.8328969478607178
4.0333333015441895
1.0
4.0
2.5881969928741455
-2.9763810634613037
2.433333396911621
2.0
4.0
2.5844125747680664
-1.7525306940078735
1.899999976158142
1.0
4.0
2.579678773880005
-0.7329645156860352
1.3666666746139526
2.0
4.0
2.5934271812438965
-0.9009465575218201
1.899999976158142
2.0
4.0
2.5761542320251465
-0.7894352078437805
1.899999976158142
2.0
4.0
2.576658010482788
-0.2416168451309204
1.899999976158142
2.0
4.0
2.5916748046875
-0.1522301435470581
2.9666666984558105
2.0
4.0
2.5768890380859375
1.2847793102264404
6.699999809265137
2.0
4.0
3.2368898391723633
-0.08403748273849487
-1.3666666746139526
1.0
5.0
3.2337565422058105
1.642415165901184
-0.30000001192092896
2.0
5.0
3.231046199798584
2.690117120742798
-0.30000001192092896
2.0
5.0
3.2360334396362305
0.8662331700325012
3.5
1.0
5.0
3.2362444400787354
1.2597330808639526
0.8333333134651184
1.0
5.0
3.2284646034240723
1.2211960554122925
4.0333333015441895
1.0
5.0
3.234811305999756
-3.0655643939971924
2.9666666984558105
1.0
5.0
3.2280333042144775
0.7455180883407593
4.699999809265137
1.0
5.0
3.2400248050689697
2.843726396560669
4.699999809265137
2.0
5.0
3.4235763549804688
0.9327442049980164
-1.3666666746139526
1.0
6.0
3.4205105304718018
-0.17164310812950134
-0.30000001192092896
1.0
6.0
3.433670997619629
0.8907573223114014
2.9666666984558105
2.0
6.0
3.419555902481079
2.559767246246338
2.9666666984558105
1.0
6.0
3.4196743965148926
2.563568592071533
2.9666666984558105
1.0
6.0
3.4220871925354004
-2.9843811988830566
2.433333396911621
1.0
6.0
3.4205105304718018
-2.5278375148773193
1.3666666746139526
1.0
6.0
3.419468879699707
-1.7682863473892212
2.433333396911621
1.0
6.0
3.431623935699463
-0.8975481390953064
1.899999976158142
2.0
6.0
3.419719696044922
-0.20851458609104156
1.899999976158142
2.0
6.0
3.4222946166992188
-0.15569309890270233
3.5
1.0
6.0
