210
0.8386983275413513
1.348670482635498
-1.1331686973571777
2.0
0.0
0.8672399520874023
2.2775228023529053
-3.993196725845337
10.0
0.0
0.8205873966217041
-3.0893971920013428
-0.10526400804519653
4.0
0.0
0.8218639492988586
-2.1810479164123535
-2.6501498222351074
6.0
0.0
0.821118950843811
-2.1689021587371826
1.5572673082351685
6.0
0.0
0.8333079218864441
-1.237548589706421
-1.6137980222702026
4.0
0.0
0.8423182964324951
-1.2881006002426147
2.2300658226013184
7.0
0.0
1.1257325410842896
1.3416121006011963
-1.3617279529571533
2.0
1.0
1.1157376766204834
-2.9509224891662598
-3.416318893432617
4.0
1.0
1.1741329431533813
-3.0824360847473145
0.05376911163330078
3.0
1.0
1.119325876235962
-2.175590753555298
-3.4401636123657227
7.0
1.0
1.117506980895996
-2.1705355644226074
2.2906064987182617
5.0
1.0
1.080046534538269
-1.2453399896621704
-1.9515199661254883
4.0
1.0
1.0900020599365234
-1.292413592338562
3.0177152156829834
7.0
1.0
1.4264296293258667
1.3364927768707275
-1.6014522314071655
3.0
2.0
1.376395344734192
3.0108680725097656
-4.4076247215271
5.0
2.0
1.3350725173950195
-3.1279137134552
0.1614047884941101
10.0
2.0
1.3380385637283325
-2.829148292541504
-2.924355983734131
8.0
2.0
1.4363529682159424
-3.078514337539673
0.17235353589057922
3.0
2.0
1.3508076667785645
-2.882126808166504
0.8025130033493042
4.0
2.0
1.332675814628601
-2.1715316772460938
-4.006563663482666
7.0
2.0
1.3329020738601685
-2.1729137897491455
2.8244526386260986
6.0
2.0
1.4577277898788452
-2.1693873405456543
-4.338507175445557
7.0
2.0
1.3371102809906006
-1.2537145614624023
-2.299475908279419
4.0
2.0
1.3469856977462769
-1.2971150875091553
3.8320982456207275
7.0
2.0
2.403592348098755
0.43803900480270386
-7.366666793823242
2.0
3.0
2.3991434574127197
-2.1545779705047607
-6.699999809265137
1.0
3.0
2.401221990585327
-3.0684397220611572
0.8333333134651184
1.0
3.0
2.4052159786224365
-2.1874940395355225
5.366666793823242
2.0
3.0
2.5763723850250244
1.32262122631073
-2.433333396911621
1.0
4.0
2.576582431793213
-1.2903276681900024
-4.0333333015441895
1.0
4.0
2.5790300369262695
0.7379982471466064
-7.366666793823242
2.0
4.0
2.5766069889068604
2.3370208740234375
-6.0333333015441895
2.0
4.0
2.5776944160461426
-0.8202037215232849
-6.0333333015441895
3.0
4.0
3.2366726398468018
0.7021611332893372
-7.366666793823242
1.0
5.0
3.2273147106170654
2.3900370597839355
-6.0333333015441895
2.0
5.0
3.2417988777160645
-0.8858198523521423
-5.366666793823242
2.0
5.0
3.2361388206481934
-3.0603573322296143
0.8333333134651184
2.0
5.0
3.425398349761963
1.3155875205993652
-2.9666666984558105
1.0
6.0
3.4278228282928467
0.5192099809646606
-7.366666793823242
2.0
6.0
3.4250965118408203
-1.3171031475067139
-5.366666793823242
1.0
6.0
3.4337892532348633
-0.890380322933197
-5.366666793823242
1.0
6.0
