570
0.839337170124054
0.29803207516670227
-2.6154842376708984
5.0
0.0
0.8323315978050232
0.3396502733230591
-2.603593111038208
5.0
0.0
0.8207107782363892
0.4567764699459076
-2.4951133728027344
9.0
0.0
0.8192421197891235
0.5069042444229126
-2.4630870819091797
11.0
0.0
0.8216441869735718
0.44032755494117737
-2.435225486755371
9.0
0.0
0.8193272948265076
0.5354673862457275
-2.020930290222168
7.0
0.0
0.8250432014465332
0.3984181880950928
3.2386860847473145
4.0
0.0
0.8206687569618225
0.45762407779693604
3.3173091411590576
3.0
0.0
0.8396046757698059
0.2966085970401764
3.448401689529419
6.0
0.0
0.8745339512825012
0.6834974884986877
-1.9568806886672974
10.0
0.0
0.8618301749229431
0.7252883315086365
0.9335569143295288
5.0
0.0
0.8192804455757141
1.0555254220962524
1.081836223602295
3.0
0.0
0.9042043685913086
0.604050874710083
2.1035680770874023
2.0
0.0
0.8193106055259705
1.5480003356933594
-1.3239597082138062
8.0
0.0
0.8203563690185547
2.5587425231933594
1.9076600074768066
4.0
0.0
0.8597393035888672
2.3036134243011475
2.8473572731018066
2.0
0.0
0.8969115018844604
2.192587375640869
3.8429031372070312
5.0
0.0
0.8617560267448425
2.8199470043182373
1.978973150253296
3.0
0.0
0.8454201221466064
-2.350170850753784
1.7614599466323853
2.0
0.0
0.8192971348762512
-1.5611145496368408
0.8093008399009705
7.0
0.0
0.851885199546814
-1.8547724485397339
2.379561185836792
3.0
0.0
0.8195884823799133
-1.5458887815475464
2.850281238555908
4.0
0.0
0.8995469808578491
-1.4791282415390015
-0.5593684911727905
7.0
0.0
0.9017544388771057
-1.4844928979873657
2.2483060359954834
2.0
0.0
0.8255228996276855
-1.177137851715088
3.1776068210601807
3.0
0.0
0.8199527859687805
-0.486676424741745
-1.4002273082733154
2.0
0.0
0.8195568323135376
-0.4999660551548004
1.2884654998779297
3.0
0.0
0.8455309271812439
-0.779887855052948
4.259280681610107
6.0
0.0
0.8978625535964966
-0.4277762770652771
-2.9886839389801025
8.0
0.0
0.8192203640937805
0.0016998955979943275
-1.279191493988037
11.0
0.0
0.8194168210029602
0.017178907990455627
-1.2435845136642456
7.0
0.0
0.854854941368103
-0.29590335488319397
2.046062707901001
4.0
0.0
1.1671552658081055
0.07219745963811874
-0.2078963965177536
5.0
1.0
1.069879412651062
0.3956863284111023
3.5589826107025146
4.0
1.0
1.1413244009017944
0.5185039639472961
-4.258955955505371
9.0
1.0
1.0766398906707764
0.7378455996513367
-3.083714008331299
6.0
1.0
1.0858691930770874
0.6891739964485168
-2.9447021484375
8.0
1.0
1.0857884883880615
0.6895447969436646
-2.926142930984497
3.0
1.0
1.0957086086273193
0.648506224155426
0.5980767011642456
6.0
1.0
1.0777429342269897
0.7311863303184509
0.6372582912445068
5.0
1.0
1.1098120212554932
0.6008966565132141
2.0938212871551514
4.0
1.0
1.091054916381836
1.0594264268875122
0.7309098243713379
7.0
1.0
1.073537826538086
1.5438789129257202
-2.397429943084717
10.0
1.0
1.0778683423995972
2.301243543624878
3.024259328842163
2.0
1.0
1.102758526802063
2.1942992210388184
4.231015205383301
6.0
1.0
1.112634539604187
2.555894136428833
1.820914626121521
4.0
1.0
1.1648657321929932
2.8254880905151367
1.916594386100769
3.0
1.0
1.0691149234771729
-2.345701217651367
1.6576579809188843
2.0
1.0
1.0706027746200562
-1.5744123458862305
0.41597381234169006
7.0
1.0
1.1498290300369263
-1.8563894033432007
2.459808588027954
2.0
1.0
1.0675767660140991
-1.5428897142410278
3.062596321105957
3.0
1.0
1.1606297492980957
-1.4859026670455933
-1.3556711673736572
7.0
1.0
1.1619758605957031
-1.4885636568069458
0.10136532038450241
6.0
1.0
1.1527270078659058
-1.4698079824447632
2.2746219635009766
5.0
1.0
1.0704225301742554
-1.1801079511642456
3.481865406036377
4.0
1.0
1.0871877670288086
-0.494882732629776
1.00792396068573
4.0
1.0
1.076859712600708
-0.04890429973602295
-0.42418885231018066
7.0
1.0
1.1436717510223389
-0.27217239141464233
2.0234017372131348
4.0
1.0
1.3447160720825195
0.5968459248542786
2.081962823867798
3.0
2.0
1.4290363788604736
0.3895183503627777
4.031403541564941
5.0
2.0
1.4080169200897217
0.7420156002044678
0.18437440693378448
3.0
2.0
1.403969645500183
1.0641694068908691
0.3270006477832794
3.0
2.0
1.3446892499923706
1.5394330024719238
-3.5424132347106934
8.0
2.0
1.4155800342559814
2.298440456390381
3.2976534366607666
4.0
2.0
1.4508155584335327
2.5534098148345947
1.7205239534378052
2.0
2.0
1.3373944759368896
2.8289198875427246
1.8811815977096558
3.0
2.0
1.380748987197876
-2.3406083583831787
1.513082504272461
3.0
2.0
1.3439079523086548
-1.5989458560943604
-0.04512707516551018
5.0
2.0
1.3322358131408691
-1.540479063987732
3.289693593978882
3.0
2.0
1.4259830713272095
-1.4901636838912964
-2.1773178577423096
6.0
2.0
1.3564989566802979
-1.3307191133499146
-0.5833483934402466
9.0
2.0
1.4068440198898315
-1.4548054933547974
2.302887201309204
2.0
2.0
1.4565112590789795
-1.5392612218856812
3.396257162094116
3.0
2.0
1.404786229133606
-1.1365766525268555
-1.1509912014007568
7.0
2.0
1.4301462173461914
-1.1831724643707275
3.92626953125
3.0
2.0
1.3956222534179688
-0.4893861413002014
0.6862840056419373
4.0
2.0
1.4328283071517944
-0.24522563815116882
1.990506649017334
4.0
2.0
2.3959460258483887
1.078129768371582
-0.8333333134651184
1.0
3.0
2.3949272632598877
-1.5811100006103516
-1.899999976158142
1.0
3.0
2.394817352294922
-1.5745961666107178
-1.899999976158142
1.0
3.0
2.3978497982025146
-0.47315722703933716
-0.30000001192092896
1.0
3.0
2.3983967304229736
0.5783710479736328
1.899999976158142
1.0
3.0
2.4006645679473877
2.548081398010254
1.3666666746139526
1.0
3.0
2.3966283798217773
-1.5317314863204956
4.0333333015441895
2.0
3.0
2.4092965126037598
2.2041492462158203
6.699999809265137
1.0
3.0
2.5761542320251465
0.7894352078437805
-1.3666666746139526
2.0
4.0
2.5775187015533447
-1.7998063564300537
-2.433333396911621
3.0
4.0
2.5912513732910156
-1.7245224714279175
-1.899999976158142
1.0
4.0
2.5818421840667725
2.2896811962127686
4.0333333015441895
2.0
4.0
2.576857805252075
2.8560800552368164
1.3666666746139526
1.0
4.0
2.5776495933532715
-2.3218929767608643
0.8333333134651184
2.0
4.0
2.5777862071990967
-1.868409276008606
2.9666666984558105
1.0
4.0
2.5863890647888184
-1.3980804681777954
2.433333396911621
1.0
4.0
2.587214708328247
0.35438624024391174
5.366666793823242
2.0
4.0
2.592393636703491
0.3738609254360199
5.366666793823242
1.0
4.0
2.576251745223999
1.29940927028656
6.0333333015441895
1.0
4.0
2.5931286811828613
-1.1944445371627808
5.366666793823242
2.0
4.0
3.2269794940948486
0.8160198330879211
-2.433333396911621
2.0
5.0
3.238236665725708
1.0892592668533325
-1.899999976158142
1.0
5.0
3.22660756111145
-1.9369008541107178
-4.0333333015441895
4.0
5.0
3.232940435409546
-0.4607082009315491
-1.3666666746139526
1.0
5.0
3.2356178760528564
-0.07923313975334167
1.899999976158142
1.0
5.0
3.22863507270813
-2.3118889331817627
0.8333333134651184
2.0
5.0
3.2388198375701904
-1.8726584911346436
2.9666666984558105
2.0
5.0
3.2337565422058105
2.2845757007598877
4.699999809265137
2.0
5.0
3.2286927700042725
-1.5260884761810303
4.699999809265137
1.0
5.0
3.2263176441192627
-1.2010666131973267
6.0333333015441895
1.0
5.0
3.2268245220184326
-1.149086356163025
6.699999809265137
2.0
5.0
3.4297351837158203
1.0591486692428589
-2.433333396911621
2.0
6.0
3.432514190673828
1.0689663887023926
-2.433333396911621
2.0
6.0
3.4211277961730957
0.5578842759132385
1.899999976158142
2.0
6.0
3.4196090698242188
2.5434200763702393
1.3666666746139526
2.0
6.0
3.4280970096588135
2.874269485473633
1.3666666746139526
1.0
6.0
3.42018723487854
-1.3539201021194458
2.433333396911621
2.0
6.0
