395
0.8402642607688904
0.29314056038856506
-1.7000559568405151
8.0
0.0
0.81969153881073
1.0759291648864746
1.4845359325408936
2.0
0.0
0.8198124170303345
1.0799341201782227
1.4885971546173096
3.0
0.0
0.8714377284049988
1.7403264045715332
1.3339500427246094
2.0
0.0
0.8197681903839111
2.0509703159332275
1.5714000463485718
2.0
0.0
0.8729978203773499
1.7354334592819214
3.722517728805542
7.0
0.0
0.8275573253631592
2.46966814994812
-4.09629487991333
9.0
0.0
0.8234624862670898
2.5101001262664795
0.30263400077819824
4.0
0.0
0.8205873966217041
-2.56579852104187
0.9435960054397583
4.0
0.0
0.8253943920135498
-2.7466773986816406
3.2191927433013916
6.0
0.0
0.8509896993637085
-2.3746588230133057
1.6357280015945435
2.0
0.0
0.8192152976989746
-0.5227439999580383
-0.03313867375254631
4.0
0.0
0.9025676846504211
-0.9628480672836304
0.4631291329860687
3.0
0.0
0.885374903678894
-0.3951460123062134
-1.4286551475524902
6.0
0.0
1.0857065916061401
0.29722335934638977
-2.5899479389190674
5.0
1.0
1.0903737545013428
1.0622329711914062
1.529976725578308
2.0
1.0
1.0848034620285034
1.0868333578109741
1.5392359495162964
2.0
1.0
1.1226640939712524
1.74236261844635
1.333300232887268
3.0
1.0
1.1279124021530151
1.7287300825119019
4.42177152633667
7.0
1.0
1.1604260206222534
2.0487937927246094
1.6678919792175293
6.0
1.0
1.1258052587509155
2.5195212364196777
-0.06481533497571945
4.0
1.0
1.0691968202590942
-2.7392349243164062
3.7690234184265137
6.0
1.0
1.1201318502426147
-2.570499897003174
0.8021069169044495
3.0
1.0
1.0722296237945557
-2.373305082321167
1.7135388851165771
3.0
1.0
1.109559416770935
-0.969124972820282
0.26413464546203613
4.0
1.0
1.070799469947815
-0.3980388045310974
-2.0177972316741943
8.0
1.0
1.0937625169754028
-0.5221617817878723
-0.48928263783454895
4.0
1.0
1.3401063680648804
0.30261164903640747
-3.5076940059661865
8.0
2.0
1.4183090925216675
1.0367852449417114
1.5830960273742676
2.0
2.0
1.3879655599594116
1.0982377529144287
1.5943046808242798
1.0
2.0
1.3801939487457275
1.744809627532959
1.332487940788269
4.0
2.0
1.3851466178894043
2.0471889972686768
1.731732726097107
2.0
2.0
1.3354014158248901
2.525157928466797
-0.31969067454338074
2.0
2.0
1.3523544073104858
-2.5734286308288574
0.6922944188117981
3.0
2.0
1.3942480087280273
-2.3713977336883545
1.826600193977356
3.0
2.0
1.3450932502746582
-0.9754794239997864
0.03728099539875984
4.0
2.0
1.3608815670013428
-0.402010440826416
-2.9406003952026367
6.0
2.0
1.4113191366195679
-0.5209837555885315
-1.0171833038330078
3.0
2.0
2.399960517883301
2.5524041652679443
-1.3666666746139526
1.0
3.0
2.3974692821502686
-1.0000052452087402
-0.8333333134651184
1.0
3.0
2.394859552383423
-0.5165419578552246
-2.433333396911621
1.0
3.0
2.4085934162139893
-0.4165269434452057
-6.0333333015441895
2.0
3.0
2.410904884338379
0.9315475821495056
1.899999976158142
2.0
3.0
2.405704975128174
1.1424487829208374
1.899999976158142
2.0
3.0
2.398468255996704
2.039081573486328
1.899999976158142
2.0
3.0
2.395867109298706
-2.588146448135376
0.30000001192092896
1.0
3.0
2.407907247543335
2.513606071472168
4.699999809265137
3.0
3.0
2.4043869972229004
-2.707324504852295
6.699999809265137
1.0
3.0
2.4145376682281494
-1.4428454637527466
6.699999809265137
3.0
3.0
2.5970442295074463
0.9123831391334534
1.899999976158142
1.0
4.0
2.5926856994628906
1.1959388256072998
1.3666666746139526
1.0
4.0
2.5901501178741455
1.2049155235290527
1.3666666746139526
1.0
4.0
2.5893514156341553
1.2079116106033325
1.3666666746139526
1.0
4.0
2.5863890647888184
1.2199134826660156
1.3666666746139526
1.0
4.0
2.5838003158569336
1.755539894104004
1.3666666746139526
1.0
4.0
2.576251745223999
-2.3657822608947754
2.433333396911621
1.0
4.0
3.230670928955078
0.8421660661697388
1.899999976158142
3.0
5.0
3.2254796028137207
1.180918574333191
1.899999976158142
1.0
5.0
3.2397797107696533
1.8694616556167603
0.30000001192092896
2.0
5.0
3.234712839126587
1.8878679275512695
0.30000001192092896
2.0
5.0
3.2288100719451904
1.917983055114746
1.899999976158142
11.0
5.0
3.2268624305725098
1.934081792831421
1.899999976158142
11.0
5.0
3.2331180572509766
2.0323069095611572
2.433333396911621
1.0
5.0
3.2255423069000244
-2.363046169281006
2.433333396911621
1.0
5.0
3.2318358421325684
1.2408891916275024
6.0333333015441895
2.0
5.0
3.225928783416748
1.9465692043304443
4.699999809265137
10.0
5.0
3.420478582382202
2.5768704414367676
-2.9666666984558105
2.0
6.0
3.4237048625946045
-2.6023058891296387
-0.30000001192092896
1.0
6.0
3.4221384525299072
-1.0212655067443848
-1.899999976158142
2.0
6.0
3.4224555492401123
-2.9034481048583984
-6.0333333015441895
4.0
6.0
3.419496536254883
1.7629640102386475
1.3666666746139526
1.0
6.0
3.4205758571624756
1.7926121950149536
1.3666666746139526
1.0
6.0
3.419508457183838
2.1647872924804688
2.433333396911621
5.0
6.0
3.427375316619873
1.8350926637649536
4.699999809265137
3.0
6.0
3.432514190673828
1.8543645143508911
4.699999809265137
4.0
6.0
3.4278228282928467
1.8369845151901245
6.699999809265137
2.0
6.0
3.4194912910461426
2.156043291091919
7.366666793823242
8.0
6.0
3.4321765899658203
2.6386306285858154
4.699999809265137
1.0
6.0
3.4219369888305664
-1.3364474773406982
6.0333333015441895
2.0
6.0
