925
0.8485293388366699
0.25383907556533813
-1.8873544931411743
3.0
0.0
0.8418883681297302
0.2848397493362427
-1.6664299964904785
2.0
0.0
0.8711020946502686
0.1705937385559082
-0.6021702289581299
5.0
0.0
0.8224987983703613
0.42789721488952637
4.42058801651001
2.0
0.0
0.8195138573646545
1.0690088272094727
-4.38728666305542
3.0
0.0
0.8266578912734985
0.9066805243492126
-4.109181880950928
2.0
0.0
0.8255044221878052
0.9174367189407349
-3.355158567428589
4.0
0.0
0.8254126310348511
0.918334424495697
-1.320954442024231
3.0
0.0
0.8505865335464478
0.768623948097229
3.478778839111328
3.0
0.0
0.8476789593696594
1.3047783374786377
-4.30460262298584
6.0
0.0
0.838031530380249
1.3523255586624146
-3.991734743118286
2.0
0.0
0.9129210114479065
1.1076414585113525
-2.812269449234009
4.0
0.0
0.8894511461257935
1.1646206378936768
-1.7780293226242065
4.0
0.0
0.8491103649139404
1.2985140085220337
0.7057077288627625
7.0
0.0
0.8192176818847656
2.081031322479248
-2.975038766860962
4.0
0.0
0.8233045339584351
1.9883960485458374
-1.2223507165908813
4.0
0.0
0.8744816780090332
2.2544538974761963
-1.0662415027618408
3.0
0.0
0.8198961019515991
2.6532785892486572
-0.5639633536338806
3.0
0.0
0.8273957371711731
2.4710378646850586
-0.3884046673774719
6.0
0.0
0.8472527265548706
2.3538739681243896
-0.029309624806046486
7.0
0.0
0.8461881279945374
2.3586840629577637
1.0651586055755615
9.0
0.0
0.8857606053352356
2.7453858852386475
-4.288910388946533
5.0
0.0
0.8193613886833191
3.115434408187866
-3.8941705226898193
5.0
0.0
0.8759536147117615
2.77358078956604
-2.8103201389312744
2.0
0.0
0.8375310897827148
2.925910711288452
-1.2835922241210938
3.0
0.0
0.8194423317909241
3.11100697517395
-1.1984713077545166
4.0
0.0
0.8820591568946838
2.7557201385498047
-0.44142651557922363
5.0
0.0
0.8803095817565918
2.760730266571045
-0.43080267310142517
4.0
0.0
0.8808025121688843
2.759310245513916
-0.42666032910346985
4.0
0.0
0.8285667300224304
2.9850006103515625
3.528280735015869
2.0
0.0
0.8402642607688904
-2.848452091217041
-1.5791972875595093
4.0
0.0
0.8400653600692749
-2.847412347793579
-1.2467173337936401
4.0
0.0
0.8318957686424255
-2.799004554748535
-0.13276353478431702
7.0
0.0
0.8906773924827576
-3.0274124145507812
4.3942718505859375
2.0
0.0
0.848451554775238
-1.8402161598205566
-2.0228331089019775
3.0
0.0
0.8739394545555115
-1.9326716661453247
2.742678165435791
10.0
0.0
0.8558861613273621
-1.3471137285232544
-2.2180912494659424
2.0
0.0
0.8523373603820801
-1.3330270051956177
-2.1518139839172363
2.0
0.0
0.8300297856330872
-1.2149962186813354
-1.1307320594787598
2.0
0.0
0.8214781284332275
-1.1278104782104492
1.6295009851455688
9.0
0.0
0.8192700743675232
0.007416594307869673
-1.1395039558410645
4.0
0.0
1.094589114189148
0.2600491940975189
-1.8730593919754028
2.0
1.0
1.0882889032363892
0.28567785024642944
-1.5869946479797363
4.0
1.0
1.1198723316192627
0.17910338938236237
-0.21666839718818665
5.0
1.0
1.069489598274231
0.3994380235671997
4.423511981964111
2.0
1.0
1.0699236392974854
0.7879686951637268
-1.326640009880066
2.0
1.0
1.0897648334503174
0.6720761060714722
3.4709815979003906
3.0
1.0
1.1380072832107544
0.9188252091407776
-3.8988490104675293
5.0
1.0
1.096062421798706
1.0398814678192139
-3.743194580078125
4.0
1.0
1.1193455457687378
0.9659474492073059
-2.8112947940826416
4.0
1.0
1.0719491243362427
1.1632000207901
-1.7448906898498535
2.0
1.0
1.1425069570541382
1.3012312650680542
1.6232662200927734
7.0
1.0
1.0676655769348145
1.990286111831665
-1.0127973556518555
2.0
1.0
1.1422054767608643
2.087308168411255
-3.3824493885040283
4.0
1.0
1.0867964029312134
2.2557601928710938
-0.8566882014274597
3.0
1.0
1.0713170766830444
2.346447467803955
0.4657931923866272
5.0
1.0
1.0694471597671509
2.3633503913879395
1.8462560176849365
8.0
1.0
1.0845465660095215
2.658845901489258
-0.12768132984638214
4.0
1.0
1.1434755325317383
2.477158784866333
0.19464093446731567
5.0
1.0
1.0746140480041504
3.1071503162384033
-4.493005752563477
5.0
1.0
1.112851619720459
2.947951078414917
-2.810157537460327
3.0
1.0
1.0838693380355835
3.05479097366333
-1.2749826908111572
4.0
1.0
1.0731964111328125
3.117159128189087
-0.9733233451843262
6.0
1.0
1.0772467851638794
3.090338706970215
3.5365653038024902
2.0
1.0
1.0862008333206177
-2.8466341495513916
-1.476738691329956
2.0
1.0
1.088474988937378
-2.856720209121704
-1.0498347282409668
4.0
1.0
1.077452301979065
-2.801380157470703
0.3913286626338959
6.0
1.0
1.135838508605957
-3.003073215484619
4.389885902404785
2.0
1.0
1.0773836374282837
-2.015571117401123
-0.33723464608192444
2.0
1.0
1.067808747291565
-1.9384711980819702
3.7730302810668945
9.0
1.0
1.1444917917251587
-1.8447906970977783
-2.053372621536255
2.0
1.0
1.1046477556228638
-1.3462573289871216
-2.3038620948791504
2.0
1.0
1.1069473028182983
-1.3536686897277832
-2.2999632358551025
1.0
1.0
1.1024866104125977
-1.3390769958496094
-2.2154922485351562
3.0
1.0
1.079302430152893
-1.2412482500076294
-1.4119232892990112
2.0
1.0
1.0791558027267456
-1.2404292821884155
-0.9884306788444519
4.0
1.0
1.074480652809143
-1.2116308212280273
-0.8899893164634705
4.0
1.0
1.1871167421340942
-1.14189875125885
3.2278428077697754
8.0
1.0
1.0692933797836304
0.00868530385196209
-0.8927509188652039
3.0
1.0
1.3490662574768066
0.2658074200153351
-1.8589266538619995
4.0
2.0
1.3748223781585693
0.18744347989559174
0.17836396396160126
2.0
2.0
1.3344395160675049
0.6455234885215759
3.3843986988067627
2.0
2.0
1.3411426544189453
0.6120721101760864
3.4618847370147705
2.0
2.0
1.435539722442627
0.37857896089553833
4.42822265625
3.0
2.0
1.342839002609253
0.9188272356987
-4.256356716156006
4.0
2.0
1.3571521043777466
0.8662853837013245
-2.8103201389312744
4.0
2.0
1.4391021728515625
0.6869052648544312
-1.3354120254516602
4.0
2.0
1.3713799715042114
0.824772834777832
3.5269811153411865
3.0
2.0
1.3715770244598389
0.8242477178573608
3.548748731613159
2.0
2.0
1.4500805139541626
0.6695810556411743
3.551429033279419
4.0
2.0
1.363844871520996
1.1599518060684204
-1.6927460432052612
2.0
2.0
1.4469774961471558
1.3027011156082153
2.5764000415802
8.0
2.0
1.3680495023727417
2.0904653072357178
-3.6673331260681152
3.0
2.0
1.4127817153930664
1.989516258239746
-0.7176358103752136
3.0
2.0
1.345028281211853
2.480534553527832
0.5676670670509338
5.0
2.0
1.3967974185943604
2.335554361343384
1.1992510557174683
5.0
2.0
1.3822559118270874
2.3681578636169434
2.940925359725952
8.0
2.0
1.3900146484375
2.664426326751709
0.37524667382240295
4.0
2.0
1.361303448677063
3.052461862564087
-2.810157537460327
3.0
2.0
1.3396730422973633
3.1320531368255615
-1.2670228481292725
3.0
2.0
1.341587781906128
3.1233699321746826
-0.7359920144081116
4.0
2.0
1.3352384567260742
-3.1288223266601562
3.5442001819610596
3.0
2.0
1.3414140939712524
-2.8448877334594727
-1.3703374862670898
3.0
2.0
1.3467450141906738
-2.866978168487549
-0.8436926603317261
1.0
2.0
1.3332903385162354
-2.8035666942596436
0.9372606873512268
3.0
2.0
1.4550771713256836
-3.1079137325286865
3.547774076461792
2.0
2.0
1.3891915082931519
-2.9885988235473633
4.385499954223633
4.0
2.0
1.3730071783065796
-2.0069620609283447
0.08284666389226913
4.0
2.0
1.3787962198257446
-2.0216758251190186
0.10964998602867126
3.0
2.0
1.4527844190597534
-1.8478189706802368
-2.0848867893218994
3.0
2.0
1.3589082956314087
-1.3383994102478027
-2.393693685531616
6.0
2.0
1.3671778440475464
-1.3628573417663574
-2.3842720985412598
4.0
2.0
1.3605316877365112
-1.3434213399887085
-2.2804698944091797
1.0
2.0
1.4426538944244385
-1.2037594318389893
-0.5264386534690857
4.0
2.0
1.41121506690979
-1.1491038799285889
4.216720104217529
9.0
2.0
1.3356891870498657
0.010333385318517685
-0.6289411187171936
3.0
2.0
2.399301290512085
0.5848632454872131
-1.3666666746139526
1.0
3.0
2.406587600708008
1.1462129354476929
-1.3666666746139526
1.0
3.0
2.4037036895751953
-3.0554940700531006
-2.9666666984558105
3.0
3.0
2.411510467529297
-3.023800849914551
-1.3666666746139526
2.0
3.0
2.406079053878784
-2.7148585319519043
-1.3666666746139526
5.0
3.0
2.4160585403442383
0.9144436120986938
-6.0333333015441895
2.0
3.0
2.3948426246643066
2.1003663539886475
-4.699999809265137
1.0
3.0
2.4172799587249756
3.0051071643829346
-6.0333333015441895
3.0
3.0
2.404156446456909
-1.4825427532196045
-5.366666793823242
5.0
3.0
2.395184278488159
0.017911897972226143
0.30000001192092896
1.0
3.0
2.394970655441284
0.5116568207740784
3.5
2.0
3.0
2.409871816635132
1.9824960231781006
0.30000001192092896
1.0
3.0
2.3994619846343994
2.680339813232422
1.899999976158142
1.0
3.0
2.413393497467041
2.4937827587127686
2.433333396911621
2.0
3.0
2.3948352336883545
-3.1361641883850098
0.30000001192092896
2.0
3.0
2.410904884338379
-3.02594256401062
3.5
2.0
3.0
2.395867109298706
-2.064547538757324
1.3666666746139526
1.0
3.0
2.4165778160095215
-1.1815510988235474
0.30000001192092896
1.0
3.0
2.5771987438201904
0.29055550694465637
-1.899999976158142
1.0
4.0
2.5771987438201904
0.29055550694465637
-1.3666666746139526
1.0
4.0
2.5919604301452637
0.6748318076133728
-2.9666666984558105
2.0
4.0
2.5787301063537598
-2.8349111080169678
-0.8333333134651184
1.0
4.0
2.589090347290039
-2.7797069549560547
-0.8333333134651184
3.0
4.0
2.57673978805542
-1.8542914390563965
-2.433333396911621
1.0
4.0
2.5949580669403076
-1.4295216798782349
-2.9666666984558105
2.0
4.0
2.5779287815093994
-1.2716715335845947
-2.9666666984558105
2.0
4.0
2.5791544914245605
-1.3574037551879883
-2.433333396911621
4.0
4.0
2.597374677658081
0.9133760929107666
-6.699999809265137
1.0
4.0
2.594801902770996
2.9998207092285156
-6.0333333015441895
1.0
4.0
2.5912513732910156
-1.4170701503753662
-6.0333333015441895
3.0
4.0
2.577880620956421
0.22497788071632385
1.899999976158142
1.0
4.0
2.5896151065826416
2.254110336303711
0.8333333134651184
1.0
4.0
2.5813355445861816
2.292696237564087
4.0333333015441895
2.0
4.0
2.5774765014648438
-2.912078619003296
0.30000001192092896
2.0
4.0
2.5815858840942383
-2.8147873878479004
3.5
1.0
4.0
2.580392599105835
-1.8900604248046875
1.899999976158142
2.0
4.0
2.590015411376953
0.3653815984725952
4.699999809265137
2.0
4.0
2.5761730670928955
1.3034460544586182
6.0333333015441895
1.0
4.0
2.5768890380859375
2.3804121017456055
7.366666793823242
2.0
4.0
3.2384684085845947
0.30306145548820496
-1.899999976158142
1.0
5.0
3.2417988777160645
0.29227739572525024
-0.8333333134651184
2.0
5.0
3.2285776138305664
1.1341938972473145
-1.3666666746139526
1.0
5.0
3.2360334396362305
-2.829728603363037
-0.8333333134651184
1.0
5.0
3.2293636798858643
-1.2272288799285889
-2.9666666984558105
2.0
5.0
3.2257518768310547
0.7986977696418762
-7.366666793823242
5.0
5.0
3.2289295196533203
0.8317148685455322
-7.366666793823242
5.0
5.0
3.2263784408569336
0.023775024339556694
1.3666666746139526
1.0
5.0
3.240396499633789
0.48872992396354675
3.5
1.0
5.0
3.2256577014923096
1.974377155303955
0.8333333134651184
1.0
5.0
3.241668939590454
2.256171703338623
1.3666666746139526
5.0
5.0
3.2309701442718506
2.690518856048584
3.5
1.0
5.0
3.2265732288360596
-3.115400791168213
0.8333333134651184
1.0
5.0
3.226095676422119
-1.1583507061004639
1.3666666746139526
1.0
5.0
3.2263176441192627
0.3697296977043152
4.699999809265137
1.0
5.0
3.2378928661346436
2.2685563564300537
5.366666793823242
2.0
5.0
3.4269402027130127
0.2624039649963379
-0.8333333134651184
2.0
6.0
3.435497760772705
0.2929924726486206
-0.8333333134651184
1.0
6.0
3.423325538635254
0.6365349292755127
-2.9666666984558105
1.0
6.0
3.4217910766601562
0.5521882176399231
-1.3666666746139526
1.0
6.0
3.425398349761963
-3.0041024684906006
-2.9666666984558105
1.0
6.0
3.4235763549804688
-2.994246482849121
-1.3666666746139526
1.0
6.0
3.433318853378296
-1.857005000114441
-2.433333396911621
1.0
6.0
3.4195756912231445
-1.366463303565979
-2.9666666984558105
1.0
6.0
3.4235763549804688
2.1108415126800537
-6.0333333015441895
1.0
6.0
3.423901081085205
0.24724915623664856
3.5
2.0
6.0
3.419508457183838
-2.940300941467285
0.8333333134651184
5.0
6.0
3.425398349761963
-3.0041024684906006
3.5
1.0
6.0
3.4226765632629395
-2.1165318489074707
2.9666666984558105
2.0
6.0
3.4196743965148926
-1.7781705856323242
2.9666666984558105
3.0
6.0
