260
0.9082913398742676
0.07091889530420303
-3.3957698345184326
6.0
0.0
0.8339301943778992
0.3292868435382843
-0.4473719894886017
2.0
0.0
0.8464255928993225
0.2632072865962982
0.06042933464050293
4.0
0.0
0.8466676473617554
0.7857086658477783
-2.751631259918213
7.0
0.0
0.8289397954940796
1.4112653732299805
-2.5375351905822754
8.0
0.0
0.8192852735519409
2.0735583305358887
-1.2078931331634521
3.0
0.0
0.8466514945030212
2.3565781116485596
-1.1141626834869385
4.0
0.0
0.8755576014518738
2.251178503036499
1.362215280532837
4.0
0.0
0.8227994441986084
3.041914224624634
-0.9112695455551147
3.0
0.0
0.9105610847473145
-3.07585072517395
-1.3422346115112305
4.0
0.0
0.8976792693138123
-0.4273209273815155
-0.687745988368988
2.0
0.0
0.8538627624511719
-0.29198160767555237
3.70674204826355
10.0
0.0
1.170844554901123
0.06523669511079788
-4.211800575256348
7.0
1.0
1.0785763263702393
0.33364540338516235
-0.41569530963897705
2.0
1.0
1.0933533906936646
0.2648318111896515
0.23976798355579376
4.0
1.0
1.0698529481887817
0.7886354327201843
-3.3297197818756104
5.0
1.0
1.1042426824569702
1.403965711593628
-3.1981399059295654
5.0
1.0
1.1524523496627808
2.0650582313537598
-1.4698184728622437
5.0
1.0
1.0705938339233398
2.3526577949523926
-1.2631242275238037
3.0
1.0
1.0871696472167969
2.254091501235962
1.8270550966262817
5.0
1.0
1.0853221416473389
3.047898054122925
-1.0254679918289185
6.0
1.0
1.165290355682373
-3.0658180713653564
-1.565551996231079
4.0
1.0
1.0746018886566162
-0.42705878615379333
-0.7135747075080872
4.0
1.0
1.333234429359436
0.33835944533348083
-0.3830440044403076
4.0
2.0
1.348861575126648
0.2665673494338989
0.4251171052455902
3.0
2.0
1.3832341432571411
0.7950369119644165
-4.141345977783203
4.0
2.0
1.3950520753860474
1.3967869281768799
-3.8937807083129883
6.0
2.0
1.3804497718811035
2.058346748352051
-1.6503480672836304
4.0
2.0
1.3916749954223633
2.346590995788574
-1.4757640361785889
4.0
2.0
1.4385734796524048
2.2585604190826416
2.603203296661377
3.0
2.0
1.361092209815979
3.0531015396118164
-1.1461641788482666
3.0
2.0
1.421729564666748
-3.053457021713257
-1.7916747331619263
4.0
2.0
1.3692370653152466
-0.42607805132865906
-0.7569473385810852
2.0
2.0
2.3997914791107178
2.029886484146118
-2.433333396911621
1.0
3.0
2.4153757095336914
-3.010972738265991
-2.433333396911621
2.0
3.0
2.4003069400787354
3.073841094970703
-1.3666666746139526
1.0
3.0
2.4069762229919434
-0.42297104001045227
-0.8333333134651184
2.0
3.0
2.5894830226898193
0.3633842170238495
-0.30000001192092896
2.0
4.0
2.5776944160461426
2.3213889598846436
-2.433333396911621
1.0
4.0
2.595747470855713
-3.0028040409088135
-2.9666666984558105
1.0
4.0
2.577880620956421
0.8222196698188782
-7.366666793823242
1.0
4.0
2.580467700958252
1.36696457862854
-6.699999809265137
1.0
4.0
2.5764691829681396
0.27794620394706726
1.3666666746139526
2.0
4.0
2.5848336219787598
2.2741241455078125
5.366666793823242
1.0
4.0
3.22590708732605
0.3761758506298065
-0.30000001192092896
1.0
5.0
3.2288100719451904
2.009007692337036
-2.9666666984558105
1.0
5.0
3.2293636798858643
2.307062864303589
-2.433333396911621
2.0
5.0
3.229689359664917
3.0904510021209717
-1.899999976158142
1.0
5.0
3.2267136573791504
-0.42050185799598694
-0.8333333134651184
1.0
5.0
3.23366379737854
2.2849767208099365
6.699999809265137
1.0
5.0
3.420478582382202
-2.969569683074951
-3.5
2.0
6.0
3.433318853378296
0.2862086594104767
1.899999976158142
1.0
6.0
