1065
0.8435702323913574
0.27657145261764526
-2.4666314125061035
2.0
0.0
0.8217923045158386
0.4380326569080353
-2.3074357509613037
3.0
0.0
0.9120921492576599
0.5858938694000244
-4.314056873321533
5.0
0.0
0.8991507887840271
0.6162391304969788
-4.1627888679504395
6.0
0.0
0.8384111523628235
0.8266374468803406
-4.095861434936523
6.0
0.0
0.8197725415229797
1.6022588014602661
-4.336279392242432
6.0
0.0
0.8207966089248657
1.5022790431976318
-2.1152639389038086
2.0
0.0
0.8210060000419617
1.6311630010604858
-1.8555153608322144
1.0
0.0
0.8303934335708618
1.4003353118896484
-0.7033406496047974
6.0
0.0
0.8234034776687622
1.4636062383651733
-0.46754759550094604
5.0
0.0
0.8196533918380737
2.1217610836029053
-3.5458247661590576
4.0
0.0
0.8780328035354614
1.7201800346374512
-1.8896286487579346
4.0
0.0
0.9115412831306458
1.6343274116516113
-1.8257880210876465
2.0
0.0
0.8891024589538574
1.6891475915908813
-0.9411593675613403
6.0
0.0
0.8238583207130432
2.5055019855499268
-3.5891973972320557
4.0
0.0
0.8300297856330872
2.4501953125
-3.421436071395874
2.0
0.0
0.8487243056297302
2.3473849296569824
-2.1815414428710938
4.0
0.0
0.8663614392280579
2.280453681945801
-2.159611463546753
2.0
0.0
0.8206067681312561
2.553290843963623
-2.107466697692871
4.0
0.0
0.9017544388771057
2.1806986331939697
-1.722473382949829
4.0
0.0
0.9125258922576904
2.1557202339172363
-0.6463226675987244
4.0
0.0
0.8867406845092773
2.2191081047058105
0.6442108750343323
3.0
0.0
0.9002622365951538
2.1843152046203613
2.356006622314453
4.0
0.0
0.9106262922286987
2.6835882663726807
-3.3091869354248047
3.0
0.0
0.8238487839698792
3.0292088985443115
-2.536731004714966
5.0
0.0
0.8887546062469482
2.737273931503296
-2.406689405441284
4.0
0.0
0.8418883681297302
2.9028337001800537
-2.034853935241699
2.0
0.0
0.8836291432380676
2.7512941360473633
-1.1989586353302002
4.0
0.0
0.8449058532714844
-2.8713717460632324
-3.351097583770752
3.0
0.0
0.8412725329399109
-2.8536438941955566
-2.7703588008880615
4.0
0.0
0.8750053644180298
-2.983132839202881
-2.352595329284668
5.0
0.0
0.8194261193275452
-2.6477596759796143
-1.9110713005065918
2.0
0.0
0.8210581541061401
-2.6914122104644775
-1.7741307020187378
4.0
0.0
0.8211087584495544
-2.692319631576538
-1.6901469230651855
3.0
0.0
0.8206936120986938
-2.0400197505950928
-2.410588026046753
4.0
0.0
0.819657027721405
-2.1339964866638184
-1.4133853912353516
4.0
0.0
0.8577238917350769
-2.4013102054595947
2.666069269180298
12.0
0.0
0.9002003073692322
-2.5279228687286377
2.6886491775512695
3.0
0.0
0.8341827988624573
-1.766690969467163
-3.851870059967041
6.0
0.0
0.840297520160675
-1.8014278411865234
-3.3286802768707275
3.0
0.0
0.8370064496994019
-1.2599129676818848
-4.328969478607178
8.0
0.0
0.8232303857803345
-1.1522941589355469
-2.1618854999542236
3.0
0.0
0.8193766474723816
-0.508637547492981
-3.6674630641937256
5.0
0.0
0.8269611597061157
-0.6668000817298889
-2.563241958618164
1.0
0.0
0.831264853477478
-0.7002626061439514
-1.6180216073989868
3.0
0.0
0.8355944752693176
-0.7280932068824768
0.5079200267791748
6.0
0.0
0.8390843272209167
-0.7478106021881104
0.7262453436851501
4.0
0.0
0.8238583207130432
-0.6360906958580017
0.7881366610527039
2.0
0.0
0.8540905714035034
-0.8164862394332886
0.8022693395614624
4.0
0.0
0.8192721009254456
-0.5159999132156372
4.443817615509033
3.0
0.0
0.8193020820617676
-0.5135394930839539
4.475088119506836
12.0
0.0
0.8197072744369507
0.029277825728058815
-3.4389801025390625
4.0
0.0
0.8604217171669006
-0.31686103343963623
-3.234299898147583
4.0
0.0
0.8192746043205261
-0.019925594329833984
-2.8863439559936523
4.0
0.0
1.1602479219436646
0.08565268665552139
-3.9137613773345947
4.0
1.0
1.090599775314331
0.27589890360832214
-2.5684401988983154
3.0
1.0
1.177236795425415
0.44621944427490234
-2.386221408843994
4.0
1.0
1.0814316272735596
1.496202826499939
-2.149864673614502
2.0
1.0
1.0794497728347778
1.5068265199661255
-2.1128273010253906
2.0
1.0
1.105608582496643
1.3995119333267212
-0.23391999304294586
4.0
1.0
1.0887552499771118
1.4617623090744019
0.06481532007455826
3.0
1.0
1.1674859523773193
1.6423636674880981
-1.7419666051864624
4.0
1.0
1.1269019842147827
1.731303334236145
-1.714676022529602
2.0
1.0
1.1424760818481445
1.694000005722046
-0.6061989068984985
3.0
1.0
1.0940711498260498
1.8328369855880737
-0.26315999031066895
2.0
1.0
1.0675548315048218
1.9916809797286987
1.326640009880066
6.0
1.0
1.0682501792907715
1.9833160638809204
2.505293130874634
3.0
1.0
1.1213258504867554
2.138648509979248
-4.0622029304504395
5.0
1.0
1.0687552690505981
2.3704447746276855
-2.2370972633361816
2.0
1.0
1.0825221538543701
2.2760326862335205
-2.168708324432373
3.0
1.0
1.108805537223816
2.1747939586639404
-1.633778691291809
4.0
1.0
1.0977877378463745
2.2116360664367676
-0.9080206751823425
4.0
1.0
1.0859647989273071
2.2595322132110596
0.3705357611179352
3.0
1.0
1.0921425819396973
2.2331204414367676
2.1854400634765625
4.0
1.0
1.1598328351974487
2.0499751567840576
2.519706964492798
3.0
1.0
1.0868713855743408
2.2554235458374023
2.6110007762908936
4.0
1.0
1.1237584352493286
2.1321630477905273
2.9355647563934326
6.0
1.0
1.0808345079421997
2.284729480743408
3.05025053024292
3.0
1.0
1.117470622062683
2.5419552326202393
-4.1260762214660645
3.0
1.0
1.1588281393051147
2.444685220718384
-3.9332547187805176
4.0
1.0
1.0794497728347778
2.6849236488342285
-3.5287680625915527
4.0
1.0
1.071897029876709
2.7344114780426025
-2.464682102203369
2.0
1.0
1.115492343902588
2.547567367553711
-2.1027557849884033
3.0
1.0
1.0701476335525513
2.7493813037872314
-1.0064619779586792
6.0
1.0
1.0890371799468994
3.0313518047332764
-2.669480800628662
2.0
1.0
1.1312261819839478
2.8985495567321777
-2.0056140422821045
2.0
1.0
1.0937625169754028
-2.8783562183380127
-3.7110307216644287
4.0
1.0
1.0862599611282349
-2.8469038009643555
-2.959606409072876
3.0
1.0
1.129370927810669
-2.9873321056365967
-2.4201722145080566
3.0
1.0
1.1563076972961426
-2.6553008556365967
-1.8246508836746216
3.0
1.0
1.1719388961791992
-2.68569278717041
-1.625981330871582
4.0
1.0
1.080349326133728
-2.0323731899261475
-2.5017192363739014
2.0
1.0
1.1053072214126587
-2.1338040828704834
-1.1663073301315308
4.0
1.0
1.1123745441436768
-1.763025164604187
-4.424973964691162
6.0
1.0
1.1244579553604126
-1.7966647148132324
-3.7220444679260254
5.0
1.0
1.0677783489227295
-1.1527011394500732
-2.173581600189209
3.0
1.0
1.1220732927322388
-0.61225426197052
-4.231989860534668
4.0
1.0
1.148200511932373
-0.6747997999191284
-2.73640775680542
3.0
1.0
1.1634764671325684
-0.7061055302619934
-1.4138727188110352
2.0
1.0
1.1807003021240234
-0.738054633140564
1.6006399393081665
8.0
1.0
1.168038010597229
-0.32218098640441895
-3.6330573558807373
2.0
1.0
1.0719491243362427
-0.014897244982421398
-3.123188018798828
2.0
1.0
1.4107578992843628
0.10840632021427155
-4.261620044708252
5.0
2.0
1.3467450141906738
0.2746146023273468
-2.6738667488098145
2.0
2.0
1.396194338798523
0.45187509059906006
-2.4349546432495117
4.0
2.0
1.3524165153503418
1.5104259252548218
-2.1103906631469727
2.0
2.0
1.3561252355575562
1.4979312419891357
-0.7010664343833923
3.0
2.0
1.3665387630462646
1.4663734436035156
-0.6981424689292908
3.0
2.0
1.3946259021759033
1.3977007865905762
0.25877395272254944
3.0
2.0
1.36902916431427
1.459446668624878
0.6280964016914368
5.0
2.0
1.4149430990219116
1.6713052988052368
-2.1971359252929688
4.0
2.0
1.4270449876785278
1.6495845317840576
-1.6571706533432007
4.0
2.0
1.4009195566177368
1.698664903640747
-0.26364731788635254
4.0
2.0
1.3487333059310913
2.152000665664673
-4.446611404418945
5.0
2.0
1.3446089029312134
2.168079376220703
-1.532413363456726
2.0
2.0
1.3557645082473755
2.4415910243988037
-4.240274429321289
4.0
2.0
1.4314550161361694
2.270359992980957
-2.184952735900879
2.0
2.0
1.3322534561157227
2.543480157852173
-2.100156784057617
2.0
2.0
1.3799811601638794
2.6878061294555664
-3.9194469451904297
3.0
2.0
1.3640632629394531
2.7301108837127686
-2.5569067001342773
4.0
2.0
1.358669400215149
2.746419906616211
-0.7077266573905945
2.0
2.0
1.3676316738128662
3.034104585647583
-2.8088581562042236
2.0
2.0
1.4343823194503784
2.8937718868255615
-1.9749120473861694
2.0
2.0
1.3517216444015503
-2.8853724002838135
-4.086764812469482
4.0
2.0
1.340232014656067
-2.8395583629608154
-3.15486478805542
4.0
2.0
1.3900604248046875
-2.9905426502227783
-2.4893734455108643
3.0
2.0
1.3829072713851929
-2.659940481185913
-1.7658460140228271
1.0
2.0
1.392512321472168
-2.6817922592163086
-1.532413363456726
4.0
2.0
1.385412573814392
-2.6658177375793457
-1.3938920497894287
4.0
2.0
1.379556655883789
-2.023545265197754
-2.606614589691162
2.0
2.0
1.4345556497573853
-2.1330645084381104
-0.881217360496521
4.0
2.0
1.4178786277770996
-1.7898622751235962
-4.1309494972229
3.0
2.0
1.412886619567871
-1.1522743701934814
-2.189826011657715
1.0
2.0
1.3499524593353271
-0.679924488067627
-2.8454079627990723
4.0
2.0
1.3587716817855835
-0.7096529603004456
-1.2949633598327637
2.0
2.0
1.370400309562683
-0.7433956861495972
2.2000598907470703
8.0
2.0
1.3401386737823486
-0.3258553743362427
-3.856548309326172
5.0
2.0
1.3396258354187012
-0.009319371543824673
-3.3751392364501953
1.0
2.0
2.3972294330596924
0.4785732626914978
-2.433333396911621
1.0
3.0
2.3976564407348633
1.5219793319702148
-1.899999976158142
2.0
3.0
2.407907247543335
1.6751841306686401
-1.3666666746139526
1.0
3.0
2.397001028060913
2.137253522872925
-0.8333333134651184
1.0
3.0
2.4058289527893066
2.713783025741577
-2.9666666984558105
1.0
3.0
2.40545916557312
2.5238187313079834
-1.899999976158142
2.0
3.0
2.406331777572632
3.0436525344848633
-3.5
1.0
3.0
2.3991434574127197
-2.6781766414642334
-1.3666666746139526
1.0
3.0
2.3972294330596924
-2.6630194187164307
-1.3666666746139526
1.0
3.0
2.394822597503662
-2.6136512756347656
-0.8333333134651184
2.0
3.0
2.407238721847534
-1.9926927089691162
-2.9666666984558105
2.0
3.0
2.396244764328003
-2.1291229724884033
-0.30000001192092896
2.0
3.0
2.407504081726074
-1.1499742269515991
-2.433333396911621
2.0
3.0
2.4135549068450928
0.6483443379402161
-7.366666793823242
1.0
3.0
2.4112062454223633
2.211116075515747
-6.0333333015441895
2.0
3.0
2.4027259349823
2.6992411613464355
-6.699999809265137
2.0
3.0
2.4021055698394775
2.696004629135132
-5.366666793823242
2.0
3.0
2.4129133224487305
1.44818913936615
2.9666666984558105
1.0
3.0
2.4112062454223633
2.734714984893799
0.30000001192092896
2.0
3.0
2.4104578495025635
-0.9331547021865845
5.366666793823242
1.0
3.0
2.4129133224487305
-0.9245902895927429
5.366666793823242
1.0
3.0
2.416752338409424
-0.9123108983039856
5.366666793823242
2.0
3.0
2.576188802719116
0.268359512090683
-2.9666666984558105
1.0
4.0
2.5908334255218506
2.2496178150177
-2.433333396911621
2.0
4.0
2.5761494636535645
2.876260757446289
-1.899999976158142
1.0
4.0
2.5842058658599854
-2.8007311820983887
-4.0333333015441895
1.0
4.0
2.596390724182129
-3.004791498184204
-2.9666666984558105
1.0
4.0
2.582832098007202
-0.713360607624054
-3.5
1.0
4.0
2.580244541168213
-0.728939414024353
-0.30000001192092896
2.0
4.0
2.5928328037261963
0.14824312925338745
-6.0333333015441895
2.0
4.0
2.582104444503784
2.4242148399353027
-6.0333333015441895
1.0
4.0
2.577561855316162
-2.9130866527557373
-6.0333333015441895
2.0
4.0
2.587094783782959
-1.7405091524124146
-7.366666793823242
1.0
4.0
2.5791544914245605
-0.736991286277771
-6.699999809265137
2.0
4.0
2.586975574493408
-0.3533855080604553
-5.366666793823242
2.0
4.0
2.581756114959717
1.3750077486038208
0.30000001192092896
1.0
4.0
2.5844125747680664
1.3890619277954102
2.433333396911621
1.0
4.0
2.576292037963867
1.843697190284729
0.30000001192092896
2.0
4.0
2.594184398651123
1.7145583629608154
1.3666666746139526
1.0
4.0
2.5762779712677
-0.7748012542724609
6.0333333015441895
1.0
4.0
3.2282447814941406
1.5293067693710327
-1.899999976158142
1.0
5.0
3.2291743755340576
2.7009682655334473
-2.9666666984558105
1.0
5.0
3.2387020587921143
3.0511555671691895
-3.5
1.0
5.0
3.2308194637298584
-2.691322088241577
-1.3666666746139526
1.0
5.0
3.2424569129943848
-2.646477222442627
-0.8333333134651184
1.0
5.0
3.225517988204956
-1.9691379070281982
-3.5
2.0
5.0
3.2270195484161377
-1.1470729112625122
-2.433333396911621
1.0
5.0
3.22995924949646
-0.7326486110687256
-4.0333333015441895
1.0
5.0
3.229050874710083
-0.7382770776748657
-0.30000001192092896
1.0
5.0
3.2263784408569336
0.023775024339556694
-5.366666793823242
1.0
5.0
3.230670928955078
2.4129624366760254
-7.366666793823242
1.0
5.0
3.227060079574585
-2.780320644378662
-4.699999809265137
2.0
5.0
3.226409673690796
-0.36852124333381653
-6.0333333015441895
2.0
5.0
3.2316737174987793
1.9015064239501953
1.3666666746139526
2.0
5.0
3.226409673690796
2.7247157096862793
1.3666666746139526
2.0
5.0
3.4271128177642822
0.26316097378730774
-3.5
2.0
6.0
3.431298017501831
0.5059816241264343
-2.9666666984558105
1.0
6.0
3.4270262718200684
1.7007129192352295
-0.8333333134651184
1.0
6.0
3.428658962249756
2.2330877780914307
-2.433333396911621
1.0
6.0
3.424802303314209
2.1040170192718506
-0.8333333134651184
1.0
6.0
3.4235129356384277
2.503919839859009
-1.899999976158142
2.0
6.0
3.4305551052093506
2.8648195266723633
-1.899999976158142
2.0
6.0
3.4275529384613037
-3.013946771621704
-2.9666666984558105
1.0
6.0
3.433318853378296
-2.6424031257629395
-0.8333333134651184
1.0
6.0
3.419620990753174
-2.5620481967926025
-0.30000001192092896
1.0
6.0
3.4198050498962402
-2.9311776161193848
-7.366666793823242
1.0
6.0
3.421168565750122
-1.7356016635894775
-6.699999809265137
1.0
6.0
3.420241594314575
1.3531601428985596
1.3666666746139526
2.0
6.0
3.41996693611145
1.3915530443191528
1.3666666746139526
1.0
6.0
3.419555902481079
1.3816699981689453
3.5
1.0
6.0
3.4223477840423584
1.7261098623275757
2.433333396911621
2.0
6.0
3.421696186065674
-2.123744010925293
0.8333333134651184
1.0
6.0
3.420478582382202
1.3987733125686646
4.699999809265137
2.0
6.0
3.4243760108947754
1.4280003309249878
4.699999809265137
5.0
6.0
3.4254751205444336
1.4336849451065063
4.699999809265137
8.0
6.0
