475
0.8202478885650635
0.568202555179596
-2.1203997135162354
13.0
0.0
0.821709930896759
0.9628995656967163
2.3988919258117676
4.0
0.0
0.8906773924827576
0.6377790570259094
3.350285291671753
2.0
0.0
0.8423033952713013
1.3299671411514282
1.0664039850234985
8.0
0.0
0.8233045339584351
1.4647972583770752
3.3868353366851807
2.0
0.0
0.8201232552528381
2.0407803058624268
-4.124235153198242
9.0
0.0
0.8933364748954773
1.6780579090118408
2.604177951812744
2.0
0.0
0.8360986709594727
2.410522699356079
4.401581764221191
6.0
0.0
0.8204230070114136
-3.09294056892395
1.89450204372406
4.0
0.0
0.8267784714698792
-2.759584903717041
2.047037363052368
4.0
0.0
0.8196130394935608
-2.655956506729126
3.253793239593506
2.0
0.0
0.8266458511352539
-2.234804630279541
1.5438169240951538
5.0
0.0
0.8212329149246216
-2.1708977222442627
2.3473970890045166
3.0
0.0
0.8609820604324341
-1.8896770477294922
-2.350421190261841
13.0
0.0
0.8643405437469482
-1.901475191116333
0.14376331865787506
10.0
0.0
0.8333489894866943
-1.7614115476608276
2.631956100463867
4.0
0.0
0.8822919130325317
-1.9573290348052979
4.254894733428955
4.0
0.0
0.8281678557395935
-0.6769818663597107
3.081277370452881
4.0
0.0
0.8386023640632629
-0.7452028393745422
3.0842013359069824
2.0
0.0
0.8701716065406799
-0.35003548860549927
2.95473313331604
3.0
0.0
1.121861219406128
0.5664113759994507
-4.097161293029785
12.0
1.0
1.0988883972167969
0.636885941028595
3.3614940643310547
2.0
1.0
1.1187937259674072
0.9674709439277649
2.071403980255127
4.0
1.0
1.1298099756240845
1.331261396408081
0.3071174621582031
5.0
1.0
1.0878270864486694
1.465789556503296
3.4121766090393066
1.0
1.0
1.1485363245010376
1.6806713342666626
2.4029531478881836
3.0
1.0
1.1157681941986084
2.154078483581543
-4.516326904296875
11.0
1.0
1.1834644079208374
-3.0990962982177734
1.2678675651550293
5.0
1.0
1.0712971687316895
-2.758474349975586
1.6724729537963867
5.0
1.0
1.1535874605178833
-2.6496987342834473
3.2338125705718994
2.0
1.0
1.1432632207870483
-2.234755754470825
0.8641606569290161
4.0
1.0
1.1224273443222046
-2.183997392654419
1.9914813041687012
4.0
1.0
1.0702537298202515
-1.9639794826507568
4.456488132476807
3.0
1.0
1.1659590005874634
-1.8890080451965332
-4.359346389770508
15.0
1.0
1.1712117195129395
-1.898943305015564
-0.9867520928382874
9.0
1.0
1.1130778789520264
-1.7651053667068481
2.403862714767456
5.0
1.0
1.186638355255127
-0.7483813762664795
2.9927451610565186
3.0
1.0
1.1378806829452515
-0.6516764163970947
2.9950194358825684
1.0
1.0
1.1796051263809204
-0.34341490268707275
2.8335494995117188
3.0
1.0
1.33621084690094
0.6358848214149475
3.374164581298828
2.0
2.0
1.3325932025909424
0.9705696105957031
1.8356971740722656
3.0
2.0
1.4577635526657104
0.9721521139144897
1.6982691287994385
3.0
2.0
1.428755760192871
1.33247709274292
-0.4832257926464081
7.0
2.0
1.3660904169082642
1.4676432609558105
3.4381678104400635
3.0
2.0
1.4086830615997314
1.6831986904144287
2.1976232528686523
2.0
2.0
1.4514293670654297
-3.1023950576782227
0.8043811321258545
3.0
2.0
1.431831955909729
-2.756824254989624
1.1206929683685303
5.0
2.0
1.3770407438278198
-2.6456246376037598
3.2206547260284424
2.0
2.0
1.345978021621704
-2.235651731491089
0.4291457235813141
5.0
2.0
1.3365607261657715
-2.193373680114746
1.7424540519714355
4.0
2.0
1.3402783870697021
-1.8972927331924438
-1.6101778745651245
7.0
2.0
1.4062654972076416
-1.7678265571594238
2.164679527282715
5.0
2.0
1.3801939487457275
-0.7684644460678101
1.1029540300369263
2.0
2.0
1.3394378423690796
-0.6367571353912354
2.939138412475586
3.0
2.0
1.3730071783065796
-0.7503250241279602
2.94336199760437
2.0
2.0
1.3434208631515503
-0.3402736485004425
2.768409252166748
4.0
2.0
2.3956470489501953
-3.114999532699585
-0.8333333134651184
1.0
3.0
2.415886878967285
-2.7502143383026123
-0.30000001192092896
1.0
3.0
2.408872604370117
0.6317437887191772
3.5
2.0
3.0
2.3997080326080322
0.9832295179367065
0.8333333134651184
2.0
3.0
2.4124395847320557
1.6917990446090698
1.3666666746139526
2.0
3.0
2.4058289527893066
1.475007176399231
3.5
1.0
3.0
2.394901990890503
-2.6272220611572266
2.9666666984558105
1.0
3.0
2.3969457149505615
-0.5659152269363403
2.433333396911621
2.0
3.0
2.403262138366699
-2.0104522705078125
6.0333333015441895
1.0
3.0
2.5771987438201904
1.3377530574798584
-3.5
1.0
4.0
2.59298038482666
-2.242140054702759
-2.433333396911621
1.0
4.0
2.579885959625244
-1.8865389823913574
-6.0333333015441895
1.0
4.0
2.577434778213501
-1.8643767833709717
-6.0333333015441895
9.0
4.0
2.59069561958313
-2.2501168251037598
0.30000001192092896
1.0
4.0
2.579747200012207
-1.7796587944030762
1.3666666746139526
1.0
4.0
2.576448440551758
-0.7697558403015137
0.8333333134651184
1.0
4.0
2.5766847133636475
-0.7647112011909485
2.433333396911621
1.0
4.0
2.580467700958252
-0.3197670876979828
2.433333396911621
1.0
4.0
2.577125310897827
2.383942127227783
6.699999809265137
1.0
4.0
2.5773534774780273
2.386967420578003
6.699999809265137
1.0
4.0
2.5916748046875
2.465763807296753
6.699999809265137
2.0
4.0
2.5775187015533447
2.388983726501465
7.366666793823242
5.0
4.0
3.2259509563446045
-3.1242635250091553
-2.433333396911621
1.0
5.0
3.225517988204956
-2.743251085281372
-1.3666666746139526
2.0
5.0
3.2344205379486084
-2.281769275665283
-0.30000001192092896
1.0
5.0
3.238236665725708
1.4819583892822266
3.5
1.0
5.0
3.2265732288360596
-0.7592064142227173
0.8333333134651184
1.0
5.0
3.2256577014923096
-0.7745164632797241
2.433333396911621
1.0
5.0
3.236781120300293
-0.30906182527542114
1.899999976158142
2.0
5.0
3.22617506980896
2.3771495819091797
7.366666793823242
4.0
5.0
3.2343239784240723
-2.037519693374634
6.699999809265137
2.0
5.0
3.4199235439300537
0.998093843460083
-0.30000001192092896
1.0
6.0
3.432401180267334
-2.2466864585876465
-4.0333333015441895
1.0
6.0
3.4212515354156494
1.3421430587768555
-6.0333333015441895
1.0
6.0
3.4203860759735107
2.1366584300994873
-7.366666793823242
3.0
6.0
3.4220871925354004
0.6281867623329163
3.5
1.0
6.0
3.4268546104431152
1.7014700174331665
0.8333333134651184
1.0
6.0
3.4249484539031982
-2.6091299057006836
2.9666666984558105
1.0
6.0
3.42044734954834
-1.7910923957824707
0.30000001192092896
1.0
6.0
