685
0.830837607383728
0.8735448718070984
-2.1615607738494873
6.0
0.0
0.8408665060997009
1.3372215032577515
-4.223217964172363
2.0
0.0
0.8688699007034302
1.7485665082931519
-4.227603912353516
2.0
0.0
0.8449058532714844
1.8410171270370483
-3.839524269104004
3.0
0.0
0.8651295900344849
1.761016845703125
-2.2755966186523438
4.0
0.0
0.8191981911659241
2.090796709060669
-0.5344448685646057
7.0
0.0
0.9090020656585693
2.163684129714966
-4.228578567504883
4.0
0.0
0.8517215251922607
2.3346922397613525
-3.182642698287964
2.0
0.0
0.8199527859687805
2.654916286468506
-2.4724793434143066
6.0
0.0
0.8222883343696594
3.0487852096557617
-3.921396255493164
3.0
0.0
0.8877156376838684
2.740065097808838
-3.7500174045562744
4.0
0.0
0.8240344524383545
3.027118682861328
-3.615675687789917
3.0
0.0
0.8553688526153564
2.843681573867798
-0.041423335671424866
10.0
0.0
0.8477941751480103
-2.8845226764678955
-3.3035013675689697
4.0
0.0
0.819789469242096
-2.0623865127563477
-4.310450553894043
2.0
0.0
0.8200467824935913
-1.6224101781845093
-4.467371940612793
4.0
0.0
0.8320633769035339
-1.7529430389404297
-3.8479714393615723
2.0
0.0
0.819993257522583
-1.5327403545379639
1.3853824138641357
13.0
0.0
0.821118950843811
-1.1217046976089478
-4.149143218994141
2.0
0.0
0.8338743448257446
-1.2411576509475708
-3.6283464431762695
3.0
0.0
0.9082268476486206
-1.4997291564941406
-3.415587902069092
4.0
0.0
0.8221856951713562
-1.1385574340820312
-3.3678293228149414
2.0
0.0
0.8442157506942749
-0.7737181186676025
-3.7919280529022217
4.0
0.0
1.1645370721817017
0.8626288771629333
-1.5292805433273315
7.0
1.0
1.125878095626831
1.3412357568740845
-4.392809867858887
2.0
1.0
1.1183815002441406
1.7540127038955688
-4.375753402709961
2.0
1.0
1.092342734336853
1.8396217823028564
-3.8767240047454834
4.0
1.0
1.1148039102554321
1.764150857925415
-1.859413981437683
4.0
1.0
1.1103192567825317
2.17014479637146
-4.342127323150635
2.0
1.0
1.072751522064209
2.3350753784179688
-3.0452146530151367
4.0
1.0
1.142140507698059
2.0874545574188232
0.7239061594009399
10.0
1.0
1.069879412651062
2.7518808841705322
-3.750504732131958
2.0
1.0
1.08538019657135
2.6549289226531982
-2.071566343307495
3.0
1.0
1.082793116569519
3.0600745677948
-3.986861228942871
2.0
1.0
1.0927448272705078
3.016120672225952
-3.5823745727539062
4.0
1.0
1.1526888608932495
2.849961757659912
1.227819561958313
9.0
1.0
1.0946933031082153
-2.881941556930542
-3.1845920085906982
2.0
1.0
1.0848608016967773
-2.0550296306610107
-4.50327205657959
3.0
1.0
1.1104464530944824
-1.7572330236434937
-3.8923187255859375
2.0
1.0
1.067368984222412
-1.5402065515518188
2.906099796295166
13.0
1.0
1.0788887739181519
-1.2389271259307861
-3.6036548614501953
3.0
1.0
1.169640302658081
-1.5033040046691895
-3.329979658126831
3.0
1.0
1.174952745437622
-1.120438814163208
-4.335792064666748
4.0
1.0
1.0695463418960571
-0.7792152166366577
-3.81255841255188
3.0
1.0
1.1836209297180176
-1.1358733177185059
-3.218705415725708
2.0
1.0
1.3598366975784302
0.8578290939331055
-1.1599719524383545
6.0
2.0
1.3488032817840576
1.8375808000564575
-3.915710687637329
2.0
2.0
1.3452014923095703
1.8515173196792603
-1.5848828554153442
3.0
2.0
1.3436558246612549
1.857856273651123
-1.5821213722229004
4.0
2.0
1.3711047172546387
1.7679860591888428
-1.435802698135376
4.0
2.0
1.3715770244598389
1.7667255401611328
-1.4309293031692505
4.0
2.0
1.342468500137329
2.177053213119507
-4.471433162689209
3.0
2.0
1.3694685697555542
2.086564064025879
1.6025893688201904
4.0
2.0
1.3704133033752441
2.084002733230591
1.6301507949829102
9.0
2.0
1.347832441329956
2.155391216278076
1.8124350309371948
5.0
2.0
1.397344946861267
2.3344006538391113
-2.843458652496338
4.0
2.0
1.3525097370147705
2.7667388916015625
-3.7500174045562744
4.0
2.0
1.3945313692092896
2.654541015625
-1.6047011613845825
3.0
2.0
1.3330992460250854
2.8524434566497803
1.9947534799575806
7.0
2.0
1.355601191520691
3.0704469680786133
-4.055250644683838
3.0
2.0
1.3796838521957397
3.0026915073394775
-3.5482614040374756
4.0
2.0
1.3501015901565552
-2.8795812129974365
-3.06162166595459
3.0
2.0
1.4027730226516724
-1.7608566284179688
-3.9391026496887207
2.0
2.0
1.3337810039520264
-1.2356585264205933
-3.5776638984680176
3.0
2.0
1.435423731803894
-1.5061849355697632
-3.243072032928467
2.0
2.0
1.396194338798523
-1.1189212799072266
-4.452264785766602
2.0
2.0
1.4032706022262573
-1.1335417032241821
-3.1282238960266113
3.0
2.0
1.3875592947006226
-0.7857946753501892
-3.8416359424591064
4.0
2.0
2.3961126804351807
2.651095151901245
-0.30000001192092896
1.0
3.0
2.398540496826172
-1.514941692352295
-2.9666666984558105
1.0
3.0
2.4020044803619385
-1.1246687173843384
-2.9666666984558105
1.0
3.0
2.4121270179748535
2.737926721572876
-6.0333333015441895
2.0
3.0
2.417457103729248
2.755012035369873
-5.366666793823242
2.0
3.0
2.409013271331787
-1.9857136011123657
-6.699999809265137
3.0
3.0
2.401904344558716
-2.017463445663452
-5.366666793823242
2.0
3.0
2.4152069091796875
-1.964308738708496
-5.366666793823242
7.0
3.0
2.4003069400787354
-1.6385477781295776
-6.0333333015441895
1.0
3.0
2.396156072616577
-0.48995521664619446
-5.366666793823242
2.0
3.0
2.4006645679473877
-0.4536861777305603
-4.699999809265137
1.0
3.0
2.4027259349823
0.08124717324972153
6.0333333015441895
2.0
3.0
2.5761804580688477
1.826540231704712
-4.0333333015441895
2.0
4.0
2.576986312866211
2.3304638862609863
-1.899999976158142
1.0
4.0
2.5806195735931396
2.820819854736328
-3.5
1.0
4.0
2.581756114959717
2.9458041191101074
-3.5
1.0
4.0
2.5762779712677
-2.8691964149475098
-2.433333396911621
1.0
4.0
2.5806195735931396
-1.7736221551895142
-4.0333333015441895
1.0
4.0
2.587456226348877
-1.215409517288208
-3.5
2.0
4.0
2.576768398284912
-0.807598352432251
-4.0333333015441895
2.0
4.0
2.579956531524658
1.363443374633789
-5.366666793823242
2.0
4.0
2.579477310180664
1.7816718816757202
-5.366666793823242
1.0
4.0
2.576711893081665
2.900984764099121
-6.699999809265137
2.0
4.0
2.5951147079467773
2.7587711811065674
-6.0333333015441895
1.0
4.0
2.5916748046875
2.770224094390869
-5.366666793823242
2.0
4.0
2.5949580669403076
-0.38232412934303284
-6.699999809265137
2.0
4.0
2.5795435905456543
-0.31322649121284485
-6.0333333015441895
2.0
4.0
2.5776944160461426
0.8202037215232849
1.3666666746139526
1.0
4.0
2.580171585083008
1.7766400575637817
0.8333333134651184
1.0
4.0
2.585706949234009
1.9186745882034302
2.9666666984558105
9.0
4.0
2.5780272483825684
1.8709290027618408
3.5
2.0
4.0
2.5783379077911377
1.8739519119262695
3.5
2.0
4.0
2.585047960281372
1.9156683683395386
3.5
1.0
4.0
2.586975574493408
1.9241818189620972
3.5
6.0
4.0
2.578848123550415
1.8784849643707275
4.0333333015441895
7.0
4.0
2.5800275802612305
2.9347429275512695
6.699999809265137
1.0
4.0
2.5763068199157715
2.868187189102173
7.366666793823242
1.0
4.0
2.5764904022216797
2.89644455909729
7.366666793823242
5.0
4.0
3.2267870903015137
2.3275861740112305
-1.899999976158142
1.0
5.0
3.2293636798858643
-1.5216647386550903
-2.433333396911621
2.0
5.0
3.226642370223999
-1.205094575881958
-3.5
1.0
5.0
3.2319176197052
-1.1149038076400757
-2.433333396911621
1.0
5.0
3.2274036407470703
-0.8200459480285645
-4.0333333015441895
2.0
5.0
3.235413074493408
2.8273255825042725
-6.0333333015441895
3.0
5.0
3.233388662338257
2.818908214569092
-5.366666793823242
2.0
5.0
3.2254879474639893
3.137965202331543
-4.699999809265137
1.0
5.0
3.2264413833618164
-1.988076090812683
-6.0333333015441895
1.0
5.0
3.2345173358917236
-1.6456222534179688
-6.699999809265137
2.0
5.0
3.2345173358917236
-1.1032713651657104
-5.366666793823242
2.0
5.0
3.2273147106170654
-0.4265417158603668
-6.699999809265137
2.0
5.0
3.2258448600769043
-0.37738466262817383
-6.0333333015441895
2.0
5.0
3.2261478900909424
0.8059504628181458
2.433333396911621
1.0
5.0
3.242192268371582
2.647274971008301
1.3666666746139526
1.0
5.0
3.2320828437805176
1.8994991779327393
4.699999809265137
1.0
5.0
3.2263479232788086
1.940123200416565
4.699999809265137
2.0
5.0
3.424034357070923
1.8188037872314453
-4.0333333015441895
2.0
6.0
3.4280052185058594
2.874647855758667
-3.5
2.0
6.0
3.42256498336792
2.902688980102539
-3.5
2.0
6.0
3.4311904907226562
-2.862553596496582
-1.899999976158142
2.0
6.0
3.419842481613159
-1.7819716930389404
-4.0333333015441895
1.0
6.0
3.419466972351074
1.3748269081115723
-6.0333333015441895
1.0
6.0
3.4280052185058594
2.230440139770508
-5.366666793823242
2.0
6.0
3.4200844764709473
2.964249610900879
-6.699999809265137
2.0
6.0
3.4218392372131348
-0.5518085956573486
-5.366666793823242
2.0
6.0
3.42256498336792
-0.5464946031570435
-4.699999809265137
2.0
6.0
3.419823408126831
1.781591534614563
1.899999976158142
2.0
6.0
3.434509754180908
2.6461730003356934
1.3666666746139526
1.0
6.0
3.4284698963165283
0.1238631010055542
6.0333333015441895
1.0
6.0
3.423901081085205
2.894343614578247
6.699999809265137
2.0
6.0
