335
0.8220348954200745
0.958009660243988
2.8839073181152344
3.0
0.0
0.826930582523346
1.427863359451294
-4.382088661193848
4.0
0.0
0.8364590406417847
1.3612260818481445
-3.8123960494995117
4.0
0.0
0.8973132967948914
1.144386649131775
-3.352721929550171
2.0
0.0
0.8201594352722168
1.6132255792617798
4.492934703826904
11.0
0.0
0.8199917674064636
2.13240909576416
-3.532179355621338
2.0
0.0
0.8195667266845703
2.058253765106201
-3.066819906234741
3.0
0.0
0.8201303482055664
2.564197301864624
-3.8172693252563477
10.0
0.0
0.8273747563362122
2.4712166786193848
-3.7501797676086426
3.0
0.0
0.8325651288032532
-2.8034958839416504
-3.544525146484375
3.0
0.0
0.8337630033493042
-2.8112502098083496
-3.4994094371795654
2.0
0.0
0.8192048668861389
-2.619326591491699
-2.9813740253448486
2.0
0.0
0.8496685028076172
-2.892674207687378
-2.9492099285125732
2.0
0.0
0.8192043304443359
-1.5814259052276611
-3.9142487049102783
1.0
0.0
0.821448564529419
-1.650925874710083
-3.865840196609497
3.0
0.0
0.8593323826789856
-1.8836865425109863
0.40497398376464844
10.0
0.0
0.8871127367019653
-1.4470940828323364
-1.6189149618148804
4.0
0.0
1.0746018886566162
1.143737554550171
-3.377088785171509
2.0
1.0
1.0786687135696411
1.118516445159912
3.355088949203491
7.0
1.0
1.117153525352478
1.364749550819397
-4.006354808807373
4.0
1.0
1.1232813596725464
2.133422613143921
-3.6423165798187256
2.0
1.0
1.1634161472320557
2.042905569076538
-2.9524588584899902
3.0
1.0
1.1375648975372314
2.4906532764434814
-4.002456188201904
2.0
1.0
1.0784095525741577
-2.806990385055542
-3.636793613433838
3.0
1.0
1.0808088779449463
-2.8202223777770996
-3.5794506072998047
4.0
1.0
1.0997812747955322
-2.9005632400512695
-2.866363286972046
2.0
1.0
1.1418812274932861
-2.624349355697632
-2.882932662963867
2.0
1.0
1.1150033473968506
-2.1634154319763184
-3.6169753074645996
2.0
1.0
1.0713870525360107
-1.5811251401901245
-4.1252641677856445
4.0
1.0
1.0820392370224
-1.6485148668289185
-4.067921161651611
3.0
1.0
1.16683030128479
-1.890677571296692
1.7176696062088013
7.0
1.0
1.1396291255950928
-1.4411206245422363
-1.1565606594085693
6.0
1.0
1.370166540145874
1.1421911716461182
-3.4170501232147217
2.0
2.0
1.4092999696731567
1.3678452968597412
-4.208110809326172
4.0
2.0
1.353830099105835
2.1338891983032227
-3.72613787651062
2.0
2.0
1.389054775238037
2.0382564067840576
-2.877084732055664
1.0
2.0
1.341179609298706
2.4968628883361816
-4.168636798858643
4.0
2.0
1.3343219757080078
-2.8095626831054688
-3.732473373413086
2.0
2.0
1.3377703428268433
-2.827824115753174
-3.6627845764160156
2.0
2.0
1.358465313911438
-2.9078047275543213
-2.7801053524017334
2.0
2.0
1.370166540145874
-2.6277201175689697
-2.8137314319610596
2.0
2.0
1.4553884267807007
-2.1659023761749268
-3.7345850467681885
3.0
2.0
1.3396966457366943
-1.8946051597595215
2.454935312271118
10.0
2.0
1.3397202491760254
-1.5805559158325195
-4.350249767303467
3.0
2.0
1.3566533327102661
-1.6453793048858643
-4.281210899353027
2.0
2.0
1.3976339101791382
-1.4361175298690796
-0.6828726530075073
6.0
2.0
2.4040422439575195
1.1349124908447266
-3.5
2.0
3.0
2.397001028060913
2.137253522872925
-4.0333333015441895
1.0
3.0
2.3990657329559326
2.0347533226013184
-2.433333396911621
2.0
3.0
2.395393133163452
-2.640246868133545
-2.433333396911621
1.0
3.0
2.401705741882324
-2.1702473163604736
-4.0333333015441895
2.0
3.0
2.394859552383423
-1.5778532028198242
-5.366666793823242
1.0
3.0
2.5763723850250244
-2.866168975830078
-4.0333333015441895
1.0
4.0
2.5808522701263428
-2.8193111419677734
-4.0333333015441895
2.0
4.0
2.5808522701263428
-2.940275192260742
-2.433333396911621
2.0
4.0
2.5932774543762207
1.4240473508834839
-6.699999809265137
1.0
4.0
2.589881420135498
-1.412079930305481
1.3666666746139526
1.0
4.0
3.2294275760650635
1.1285635232925415
-3.5
1.0
5.0
3.234811305999756
2.0395236015319824
-2.433333396911621
1.0
5.0
3.234712839126587
-2.824521064758301
-4.699999809265137
2.0
5.0
3.225510835647583
-1.5760358572006226
-6.0333333015441895
1.0
5.0
3.419945001602173
-2.9619693756103516
-1.899999976158142
2.0
6.0
3.4221384525299072
-2.592061758041382
-2.433333396911621
2.0
6.0
3.419646739959717
1.3847111463546753
-5.366666793823242
1.0
6.0
3.420109272003174
2.140458345413208
-4.699999809265137
1.0
6.0
3.4278228282928467
2.4827053546905518
-6.0333333015441895
2.0
6.0
3.4201347827911377
-1.394213318824768
2.9666666984558105
2.0
6.0
