650
0.8198066353797913
0.5561533570289612
-0.37475934624671936
10.0
0.0
0.8195585608482361
0.5473043322563171
1.476056456565857
5.0
0.0
0.8592743873596191
0.7345203757286072
3.1231184005737305
7.0
0.0
0.8537954092025757
0.7554844617843628
3.1512908935546875
3.0
0.0
0.8270224928855896
1.427058458328247
1.8988879919052124
4.0
0.0
0.8192259669303894
1.5561565160751343
3.6299707889556885
3.0
0.0
0.8396701812744141
1.343459129333496
4.158402442932129
4.0
0.0
0.8333489894866943
1.9037798643112183
-1.317380666732788
2.0
0.0
0.8744816780090332
1.7308549880981445
-1.187425136566162
3.0
0.0
0.8319849967956543
1.9127784967422485
-0.9933040142059326
2.0
0.0
0.8203092217445374
2.0362343788146973
-0.6209813356399536
4.0
0.0
0.8192517161369324
2.0766565799713135
2.856616735458374
2.0
0.0
0.8249530792236328
1.9701311588287354
4.346220970153809
5.0
0.0
0.8212119936943054
2.541853904724121
2.408151388168335
1.0
0.0
0.8202689290046692
-3.0964853763580322
-0.2992226481437683
2.0
0.0
0.8350571393966675
2.940324068069458
0.7898910641670227
5.0
0.0
0.8199224472045898
3.093435764312744
2.479951858520508
3.0
0.0
0.819232702255249
3.1260414123535156
2.828838586807251
4.0
0.0
0.8856016397476196
-3.013763904571533
2.899827003479004
3.0
0.0
0.8206936120986938
-2.0400197505950928
3.229426622390747
4.0
0.0
0.8429538607597351
-2.3384289741516113
4.281503200531006
5.0
0.0
0.8710817694664001
-1.9237369298934937
3.2305638790130615
3.0
0.0
0.8200520277023315
-1.0075461864471436
-0.9933040142059326
2.0
0.0
0.8193398118019104
-1.0344958305358887
-0.602300226688385
3.0
0.0
0.9119951725006104
-0.9846852421760559
-3.118502140045166
13.0
0.0
0.9101051688194275
-0.9804223775863647
-1.3053597211837769
3.0
0.0
0.8538374900817871
-0.8154796957969666
-1.1974966526031494
2.0
0.0
0.8199147582054138
-0.4877682328224182
1.8511292934417725
4.0
0.0
0.8240344524383545
-0.11447407305240631
-0.2555251121520996
3.0
0.0
1.1361900568008423
0.5303868055343628
-1.639748454093933
8.0
1.0
1.1242130994796753
0.5601712465286255
0.9557793140411377
4.0
1.0
1.074062466621399
0.7547577619552612
3.2230913639068604
1.0
1.0
1.1022930145263672
0.6250725388526917
3.538027286529541
6.0
1.0
1.070609450340271
1.5671207904815674
1.9081473350524902
2.0
1.0
1.0716652870178223
1.558182716369629
3.86259126663208
4.0
1.0
1.075344204902649
1.9241825342178345
-1.3193299770355225
2.0
1.0
1.107933759689331
1.784812569618225
-1.1858006715774536
1.0
1.0
1.0749902725219727
1.9265207052230835
-0.9924917817115784
3.0
1.0
1.1853880882263184
1.609960675239563
1.9125332832336426
4.0
1.0
1.1682838201522827
2.0335474014282227
-0.6250424981117249
3.0
1.0
1.1505070924758911
2.0691592693328857
2.849306583404541
4.0
1.0
1.1155369281768799
2.5474395751953125
2.241483211517334
6.0
1.0
1.0817314386367798
3.0654497146606445
0.37105557322502136
5.0
1.0
1.0763529539108276
3.0958237648010254
2.3577935695648193
3.0
1.0
1.070943832397461
3.135005235671997
2.8147060871124268
1.0
1.0
1.1850600242614746
-3.1018624305725098
-0.30685755610466003
3.0
1.0
1.1444369554519653
-3.022766590118408
2.9069745540618896
3.0
1.0
1.0814316272735596
-2.038088798522949
3.3424880504608154
4.0
1.0
1.188955545425415
-1.9304227828979492
3.361006736755371
4.0
1.0
1.113702654838562
-0.9815412163734436
-4.432365417480469
12.0
1.0
1.1182444095611572
-0.9944994449615479
-1.303735375404358
2.0
1.0
1.083701729774475
-0.8713876605033875
-1.1984713077545166
2.0
1.0
1.1303707361221313
-1.02632737159729
-0.9941162467002869
3.0
1.0
1.133054256439209
-1.0329067707061768
-0.597589373588562
4.0
1.0
1.1420432329177856
-0.6612196564674377
1.836753010749817
4.0
1.0
1.088474988937378
-0.10782653093338013
-0.2480526566505432
2.0
1.0
1.3751890659332275
0.5006623864173889
-2.645113945007324
10.0
2.0
1.351970911026001
0.569503903388977
0.5709809064865112
5.0
2.0
1.3572522401809692
0.5518043637275696
3.95810866355896
7.0
2.0
1.4023263454437256
0.7533212304115295
3.3293299674987793
2.0
2.0
1.3398386240005493
1.5604864358901978
4.109669208526611
4.0
2.0
1.3540210723876953
1.8190834522247314
-1.1833640336990356
4.0
2.0
1.4152082204818726
1.6708120107650757
1.9175691604614258
3.0
2.0
1.4426538944244385
1.937833309173584
-1.322253942489624
2.0
2.0
1.4444471597671509
1.934989333152771
-0.992816686630249
2.0
2.0
1.392512321472168
2.0305967330932617
-0.6273166537284851
2.0
2.0
1.3776646852493286
2.065202474594116
2.8449206352233887
2.0
2.0
1.4502640962600708
2.5542547702789307
2.051910638809204
4.0
2.0
1.3371102809906006
-3.1386702060699463
-0.04337267205119133
6.0
2.0
1.3478209972381592
3.097912549972534
2.227513074874878
3.0
2.0
1.3369799852371216
-3.138007164001465
2.80008602142334
2.0
2.0
1.4509382247924805
-3.101644515991211
-0.3130304515361786
3.0
2.0
1.4575127363204956
-3.111546516418457
-0.23440733551979065
5.0
2.0
1.408837080001831
-3.029489040374756
2.9177770614624023
4.0
2.0
1.3490662574768066
-1.933307409286499
3.4267966747283936
2.0
2.0
1.3844839334487915
-2.0353362560272217
3.4740679264068604
2.0
2.0
1.3527278900146484
-1.0039280652999878
-1.3021109104156494
3.0
2.0
1.3618693351745605
-1.0333133935928345
-0.9944410920143127
3.0
2.0
1.3608465194702148
-1.0302222967147827
-0.5936906933784485
4.0
2.0
1.4396319389343262
-1.1989084482192993
2.4471380710601807
7.0
2.0
1.3642821311950684
-0.7262778282165527
1.8282246589660645
2.0
2.0
1.3671778440475464
-0.10622032731771469
-0.24074266850948334
4.0
2.0
2.4124395847320557
-0.12100275605916977
-0.30000001192092896
2.0
3.0
2.401705741882324
0.599450945854187
-1.3666666746139526
2.0
3.0
2.403262138366699
2.0104522705078125
-0.8333333134651184
1.0
3.0
2.39638352394104
-1.0108431577682495
-1.3666666746139526
1.0
3.0
2.402831792831421
-0.9654111266136169
-1.3666666746139526
1.0
3.0
2.394986629486084
-1.034712791442871
-0.8333333134651184
1.0
3.0
2.3960280418395996
-1.0151808261871338
-0.8333333134651184
1.0
3.0
2.3977200984954834
2.045036554336548
2.9666666984558105
1.0
3.0
2.397113800048828
2.574051856994629
1.3666666746139526
1.0
3.0
2.396199941635132
3.1074068546295166
1.899999976158142
1.0
3.0
2.3966283798217773
-3.1025278568267822
2.9666666984558105
2.0
3.0
2.402207136154175
-3.063042402267456
2.9666666984558105
1.0
3.0
2.400395393371582
-2.0261032581329346
4.0333333015441895
2.0
3.0
2.3952572345733643
-0.5040588974952698
1.3666666746139526
4.0
3.0
2.4142074584960938
0.39671602845191956
5.366666793823242
1.0
3.0
2.406079053878784
1.9975303411483765
7.366666793823242
1.0
3.0
2.5785582065582275
1.8759669065475464
-1.3666666746139526
2.0
4.0
2.5915329456329346
1.9416663646697998
-1.3666666746139526
1.0
4.0
2.588575839996338
1.9306832551956177
-0.8333333134651184
1.0
4.0
2.577880620956421
0.7485766410827637
3.5
1.0
4.0
2.578284502029419
1.791743278503418
1.899999976158142
1.0
4.0
2.5843088626861572
-0.8649617433547974
1.899999976158142
2.0
4.0
2.5938796997070312
0.3788413107395172
6.0333333015441895
1.0
4.0
2.579610824584961
1.3609273433685303
6.699999809265137
1.0
4.0
2.5790300369262695
-2.3087944984436035
7.366666793823242
2.0
4.0
3.236457586288452
1.881058931350708
-1.3666666746139526
1.0
5.0
3.2267870903015137
1.934887170791626
-1.3666666746139526
1.0
5.0
3.2282447814941406
1.9220058917999268
-0.8333333134651184
1.0
5.0
3.2267870903015137
1.9921035766601562
-0.8333333134651184
1.0
5.0
3.2280333042144775
0.7455180883407593
4.0333333015441895
1.0
5.0
3.232250213623047
2.028294324874878
2.9666666984558105
1.0
5.0
3.2267136573791504
3.1137897968292236
1.3666666746139526
1.0
5.0
3.2287511825561523
-3.096482515335083
2.9666666984558105
2.0
5.0
3.2318358421325684
-3.078800678253174
2.9666666984558105
2.0
5.0
3.2302377223968506
-2.017852544784546
4.0333333015441895
1.0
5.0
3.242060661315918
-0.8866177797317505
1.899999976158142
2.0
5.0
3.228989839553833
-0.345980167388916
0.8333333134651184
2.0
5.0
3.2320001125335693
0.3291042447090149
6.699999809265137
2.0
5.0
3.2255256175994873
1.5768418312072754
6.0333333015441895
1.0
5.0
3.4220871925354004
0.6281867623329163
-2.9666666984558105
1.0
6.0
3.4201607704162598
-1.0018943548202515
-1.3666666746139526
1.0
6.0
3.419646739959717
-0.9714832901954651
-1.3666666746139526
1.0
6.0
3.4220871925354004
-1.0208858251571655
-0.8333333134651184
1.0
6.0
3.41988205909729
-0.9973336458206177
-0.30000001192092896
1.0
6.0
3.424516201019287
-0.14203780889511108
-0.30000001192092896
1.0
6.0
3.42376971244812
1.8172870874404907
1.899999976158142
2.0
6.0
3.4235129356384277
2.601168155670166
0.8333333134651184
2.0
6.0
3.433670997619629
-0.8907573223114014
1.899999976158142
2.0
6.0
