655
0.8396947979927063
0.2961314022541046
0.3497834801673889
8.0
0.0
0.8582566380500793
0.2146894782781601
4.017076015472412
4.0
0.0
0.9040148258209229
0.6044998168945312
2.48514986038208
4.0
0.0
0.8195712566375732
1.0108740329742432
2.809345245361328
4.0
0.0
0.825840413570404
0.9142067432403564
2.944823980331421
4.0
0.0
0.8194705843925476
1.0152455568313599
3.6871514320373535
2.0
0.0
0.905918538570404
0.6000185608863831
4.291932106018066
4.0
0.0
0.8201736211776733
1.5159084796905518
1.3524686098098755
6.0
0.0
0.8660702109336853
1.7578330039978027
3.4584734439849854
4.0
0.0
0.8247500061988831
2.495821237564087
-1.2830424308776855
13.0
0.0
0.8658282160758972
2.8058462142944336
2.4643571376800537
3.0
0.0
0.8737522959709167
2.7802939414978027
3.4380054473876953
2.0
0.0
0.8259543776512146
3.007525682449341
4.316298484802246
4.0
0.0
0.843784511089325
-2.8660523891448975
-2.675816059112549
16.0
0.0
0.8191958665847778
-2.6245219707489014
1.3708654642105103
8.0
0.0
0.8193880915641785
-2.602376699447632
3.3809874057769775
1.0
0.0
0.8261850476264954
-2.7542121410369873
4.4956374168396
4.0
0.0
0.8861700892448425
-2.4917240142822266
2.6085638999938965
2.0
0.0
0.8755312561988831
-2.4611308574676514
2.8367984294891357
3.0
0.0
0.8227023482322693
-2.1928083896636963
3.5253567695617676
2.0
0.0
0.8816279768943787
-2.4790406227111816
4.149143218994141
2.0
0.0
0.8243463039398193
-1.6886920928955078
4.2241926193237305
2.0
0.0
0.819232702255249
-1.0627487897872925
0.2144266813993454
8.0
0.0
0.8193785548210144
-1.032127022743225
1.6147726774215698
6.0
0.0
0.821709930896759
-1.1314955949783325
2.7196760177612305
4.0
0.0
0.8912057876586914
-1.458003044128418
4.296318054199219
2.0
0.0
0.8198777437210083
-0.4888601303100586
3.44677734375
4.0
0.0
0.8191983699798584
-0.5271189212799072
3.8153200149536133
4.0
0.0
0.8672767281532288
-0.3405930697917938
-0.2769271731376648
8.0
0.0
1.0907618999481201
0.27523061633110046
-0.6170826554298401
8.0
1.0
1.110023021697998
0.20755229890346527
4.141995906829834
3.0
1.0
1.1097487211227417
0.6010903120040894
2.2336859703063965
4.0
1.0
1.108099102973938
0.6061973571777344
4.446741580963135
3.0
1.0
1.104131817817688
1.011631727218628
2.5382256507873535
3.0
1.0
1.140912413597107
0.9121391177177429
2.7001826763153076
4.0
1.0
1.1034618616104126
1.013850212097168
3.7232139110565186
2.0
1.0
1.0785763263702393
1.5117425918579102
0.6507086753845215
6.0
1.0
1.1158047914505005
1.761275053024292
3.420461416244507
4.0
1.0
1.1383557319641113
2.488811492919922
-3.1519405841827393
14.0
1.0
1.067598819732666
2.7765212059020996
3.4048666954040527
2.0
1.0
1.1787705421447754
2.799664258956909
2.0577585697174072
4.0
1.0
1.091789722442627
-2.870549201965332
-4.513579845428467
11.0
1.0
1.094589114189148
-2.488844394683838
2.3774492740631104
4.0
1.0
1.0892260074615479
-2.4672393798828125
2.6533987522125244
4.0
1.0
1.129770040512085
-2.5956296920776367
3.3017144203186035
3.0
1.0
1.0788404941558838
-2.4167511463165283
4.218019962310791
3.0
1.0
1.092543363571167
-2.480867385864258
4.283647537231445
2.0
1.0
1.1235673427581787
-2.187023162841797
3.5037953853607178
2.0
1.0
1.0929807424545288
-1.697200059890747
4.434071063995361
3.0
1.0
1.1451504230499268
-1.4535473585128784
4.497586727142334
4.0
1.0
1.1439628601074219
-1.0582187175750732
-1.1235302686691284
9.0
1.0
1.13009512424469
-1.0256428718566895
0.8731763362884521
4.0
1.0
1.1799267530441284
-1.129384160041809
2.341386556625366
4.0
1.0
1.0852642059326172
-0.4861237704753876
3.401130437850952
3.0
1.0
1.092913269996643
-0.5188366770744324
3.8905317783355713
3.0
1.0
1.177236795425415
-0.3391787111759186
-1.6576579809188843
10.0
1.0
1.3524724245071411
0.25359442830085754
-1.6299774646759033
10.0
2.0
1.369584560394287
0.20129241049289703
4.271463871002197
2.0
2.0
1.3446892499923706
0.5969551801681519
1.9466466903686523
4.0
2.0
1.3446892499923706
0.9111144542694092
2.541799306869507
2.0
2.0
1.431969165802002
1.0128556489944458
2.2263760566711426
2.0
2.0
1.4324842691421509
1.011988878250122
3.765124559402466
2.0
2.0
1.35326087474823
1.5075116157531738
-0.09746666997671127
8.0
2.0
1.372249960899353
1.7649412155151367
3.382286787033081
3.0
2.0
1.343747615814209
2.4857919216156006
-4.379733085632324
12.0
2.0
1.3445125818252563
2.7967910766601562
1.841675043106079
5.0
2.0
1.3513085842132568
2.7709543704986572
3.355158567428589
2.0
2.0
1.3661969900131226
-2.616729497909546
-0.11396638303995132
7.0
2.0
1.3326292037963867
-2.4854047298431396
2.1142892837524414
2.0
2.0
1.357352614402771
-2.5901100635528564
3.2445340156555176
2.0
2.0
1.3323067426681519
-2.4834020137786865
4.436182498931885
2.0
2.0
1.4577385187149048
-2.483562707901001
1.9755942821502686
5.0
2.0
1.4528461694717407
-2.476231098175049
2.3433358669281006
4.0
2.0
1.3344985246658325
-2.1822426319122314
3.4882006645202637
2.0
2.0
1.3696361780166626
-1.0554850101470947
-2.0528311729431152
9.0
2.0
1.357957363128662
-1.0212427377700806
0.33187398314476013
6.0
2.0
1.4006985425949097
-1.1283155679702759
2.107710361480713
4.0
2.0
1.3429547548294067
-0.33830276131629944
-2.3964552879333496
10.0
2.0
1.3932136297225952
-0.4842047095298767
3.3483359813690186
2.0
2.0
1.4060832262039185
-0.5108298063278198
3.975165367126465
2.0
2.0
2.4020044803619385
1.493325114250183
-2.9666666984558105
1.0
3.0
2.395057201385498
-2.6033382415771484
-2.9666666984558105
1.0
3.0
2.397113800048828
-1.0032556056976318
-1.899999976158142
1.0
3.0
2.413717031478882
0.9219175577163696
-7.366666793823242
2.0
3.0
2.3950204849243164
-2.1079652309417725
-7.366666793823242
1.0
3.0
2.394808769226074
-1.0444833040237427
-6.0333333015441895
1.0
3.0
2.3983967304229736
0.5783710479736328
0.8333333134651184
1.0
3.0
2.3959460258483887
1.0162653923034668
1.3666666746139526
1.0
3.0
2.396578073501587
1.0086747407913208
4.0333333015441895
1.0
3.0
2.4165778160095215
2.752347469329834
2.9666666984558105
1.0
3.0
2.41166353225708
-2.499666690826416
1.3666666746139526
1.0
3.0
2.397915840148926
-2.5670108795166016
2.9666666984558105
2.0
3.0
2.399625301361084
-2.157822608947754
3.5
1.0
3.0
2.401904344558716
-1.124129056930542
0.8333333134651184
2.0
3.0
2.397347927093506
-0.4774898290634155
2.9666666984558105
1.0
3.0
2.396479368209839
-0.48616012930870056
4.0333333015441895
1.0
3.0
2.4121270179748535
0.6435315012931824
5.366666793823242
2.0
3.0
2.413393497467041
-2.4937827587127686
5.366666793823242
2.0
3.0
2.4148709774017334
-2.7470126152038574
6.0333333015441895
1.0
3.0
2.417634963989258
-1.4332455396652222
5.366666793823242
1.0
3.0
2.5887036323547363
0.1632121205329895
-6.699999809265137
2.0
4.0
2.594646692276001
0.9049280881881714
1.3666666746139526
2.0
4.0
2.579092025756836
1.7846922874450684
2.9666666984558105
1.0
4.0
2.5901501178741455
2.77571177482605
0.30000001192092896
1.0
4.0
2.5915329456329346
-2.4652650356292725
0.8333333134651184
1.0
4.0
2.587456226348877
0.16821198165416718
4.699999809265137
2.0
4.0
2.5908334255218506
2.9863698482513428
6.0333333015441895
2.0
4.0
2.5861592292785645
-1.7445136308670044
5.366666793823242
1.0
4.0
3.2259509563446045
2.7662227153778076
-0.8333333134651184
1.0
5.0
3.238121509552002
1.4823583364486694
-5.366666793823242
2.0
5.0
3.225630283355713
2.7388179302215576
2.9666666984558105
1.0
5.0
3.230670928955078
-1.1213293075561523
0.30000001192092896
1.0
5.0
3.2356178760528564
-0.47193223237991333
2.9666666984558105
1.0
5.0
3.241410255432129
1.6700209379196167
5.366666793823242
1.0
5.0
3.225510835647583
-2.7436540126800537
7.366666793823242
1.0
5.0
3.2338497638702393
-0.46471890807151794
4.699999809265137
1.0
5.0
3.4207475185394287
0.5616827607154846
-0.8333333134651184
2.0
6.0
3.430450916290283
0.9017019271850586
-7.366666793823242
1.0
6.0
3.419529914855957
-0.9878304600715637
-4.699999809265137
2.0
6.0
3.4219369888305664
1.019747018814087
0.30000001192092896
2.0
6.0
3.43076491355896
0.9005687832832336
0.8333333134651184
2.0
6.0
3.4203267097473145
1.0041743516921997
4.0333333015441895
1.0
6.0
3.421603202819824
1.8024874925613403
2.9666666984558105
1.0
6.0
3.421008586883545
-2.522519111633301
0.8333333134651184
1.0
6.0
3.419620990753174
-2.5430397987365723
2.9666666984558105
1.0
6.0
3.42044734954834
-2.1358983516693115
3.5
1.0
6.0
3.424034357070923
0.1446915715932846
5.366666793823242
2.0
6.0
3.4318435192108154
0.6740031242370605
6.0333333015441895
2.0
6.0
3.4212515354156494
2.9775469303131104
6.699999809265137
1.0
6.0
3.4237048625946045
-2.502782106399536
6.0333333015441895
1.0
6.0
3.4195468425750732
-1.773988962173462
6.0333333015441895
2.0
6.0
