670
0.8192746043205261
0.5036731958389282
-3.6086907386779785
4.0
0.0
0.8612475991249084
0.7273650169372559
-3.5086686611175537
2.0
0.0
0.8199917674064636
1.0852116346359253
-2.4476253986358643
4.0
0.0
0.8198716640472412
1.6053529977798462
-4.067921161651611
3.0
0.0
0.8193461298942566
2.0691845417022705
-3.156489133834839
3.0
0.0
0.8696190118789673
1.7461378574371338
-2.8819580078125
2.0
0.0
0.8444544672966003
1.8431432247161865
-1.7923569679260254
5.0
0.0
0.8455679416656494
1.837934970855713
1.0347273349761963
9.0
0.0
0.8990892767906189
1.6635879278182983
1.3384983539581299
3.0
0.0
0.8614725470542908
1.7737587690353394
2.9813129901885986
16.0
0.0
0.8335139155387878
2.4263219833374023
-3.523407220840454
2.0
0.0
0.8200064301490784
2.567471504211426
0.03849933296442032
10.0
0.0
0.8431443572044373
2.8966293334960938
-3.9381279945373535
4.0
0.0
0.8732857704162598
-2.9778494834899902
-4.093100070953369
4.0
0.0
0.8769090175628662
-2.9888722896575928
-3.4331319332122803
2.0
0.0
0.8233944177627563
-2.7250757217407227
-3.259641408920288
4.0
0.0
0.8829032182693481
-3.006253957748413
-3.0284829139709473
3.0
0.0
0.89435213804245
-3.0369341373443604
-2.5440735816955566
3.0
0.0
0.8442518711090088
-2.8682849407196045
-2.506267786026001
3.0
0.0
0.9118034243583679
-2.555051565170288
1.1107512712478638
9.0
0.0
0.8506267666816711
-1.849539041519165
-3.897679328918457
2.0
0.0
0.8369146585464478
-1.259389042854309
-3.4857640266418457
2.0
0.0
0.8216924667358398
-1.1312237977981567
-2.028031349182129
4.0
0.0
0.8226447701454163
-0.6212529540061951
-1.519840121269226
5.0
0.0
0.8200346231460571
-0.484415203332901
-1.3424434661865234
7.0
0.0
0.8192886710166931
-0.5447090268135071
-0.09730422496795654
12.0
0.0
0.8213117718696594
-0.6014488339424133
-0.07094180583953857
7.0
0.0
0.8230761289596558
-0.6267914175987244
-0.06260018050670624
11.0
0.0
0.8877156376838684
-0.40152764320373535
-3.792902708053589
4.0
0.0
0.8678297996520996
-0.34242159128189087
-0.25633734464645386
4.0
0.0
1.1508469581604004
0.4976423978805542
-3.65255069732666
4.0
1.0
1.0767735242843628
0.7370227575302124
-3.5125672817230225
2.0
1.0
1.1078097820281982
0.9998030662536621
-2.435929298400879
4.0
1.0
1.189687728881836
1.6026325225830078
-4.324258327484131
3.0
1.0
1.1219083070755005
1.7443822622299194
-2.7032692432403564
3.0
1.0
1.1032267808914185
1.8000320196151733
-1.2759573459625244
6.0
1.0
1.0896248817443848
1.8507624864578247
2.3370981216430664
10.0
1.0
1.1000062227249146
1.811037302017212
2.7727954387664795
4.0
1.0
1.0780788660049438
1.9073131084442139
2.8879685401916504
6.0
1.0
1.1464197635650635
2.077958822250366
-3.0206856727600098
3.0
1.0
1.169702172279358
2.4235706329345703
-3.532179355621338
2.0
1.0
1.1071314811706543
2.5727384090423584
1.26986563205719
8.0
1.0
1.1303205490112305
2.900787830352783
-4.088226795196533
4.0
1.0
1.1273430585861206
-2.9822120666503906
-4.266590595245361
4.0
1.0
1.1282297372817993
-2.984462022781372
-3.414125919342041
2.0
1.0
1.0676320791244507
-2.721684455871582
-3.1875159740448
4.0
1.0
1.1364641189575195
-3.004551410675049
-2.8936541080474854
2.0
1.0
1.1516993045806885
-3.0384485721588135
-2.269261360168457
2.0
1.0
1.1131681203842163
-2.550769567489624
2.12283992767334
11.0
1.0
1.1441086530685425
-1.8439407348632812
-4.037381649017334
3.0
1.0
1.0823066234588623
-1.2571734189987183
-3.482840061187744
2.0
1.0
1.182644009590149
-1.134169578552246
-1.3817086219787598
6.0
1.0
1.0704225301742554
-0.3947097361087799
-3.691537380218506
4.0
1.0
1.1235673427581787
-0.6162267327308655
-0.7964213490486145
6.0
1.0
1.0864806175231934
-0.49171000719070435
-0.6416581869125366
7.0
1.0
1.377789855003357
0.4940939247608185
-3.682765245437622
2.0
2.0
1.3335909843444824
0.9645670056343079
-2.4273197650909424
3.0
2.0
1.3321298360824585
1.6017814874649048
-4.422699928283691
3.0
2.0
1.4575127363204956
1.6008424758911133
-4.510257244110107
2.0
2.0
1.381091833114624
1.74263334274292
-2.519869327545166
2.0
2.0
1.3735054731369019
1.7616472244262695
-0.6747968792915344
7.0
2.0
1.3428159952163696
1.8614035844802856
3.6794514656066895
10.0
2.0
1.3710654973983765
2.0822503566741943
-2.9264678955078125
3.0
2.0
1.362011432647705
2.4220125675201416
-3.537052631378174
1.0
2.0
1.435249924659729
2.5781731605529785
2.6704554557800293
10.0
2.0
1.4275497198104858
2.905349016189575
-4.242224216461182
2.0
2.0
1.3883730173110962
-2.98675537109375
-4.4439802169799805
4.0
2.0
1.3852795362472534
-2.979668140411377
-3.3951199054718018
2.0
2.0
1.3956698179244995
-3.0027616024017334
-2.7559010982513428
3.0
2.0
1.4143397808074951
-3.0399582386016846
-1.9892395734786987
5.0
2.0
1.4089912176132202
-2.715628147125244
-3.088099956512451
4.0
2.0
1.4292398691177368
-2.752422571182251
-2.5227932929992676
2.0
2.0
1.345046877861023
-2.546088457107544
3.2850522994995117
7.0
2.0
1.4459506273269653
-1.8372864723205566
-4.1826066970825195
3.0
2.0
1.3373725414276123
-1.255040168762207
-3.4799160957336426
4.0
2.0
1.4043903350830078
-1.135787010192871
-0.9848244190216064
5.0
2.0
1.3349759578704834
-0.614107608795166
-0.2870393395423889
6.0
2.0
1.356388807296753
-0.3878834843635559
-3.5318543910980225
3.0
2.0
1.4017114639282227
-0.5020667910575867
0.1853955090045929
7.0
2.0
2.3976564407348633
0.47478175163269043
-4.0333333015441895
2.0
3.0
2.3950204849243164
0.5100285410881042
-4.0333333015441895
1.0
3.0
2.4164040088653564
0.9133771061897278
-2.433333396911621
2.0
3.0
2.3949272632598877
2.104708671569824
-2.433333396911621
1.0
3.0
2.406079053878784
-3.0447278022766113
-0.8333333134651184
1.0
3.0
2.402831792831421
-2.699780225753784
-2.9666666984558105
1.0
3.0
2.4077723026275635
-2.7218446731567383
-2.433333396911621
2.0
3.0
2.397347927093506
1.093306541442871
-4.699999809265137
1.0
3.0
2.395514488220215
1.595219373703003
-5.366666793823242
1.0
3.0
2.39778470993042
-3.0916926860809326
-6.0333333015441895
2.0
3.0
2.40533709526062
-1.4771591424942017
-7.366666793823242
3.0
3.0
2.3948285579681396
1.565910816192627
1.899999976158142
3.0
3.0
2.406205177307129
-1.1446000337600708
0.8333333134651184
2.0
3.0
2.4018046855926514
-0.5999906659126282
2.433333396911621
1.0
3.0
2.394850730895996
-0.5301128029823303
2.9666666984558105
2.0
3.0
2.4142074584960938
0.39671602845191956
7.366666793823242
1.0
3.0
2.395393133163452
2.595741033554077
6.699999809265137
1.0
3.0
2.57673978805542
0.8070939183235168
-3.5
1.0
4.0
2.597374677658081
0.9133760929107666
-2.433333396911621
1.0
4.0
2.5887036323547363
1.7340084314346313
-1.899999976158142
2.0
4.0
2.580467700958252
2.4141621589660645
-3.5
1.0
4.0
2.5840017795562744
-2.957852363586426
-3.5
1.0
4.0
2.59298038482666
-2.993847608566284
-1.899999976158142
1.0
4.0
2.5815019607543945
-1.2444936037063599
-3.5
2.0
4.0
2.5952718257904053
-0.383318692445755
-2.9666666984558105
2.0
4.0
2.5783379077911377
2.921149492263794
-4.699999809265137
2.0
4.0
2.596879720687866
-3.006281614303589
-5.366666793823242
2.0
4.0
2.5762779712677
-2.8691964149475098
-4.699999809265137
1.0
4.0
2.576857805252075
-1.808882474899292
-4.699999809265137
1.0
4.0
2.5861592292785645
-1.3970791101455688
-6.699999809265137
1.0
4.0
2.5761730670928955
-2.3617453575134277
6.699999809265137
1.0
4.0
3.2331180572509766
0.4615105390548706
-4.0333333015441895
1.0
5.0
3.2300281524658203
0.8385496735572815
-3.5
2.0
5.0
3.2301673889160156
2.4101498126983643
-3.5
2.0
5.0
3.239295721054077
-3.04915714263916
-0.30000001192092896
2.0
5.0
3.2255423069000244
-2.742042064666748
-2.433333396911621
1.0
5.0
3.232166290283203
-2.6844959259033203
-2.433333396911621
2.0
5.0
3.2314345836639404
-1.2388817071914673
-3.5
1.0
5.0
3.225510835647583
-0.38745957612991333
-2.433333396911621
1.0
5.0
3.2366726398468018
1.0948601961135864
-4.699999809265137
1.0
5.0
3.2334797382354736
-3.071176767349243
-6.0333333015441895
1.0
5.0
3.226506233215332
-1.152711033821106
2.433333396911621
1.0
5.0
3.2265732288360596
0.4188908636569977
7.366666793823242
1.0
5.0
3.2262306213378906
-2.377955436706543
6.699999809265137
2.0
5.0
3.4250965118408203
0.9244040250778198
-2.433333396911621
1.0
6.0
3.422036647796631
1.7283873558044434
-0.8333333134651184
2.0
6.0
3.4210875034332275
2.1290605068206787
-1.899999976158142
1.0
6.0
3.4194788932800293
-2.94258189201355
-3.5
1.0
6.0
3.4225099086761475
-2.987417697906494
-1.899999976158142
1.0
6.0
3.419752359390259
2.9323177337646484
-5.366666793823242
2.0
6.0
3.4290435314178467
-3.01999831199646
-6.0333333015441895
1.0
6.0
3.4201607704162598
-1.78729248046875
-5.366666793823242
1.0
6.0
3.4195380210876465
-0.5825856924057007
4.699999809265137
1.0
6.0
3.419769287109375
-0.5757432579994202
4.699999809265137
1.0
6.0
3.4212098121643066
-0.557124674320221
5.366666793823242
2.0
6.0
