335
0.8193973898887634
0.49536338448524475
1.6277357339859009
10.0
0.0
0.8667021989822388
0.7085167765617371
-3.690725088119507
3.0
0.0
0.8981072306632996
0.6188144683837891
-3.426471710205078
3.0
0.0
0.8489590287208557
1.299168586730957
-3.600893259048462
4.0
0.0
0.8218880295753479
1.4837812185287476
-3.432157278060913
2.0
0.0
0.837608814239502
1.3546782732009888
-3.124650001525879
4.0
0.0
0.8197725415229797
1.6022588014602661
1.1243966817855835
14.0
0.0
0.8212434649467468
2.0177109241485596
-0.6312153339385986
10.0
0.0
0.8640393614768982
2.811951160430908
-1.044257402420044
9.0
0.0
0.8606686592102051
2.8238396644592285
-1.0095809698104858
5.0
0.0
0.8348665237426758
2.9414823055267334
-0.9158180356025696
2.0
0.0
0.8197072744369507
-2.5887160301208496
-4.216395378112793
2.0
0.0
0.8270841240882874
-2.2386696338653564
-4.005380153656006
2.0
0.0
0.8622969388961792
-1.894357681274414
0.20463567972183228
11.0
0.0
0.8311889171600342
-1.2233302593231201
-0.8419057726860046
6.0
0.0
0.9025425910949707
-0.43918922543525696
-2.0906050205230713
5.0
0.0
1.0827115774154663
0.7042868137359619
-3.558495283126831
2.0
1.0
1.104290246963501
0.618411123752594
-3.244046688079834
2.0
1.0
1.148844599723816
0.5019113421440125
3.95770263671875
12.0
1.0
1.1421513557434082
1.3020319938659668
-3.386185646057129
3.0
1.0
1.0857592821121216
1.4750778675079346
-3.177769422531128
4.0
1.0
1.123024582862854
1.3487051725387573
-2.7515475749969482
5.0
1.0
1.072861671447754
1.5488483905792236
2.858078718185425
4.0
1.0
1.0823335647583008
1.4915844202041626
2.8636016845703125
6.0
1.0
1.189075231552124
1.6036665439605713
3.537247657775879
10.0
1.0
1.1800096035003662
2.012061595916748
0.9407415986061096
7.0
1.0
1.17497980594635
2.8065025806427
0.10505513846874237
7.0
1.0
1.1282297372817993
-2.5917630195617676
-4.214446067810059
2.0
1.0
1.1469744443893433
-2.2429401874542236
-3.9225332736968994
2.0
1.0
1.162738561630249
-1.8827604055404663
1.7480361461639404
11.0
1.0
1.0764997005462646
-1.2247810363769531
0.15275192260742188
9.0
1.0
1.0757380723953247
-0.4345683753490448
-1.686118245124817
5.0
1.0
1.3397202491760254
0.6185588836669922
-3.0366051197052
3.0
2.0
1.4326562881469727
0.6975408792495728
-3.34443736076355
2.0
2.0
1.4445072412490845
1.306576132774353
-3.1652610301971436
3.0
2.0
1.3674044609069824
1.463942050933838
-2.904862642288208
4.0
2.0
1.4226837158203125
1.3430732488632202
-2.3592231273651123
5.0
2.0
1.4029967784881592
2.0086028575897217
1.921061635017395
8.0
2.0
1.3429547548294067
2.8032898902893066
0.7262453436851501
8.0
2.0
1.358533263206482
-2.5938594341278076
-4.2128214836120605
3.0
2.0
1.3487157821655273
-2.246163845062256
-3.8694140911102295
2.0
2.0
1.3360916376113892
-1.8767622709274292
2.6487960815429688
9.0
2.0
1.3322402238845825
-1.2263476848602295
1.1903084516525269
8.0
2.0
1.4577950239181519
-1.2270091772079468
1.7007869482040405
8.0
2.0
1.369723916053772
-0.4274052083492279
-0.9988595843315125
5.0
2.0
2.406079053878784
0.6204635500907898
-1.899999976158142
1.0
3.0
2.394986629486084
-2.605509042739868
-4.0333333015441895
1.0
3.0
2.3977200984954834
1.620154857635498
-6.0333333015441895
1.0
3.0
2.411510467529297
-0.40580686926841736
1.3666666746139526
2.0
3.0
2.5918173789978027
0.6753303408622742
-2.433333396911621
1.0
4.0
2.5763723850250244
1.32262122631073
-2.433333396911621
1.0
4.0
2.5915329456329346
1.4180675745010376
-1.899999976158142
1.0
4.0
2.5761661529541016
1.3039506673812866
-0.8333333134651184
4.0
4.0
2.576409101486206
1.3236302137374878
-0.8333333134651184
1.0
4.0
2.5863890647888184
-2.26711106300354
-3.5
1.0
4.0
2.588449001312256
2.782205581665039
5.366666793823242
2.0
4.0
2.5830204486846924
-1.2359554767608643
6.0333333015441895
1.0
4.0
3.235413074493408
-2.2777624130249023
-3.5
1.0
5.0
3.2257518768310547
0.40599870681762695
-6.0333333015441895
1.0
5.0
3.230670928955078
1.6275643110275269
-6.699999809265137
1.0
5.0
3.2254796028137207
-0.3898777961730957
3.5
1.0
5.0
3.4280970096588135
0.6600221991539001
-1.899999976158142
1.0
6.0
3.4214234352111816
0.6228713989257812
-1.3666666746139526
1.0
6.0
3.4219865798950195
1.336067795753479
-1.899999976158142
1.0
6.0
3.419689178466797
1.3858516216278076
-0.8333333134651184
2.0
6.0
3.419466972351074
-2.552924156188965
-3.5
1.0
6.0
3.426351547241211
1.3110424280166626
0.30000001192092896
1.0
6.0
