730
0.8722041845321655
0.16711589694023132
-0.6872586607933044
2.0
0.0
0.8910294771194458
0.11325540393590927
-0.2992226481437683
2.0
0.0
0.8983522653579712
0.6182079315185547
-1.2770944833755493
3.0
0.0
0.8430384397506714
0.8027505278587341
-0.3499053418636322
2.0
0.0
0.9095075130462646
0.5917336344718933
2.6406304836273193
5.0
0.0
0.8225435018539429
1.9980908632278442
-3.0868546962738037
9.0
0.0
0.851395308971405
1.8124430179595947
-2.8791964054107666
6.0
0.0
0.8203170299530029
2.5596513748168945
-2.374687671661377
9.0
0.0
0.8341827988624573
2.4220993518829346
-1.1609467267990112
4.0
0.0
0.8198066353797913
2.6505484580993652
-1.1307320594787598
4.0
0.0
0.8208816051483154
2.547842502593994
-0.2651093304157257
4.0
0.0
0.871651828289032
2.7868475914001465
-2.3999640941619873
5.0
0.0
0.8386983275413513
2.919466733932495
2.3871960639953613
8.0
0.0
0.8192300796508789
-2.6148910522460938
-3.356837272644043
9.0
0.0
0.8194261193275452
-2.6477596759796143
0.7798519730567932
4.0
0.0
0.8216059803962708
-2.7006609439849854
0.7835069894790649
4.0
0.0
0.8226202130317688
-2.715322732925415
0.8982740044593811
6.0
0.0
0.8218674063682556
-2.7046985626220703
0.9229191541671753
7.0
0.0
0.8411706686019897
-2.329526424407959
-2.5002572536468506
2.0
0.0
0.8297075033187866
-2.259795665740967
-2.438122272491455
4.0
0.0
0.905918538570404
-2.541574001312256
-0.4975673258304596
2.0
0.0
0.8271459937095642
-2.239206075668335
-0.4507833421230316
2.0
0.0
0.8284461498260498
-1.2028272151947021
-1.7256897687911987
5.0
0.0
0.8228554725646973
-1.1475987434387207
-0.8099042177200317
3.0
0.0
0.8315197229385376
-1.2256312370300293
-0.29045066237449646
2.0
0.0
0.8264550566673279
-1.1858881711959839
2.4728691577911377
5.0
0.0
0.8752574920654297
-0.8895043134689331
-2.892094612121582
5.0
0.0
0.81969153881073
-0.49486714601516724
-0.5381346940994263
2.0
0.0
0.8933960199356079
-0.41649049520492554
-3.021660327911377
3.0
0.0
0.841400146484375
-0.2362980842590332
-2.7496471405029297
8.0
0.0
0.8402310609817505
-0.2302849441766739
-2.7245492935180664
6.0
0.0
0.8568873405456543
-0.3037526607513428
0.12881843745708466
3.0
0.0
0.8192024230957031
-0.010082660242915154
0.38694262504577637
4.0
0.0
1.1214383840560913
0.17484967410564423
-0.7934973835945129
2.0
1.0
1.1152253150939941
0.1921396702528
-0.3052331209182739
3.0
1.0
1.1444917917251587
0.1187046617269516
-0.2948366701602936
2.0
1.0
1.1431816816329956
0.12162113189697266
-0.2933746576309204
4.0
1.0
1.1039342880249023
0.6195849180221558
-1.4981813430786133
4.0
1.0
1.067870020866394
0.8096787333488464
-0.3601393401622772
1.0
1.0
1.1098300218582153
0.6008413434028625
3.2925710678100586
7.0
1.0
1.1075007915496826
1.7861731052398682
-3.641829252243042
8.0
1.0
1.1885285377502441
1.9972913265228271
-4.310659408569336
7.0
1.0
1.1642001867294312
2.4340784549713135
-1.4923332929611206
4.0
1.0
1.0857592821121216
2.653175115585327
-1.3938920497894287
4.0
1.0
1.1147817373275757
2.5496129989624023
-0.24772776663303375
3.0
1.0
1.0681531429290771
-3.120657444000244
-2.4544479846954346
6.0
1.0
1.1196224689483643
2.9286816120147705
3.284008026123047
8.0
1.0
1.1448208093643188
-3.023616075515747
-2.4641947746276855
4.0
1.0
1.1112987995147705
-2.545207977294922
-0.5392717719078064
3.0
1.0
1.1865724325180054
-2.711763858795166
1.4319039583206177
4.0
1.0
1.1555516719818115
-2.261054754257202
-3.2689006328582764
6.0
1.0
1.1494909524917603
-2.2483668327331543
-0.509869396686554
4.0
1.0
1.0743002891540527
-1.2103911638259888
-2.147428035736084
2.0
1.0
1.0675328969955444
-1.1496325731277466
-0.958703339099884
1.0
1.0
1.075982928276062
-1.2215324640274048
-0.2831406593322754
2.0
1.0
1.0724921226501465
-1.197240948677063
3.3183794021606445
17.0
1.0
1.0714372396469116
-1.1888415813446045
3.328355312347412
1.0
1.0
1.085409164428711
-0.8794977068901062
-3.513054609298706
4.0
1.0
1.0862008333206177
-0.4904397428035736
-0.611234724521637
2.0
1.0
1.1274315118789673
-0.23354363441467285
-3.548163890838623
5.0
1.0
1.161139965057373
-0.3088166117668152
0.2875266373157501
2.0
1.0
1.072194218635559
-0.016833916306495667
0.6035997867584229
3.0
1.0
1.3769162893295288
0.1821213811635971
-0.9031473398208618
2.0
2.0
1.403220772743225
0.12319570034742355
-0.29142531752586365
4.0
2.0
1.3394144773483276
0.6199900507926941
-1.7517133951187134
4.0
2.0
1.3415985107421875
0.610048770904541
4.04708194732666
7.0
2.0
1.3742139339447021
0.8173304200172424
-0.3737846612930298
2.0
2.0
1.4171810150146484
1.3530083894729614
-2.2515549659729004
6.0
2.0
1.3734883069992065
1.7616920471191406
-4.436182498931885
8.0
2.0
1.356335997581482
2.4397218227386475
-1.686118245124817
5.0
2.0
1.3938710689544678
2.655963897705078
-1.6992437839508057
3.0
2.0
1.4522910118103027
2.551159620285034
-0.22807200253009796
2.0
2.0
1.409631371498108
2.938002347946167
4.211800575256348
7.0
2.0
1.3422653675079346
-2.8486180305480957
-2.4810075759887695
4.0
2.0
1.4455288648605347
-2.7791025638580322
-2.4905107021331787
4.0
2.0
1.3457469940185547
-2.5488948822021484
-0.5868679881095886
2.0
2.0
1.4057040214538574
-2.709195137023926
1.7529317140579224
4.0
2.0
1.352790355682373
-2.2607810497283936
-3.7719473838806152
3.0
2.0
1.3506717681884766
-2.2533209323883057
-0.5464193224906921
2.0
2.0
1.4536808729171753
-1.220856785774231
-2.794969081878662
4.0
2.0
1.4127293825149536
-1.1519774198532104
-1.1682566404342651
2.0
2.0
1.4499582052230835
-1.215186595916748
-0.27111977338790894
3.0
2.0
1.393635869026184
-0.48512038588523865
-0.6970053315162659
4.0
2.0
1.3372411727905273
-0.31189966201782227
0.3796326220035553
2.0
2.0
1.4286106824874878
-0.2380703091621399
-4.409657955169678
7.0
2.0
1.3429032564163208
-0.023924417793750763
0.8360577821731567
6.0
2.0
2.4059536457061768
0.6199257373809814
-2.9666666984558105
2.0
3.0
2.397057056427002
1.0037974119186401
-1.899999976158142
4.0
3.0
2.3974082469940186
2.664644479751587
-2.433333396911621
2.0
3.0
2.3994619846343994
2.555647850036621
-0.30000001192092896
1.0
3.0
2.398468255996704
-2.56268048286438
-0.8333333134651184
2.0
3.0
2.4092965126037598
-1.1569517850875854
-1.899999976158142
1.0
3.0
2.3983259201049805
-0.46936771273612976
-0.8333333134651184
2.0
3.0
2.412282943725586
1.6912641525268555
-7.366666793823242
1.0
3.0
2.3983967304229736
-0.05477228760719299
1.899999976158142
1.0
3.0
2.408179759979248
-2.7234554290771484
1.3666666746139526
3.0
3.0
2.4023094177246094
-2.6970837116241455
2.9666666984558105
2.0
3.0
2.4130728244781494
-2.741135835647583
3.5
4.0
3.0
2.3962903022766113
-2.653264045715332
3.5
5.0
3.0
2.4160585403442383
0.656352698802948
7.366666793823242
2.0
3.0
2.412754774093628
-0.4015263020992279
7.366666793823242
4.0
3.0
2.579346179962158
0.21188229322433472
-1.3666666746139526
1.0
4.0
2.588575839996338
0.16371189057826996
-0.8333333134651184
1.0
4.0
2.5935773849487305
0.14575307071208954
-0.30000001192092896
1.0
4.0
2.580543279647827
0.8438687920570374
-0.30000001192092896
2.0
4.0
2.5972089767456055
2.483675956726074
-2.9666666984558105
2.0
4.0
2.576535224914551
-2.373854875564575
-2.433333396911621
3.0
4.0
2.5815858840942383
-2.2911887168884277
-0.8333333134651184
1.0
4.0
2.5931286811828613
-1.1944445371627808
-0.30000001192092896
2.0
4.0
2.589090347290039
-2.256108283996582
-6.699999809265137
1.0
4.0
2.5810909271240234
-1.2470066547393799
-4.699999809265137
1.0
4.0
2.5762174129486084
2.8878672122955322
0.8333333134651184
2.0
4.0
2.576239585876465
-2.888876438140869
1.899999976158142
2.0
4.0
2.5909721851348877
-0.6783226132392883
1.3666666746139526
1.0
4.0
2.5925393104553223
-0.6728383302688599
1.3666666746139526
2.0
4.0
2.5918173789978027
-0.6753303408622742
1.899999976158142
3.0
4.0
2.5827388763427734
-0.33333489298820496
0.8333333134651184
2.0
4.0
2.577089548110962
0.28904280066490173
6.699999809265137
4.0
4.0
2.582463026046753
0.7153689861297607
7.366666793823242
1.0
4.0
2.592104196548462
-0.15073460340499878
6.699999809265137
7.0
4.0
2.595588445663452
-0.13928577303886414
6.699999809265137
2.0
4.0
3.2305243015289307
0.8413625359535217
-1.899999976158142
3.0
5.0
3.2339437007904053
0.8578189015388489
-0.30000001192092896
2.0
5.0
3.2350096702575684
2.6720640659332275
-3.5
1.0
5.0
3.229300022125244
-2.307465076446533
-0.8333333134651184
1.0
5.0
3.225865125656128
-1.1623798608779907
-2.433333396911621
1.0
5.0
3.225473165512085
-1.1801124811172485
-0.30000001192092896
1.0
5.0
3.232250213623047
-0.45749807357788086
-1.3666666746139526
1.0
5.0
3.237330436706543
-1.263735294342041
-6.0333333015441895
1.0
5.0
3.235109806060791
-0.07723023742437363
2.433333396911621
2.0
5.0
3.2330288887023926
2.8173038959503174
1.3666666746139526
2.0
5.0
3.237779378890991
-0.69815993309021
1.899999976158142
1.0
5.0
3.229300022125244
-0.34396955370903015
1.3666666746139526
1.0
5.0
3.2268624305725098
0.36328548192977905
6.0333333015441895
1.0
5.0
3.421696186065674
0.23245058953762054
-1.899999976158142
1.0
6.0
3.4215123653411865
0.16176728904247284
-0.30000001192092896
1.0
6.0
3.420931577682495
0.6183138489723206
-4.0333333015441895
1.0
6.0
3.4210875034332275
2.521759510040283
-3.5
1.0
6.0
3.4195973873138428
2.5612878799438477
-0.30000001192092896
1.0
6.0
3.4202141761779785
-2.5734505653381348
-0.8333333134651184
1.0
6.0
3.426684856414795
-2.2247636318206787
-2.433333396911621
3.0
6.0
3.4200599193573
1.0003741979599
-7.366666793823242
1.0
6.0
3.419475555419922
-2.947524070739746
2.9666666984558105
2.0
6.0
3.432741641998291
-2.4645707607269287
1.3666666746139526
4.0
6.0
3.4219369888305664
-0.6270479559898376
1.899999976158142
2.0
6.0
3.420856475830078
-0.6175541281700134
4.699999809265137
1.0
6.0
