590
0.8652496933937073
0.18981193006038666
-0.6403122544288635
3.0
0.0
0.9089373350143433
0.06943709403276443
1.3199797868728638
3.0
0.0
0.8742519617080688
0.6843615174293518
-3.894852876663208
10.0
0.0
0.8277561068534851
0.897205114364624
-0.2756682336330414
3.0
0.0
0.8437129855155945
0.7994827032089233
3.295379161834717
6.0
0.0
0.8191958665847778
1.0405783653259277
3.95810866355896
9.0
0.0
0.841094434261322
1.3360539674758911
-3.306547164916992
8.0
0.0
0.8785173892974854
1.1951539516448975
-0.2831406593322754
1.0
0.0
0.8199100494384766
2.130089282989502
-2.5062272548675537
8.0
0.0
0.839572012424469
1.8675785064697266
1.5489826202392578
2.0
0.0
0.8761123418807983
1.7259050607681274
2.0309553146362305
6.0
0.0
0.8337352275848389
2.4249136447906494
-0.9468448758125305
6.0
0.0
0.8739863038063049
2.255974292755127
3.990516424179077
8.0
0.0
0.8691090941429138
2.7949864864349365
-2.0976226329803467
5.0
0.0
0.8321419954299927
2.958915948867798
0.542033314704895
2.0
0.0
0.8192721009254456
-2.6103949546813965
0.9921668767929077
3.0
0.0
0.8206311464309692
-2.564890146255493
2.5568525791168213
9.0
0.0
0.8191965818405151
-2.622607707977295
4.214446067810059
10.0
0.0
0.8314430117607117
-2.2722978591918945
-2.8424839973449707
8.0
0.0
0.8328714370727539
-2.2819132804870605
-2.2398123741149902
7.0
0.0
0.912153422832489
-2.5558359622955322
2.8105907440185547
9.0
0.0
0.8826012015342712
-2.4818029403686523
3.1243715286254883
7.0
0.0
0.8208303451538086
-2.1635661125183105
4.469321250915527
10.0
0.0
0.8194497227668762
-1.6017463207244873
-4.353823184967041
12.0
0.0
0.825077474117279
-1.6963235139846802
-1.7056951522827148
7.0
0.0
0.8561895489692688
-1.871881127357483
1.59203040599823
3.0
0.0
0.8634869456291199
-1.3749260902404785
-0.7408653497695923
4.0
0.0
0.8192422389984131
-1.0639030933380127
3.6742641925811768
9.0
0.0
0.8894511461257935
-0.9297744631767273
1.372449278831482
4.0
0.0
0.8486072421073914
-0.2700994908809662
0.5235146880149841
2.0
0.0
1.1120895147323608
0.20131854712963104
-0.935506284236908
5.0
1.0
1.166690707206726
0.07308481633663177
1.5832583904266357
3.0
1.0
1.1011900901794434
0.6288335919380188
3.408277988433838
7.0
1.0
1.1461983919143677
0.9003456234931946
-0.5314744710922241
3.0
1.0
1.0687161684036255
1.1927651166915894
-0.4293406903743744
2.0
1.0
1.0853221416473389
1.8698006868362427
1.8869483470916748
4.0
1.0
1.1505495309829712
2.0690691471099854
-3.7589111328125
8.0
1.0
1.1667884588241577
2.4290924072265625
-1.4799550771713257
5.0
1.0
1.1862956285476685
2.7864975929260254
-3.007884979248047
5.0
1.0
1.1065802574157715
2.967189311981201
0.5912539958953857
2.0
1.0
1.1279335021972656
-2.5910134315490723
1.21260404586792
4.0
1.0
1.1134910583496094
-2.55171799659729
3.36918306350708
9.0
1.0
1.0925769805908203
-2.4810006618499756
3.7730844020843506
6.0
1.0
1.1601766347885132
-2.270400047302246
-4.120000839233398
10.0
1.0
1.1693577766418457
-2.28817081451416
-3.304267168045044
7.0
1.0
1.0989253520965576
-1.719440221786499
-2.408313751220703
6.0
1.0
1.1646537780761719
-1.886490821838379
1.260849952697754
4.0
1.0
1.11506986618042
-1.378209114074707
-1.0717647075653076
4.0
1.0
1.1085972785949707
-0.9661520719528198
1.618996262550354
3.0
1.0
1.105575680732727
-0.9565761685371399
2.648303747177124
11.0
1.0
1.1674859523773193
-0.7138307690620422
2.2755966186523438
6.0
1.0
1.1431816816329956
-0.271077960729599
0.5702986717224121
4.0
1.0
1.3649789094924927
0.2141844630241394
-1.2342090606689453
3.0
2.0
1.4283369779586792
0.0765591710805893
1.8493424654006958
3.0
2.0
1.346997857093811
0.9019530415534973
-0.6931067109107971
4.0
2.0
1.3545970916748047
1.1888262033462524
-0.6492466330528259
4.0
2.0
1.3403401374816895
1.87233567237854
2.238071918487549
2.0
2.0
1.3908700942993164
1.7200480699539185
2.9948244094848633
5.0
2.0
1.3587921857833862
2.431875467300415
-1.7870937585830688
5.0
2.0
1.3480340242385864
2.782945394515991
-3.4748337268829346
7.0
2.0
1.3907041549682617
2.977052927017212
0.642180323600769
4.0
2.0
1.3533554077148438
-2.5768823623657227
1.372449278831482
2.0
2.0
1.3483772277832031
-2.559055805206299
3.9978535175323486
9.0
2.0
1.3625311851501465
-2.2919275760650635
-3.914944887161255
7.0
2.0
1.3383769989013672
-1.8883252143859863
1.0790746212005615
2.0
2.0
1.39669668674469
-1.7483034133911133
-3.1671698093414307
8.0
2.0
1.3742746114730835
-1.381941318511963
-1.4119232892990112
4.0
2.0
1.3559610843658447
-1.0148056745529175
1.9061980247497559
6.0
2.0
1.3529243469238281
-0.37628796696662903
1.6777082681655884
7.0
2.0
1.449897050857544
-0.27261486649513245
0.6185446381568909
2.0
2.0
1.449567198753357
-0.27210733294487
1.4526643753051758
5.0
2.0
2.417634963989258
0.90964674949646
-1.3666666746139526
1.0
3.0
2.4148709774017334
1.1762163639068604
-1.3666666746139526
1.0
3.0
2.4043869972229004
1.1365282535552979
-7.366666793823242
9.0
3.0
2.4043869972229004
0.08933068811893463
2.9666666984558105
1.0
3.0
2.4152069091796875
3.0115063190460205
0.8333333134651184
1.0
3.0
2.408872604370117
-2.5098488330841064
1.899999976158142
2.0
3.0
2.411510467529297
-1.1649894714355469
2.9666666984558105
2.0
3.0
2.417634963989258
1.7083470821380615
4.699999809265137
1.0
3.0
2.3949272632598877
2.0840814113616943
6.0333333015441895
5.0
3.0
2.4169275760650635
-2.753413438796997
6.699999809265137
1.0
3.0
2.4007556438446045
-2.5475411415100098
6.699999809265137
4.0
3.0
2.401705741882324
-2.5421416759490967
6.699999809265137
2.0
3.0
2.404156446456909
-2.529740333557129
6.699999809265137
9.0
3.0
2.5764284133911133
0.27693718671798706
-2.433333396911621
2.0
4.0
2.5840017795562744
0.3398584723472595
-0.8333333134651184
5.0
4.0
2.596228837966919
0.9098996520042419
-1.899999976158142
2.0
4.0
2.586975574493408
2.4477806091308594
-3.5
2.0
4.0
2.577434778213501
-1.8643767833709717
-0.30000001192092896
1.0
4.0
2.586505174636841
-1.3985810279846191
-2.9666666984558105
2.0
4.0
2.596228837966919
2.755291700363159
-7.366666793823242
2.0
4.0
2.577274799346924
-1.8623602390289307
-6.0333333015441895
3.0
4.0
2.5792815685272217
0.31121310591697693
4.0333333015441895
2.0
4.0
2.579477310180664
1.8835195302963257
4.0333333015441895
1.0
4.0
2.580543279647827
-1.3674675226211548
3.5
4.0
4.0
2.576448440551758
-0.27744171023368835
0.8333333134651184
1.0
4.0
2.596879720687866
1.706107258796692
5.366666793823242
2.0
4.0
3.2363507747650146
0.3106629550457001
-3.5
2.0
5.0
3.2257518768310547
1.1647976636886597
-1.899999976158142
1.0
5.0
3.241281747817993
2.455019950866699
-4.699999809265137
2.0
5.0
3.241668939590454
0.10002267360687256
3.5
1.0
5.0
3.225473165512085
-1.1760820150375366
4.0333333015441895
1.0
5.0
3.2362444400787354
-1.0964614152908325
4.0333333015441895
3.0
5.0
3.2340378761291504
1.8906737565994263
4.699999809265137
1.0
5.0
3.2334797382354736
1.8930796384811401
6.0333333015441895
3.0
5.0
3.232166290283203
-2.4205920696258545
6.0333333015441895
2.0
5.0
3.2271013259887695
-1.6026259660720825
4.699999809265137
7.0
5.0
3.4200844764709473
0.570042073726654
-2.433333396911621
4.0
6.0
3.4271998405456543
0.9145578145980835
-2.433333396911621
1.0
6.0
3.4284698963165283
-1.839632272720337
-1.3666666746139526
1.0
6.0
3.4218878746032715
-1.4120664596557617
-4.0333333015441895
1.0
6.0
3.434999942779541
2.4574079513549805
-5.366666793823242
1.0
6.0
3.434509754180908
0.10272056609392166
4.0333333015441895
1.0
6.0
3.4353725910186768
-1.0780140161514282
4.0333333015441895
2.0
6.0
3.4317333698272705
-0.28092658519744873
0.8333333134651184
1.0
6.0
3.435497760772705
1.8637888431549072
6.0333333015441895
1.0
6.0
3.427732229232788
1.6976855993270874
6.699999809265137
1.0
6.0
3.432288646697998
-1.680681824684143
4.699999809265137
6.0
6.0
