220
0.8553946018218994
2.3199825286865234
-0.6680577397346497
5.0
0.0
0.8586584329605103
2.8311893939971924
1.0498346090316772
2.0
0.0
0.8452543020248413
2.886587381362915
2.6421899795532227
4.0
0.0
0.8942323327064514
-3.036628246307373
1.8189653158187866
2.0
0.0
0.820561408996582
-2.0427446365356445
-0.3391839861869812
2.0
0.0
0.8665803670883179
-0.8618723154067993
-2.177764415740967
8.0
0.0
0.81929612159729
-0.5139951109886169
0.37086066603660583
2.0
0.0
0.8241482377052307
-0.1157350093126297
-2.29557728767395
8.0
0.0
1.075344204902649
2.3168816566467285
-0.9387226700782776
4.0
1.0
1.1609612703323364
2.8331298828125
1.2730333805084229
4.0
1.0
1.133954644203186
2.891909599304199
3.40702486038208
7.0
1.0
1.1535874605178833
-3.0423977375030518
2.224914073944092
6.0
1.0
1.0797219276428223
-2.028965711593628
-0.5720855593681335
3.0
1.0
1.0821138620376587
-0.8634968996047974
-2.820943832397461
5.0
1.0
1.0921759605407715
-0.5159063339233398
0.35591578483581543
3.0
1.0
1.081283450126648
-0.0738229900598526
-3.1921186447143555
9.0
1.0
1.4081192016601562
2.312612771987915
-1.3488948345184326
3.0
2.0
1.3362741470336914
2.834667682647705
1.4026639461517334
2.0
2.0
1.43219792842865
2.897425889968872
4.197389125823975
6.0
2.0
1.4187620878219604
-3.048109769821167
2.6404356956481934
5.0
2.0
1.3751890659332275
-2.0126118659973145
-0.8354080319404602
4.0
2.0
1.4290945529937744
-0.8672181963920593
-3.854097843170166
7.0
2.0
1.409919023513794
-0.5183032751083374
0.3396712839603424
2.0
2.0
1.341992974281311
-0.020000196993350983
-4.091053009033203
5.0
2.0
1.3445286750793457
-0.030707770958542824
-4.090176105499268
8.0
2.0
2.40763783454895
2.5146801471710205
-3.5
5.0
3.0
2.4164040088653564
-1.9605746269226074
-1.899999976158142
2.0
3.0
2.4016077518463135
-3.0662801265716553
4.0333333015441895
1.0
3.0
2.394805669784546
-0.5257701277732849
0.30000001192092896
2.0
3.0
2.5763068199157715
2.3445885181427
-3.5
1.0
4.0
2.578446626663208
2.3985581398010254
-3.5
8.0
4.0
2.580392599105835
2.298729658126831
-2.9666666984558105
2.0
4.0
2.5931286811828613
2.4707469940185547
-2.9666666984558105
2.0
4.0
2.594491958618164
-1.9516282081604004
-1.899999976158142
1.0
4.0
2.587578058242798
-0.8794857859611511
-7.366666793823242
1.0
4.0
2.5776052474975586
2.8459956645965576
2.433333396911621
1.0
4.0
2.5781795978546143
2.919638156890869
7.366666793823242
1.0
4.0
3.232419729232788
2.290592908859253
-3.5
1.0
5.0
3.2294275760650635
2.4057281017303467
-3.5
1.0
5.0
3.2288694381713867
-1.9175808429718018
-2.433333396911621
2.0
5.0
3.2423243522644043
2.8509109020233154
2.9666666984558105
2.0
5.0
3.2314345836639404
-3.080808162689209
5.366666793823242
1.0
5.0
3.43426775932312
2.852367877960205
2.9666666984558105
1.0
6.0
3.424516201019287
-0.5347368717193604
0.30000001192092896
1.0
6.0
