320
0.8459764719009399
0.26525741815567017
0.6765373349189758
4.0
0.0
0.829686164855957
0.8819568753242493
1.1709856986999512
5.0
0.0
0.8192680478096008
1.0544319152832031
3.103640556335449
9.0
0.0
0.875215470790863
1.2050185203552246
0.63641357421875
3.0
0.0
0.8708282113075256
1.7422609329223633
-3.6267220973968506
10.0
0.0
0.8196421265602112
2.055339813232422
0.508894681930542
2.0
0.0
0.894862174987793
1.674155592918396
0.992816686630249
4.0
0.0
0.8385066390037537
2.9205105304718018
-3.867464780807495
10.0
0.0
0.8345398902893066
-2.8161027431488037
-4.032280921936035
10.0
0.0
0.819789469242096
-2.5859854221343994
-0.05799265578389168
1.0
0.0
0.8761123418807983
-2.4628851413726807
-3.533154010772705
10.0
0.0
0.8384875655174255
-2.315372943878174
-1.9332937002182007
5.0
0.0
0.8383159041404724
-2.3144330978393555
0.450296014547348
4.0
0.0
0.8333489894866943
-0.714214026927948
-1.2574386596679688
4.0
0.0
0.8983522653579712
-0.42898958921432495
-0.9356362223625183
3.0
0.0
0.819364607334137
0.014250580221414566
1.2735207080841064
4.0
0.0
1.094208836555481
0.26150938868522644
0.9102948904037476
3.0
1.0
1.1439173221588135
0.905377984046936
1.6586326360702515
4.0
1.0
1.0838693380355835
1.091295599937439
3.6579113006591797
6.0
1.0
1.187827706336975
1.2130836248397827
0.9083455204963684
3.0
1.0
1.1511874198913574
1.67501962184906
1.3115326166152954
4.0
1.0
1.1516993045806885
2.0666394233703613
0.7632826566696167
2.0
1.0
1.0896164178848267
-2.4688916206359863
-4.370175838470459
9.0
1.0
1.1250067949295044
-2.583495616912842
-0.03460065647959709
2.0
1.0
1.1810879707336426
-2.309535026550293
-2.6763033866882324
6.0
1.0
1.190755844116211
-2.3261539936065674
0.6931066513061523
2.0
1.0
1.170445442199707
-0.7194156646728516
-1.7185746431350708
4.0
1.0
1.0749696493148804
-0.42953622341156006
-1.0956439971923828
4.0
1.0
1.0691968202590942
0.009658756665885448
1.6985939741134644
6.0
1.0
1.3514306545257568
0.2572475075721741
1.1523370742797852
3.0
2.0
1.3427237272262573
0.919320285320282
1.9666273593902588
3.0
2.0
1.34666109085083
1.217419147491455
1.0473979711532593
2.0
2.0
1.3792392015457153
1.1188260316848755
4.274631500244141
4.0
2.0
1.4123626947402954
1.6761490106582642
1.636540174484253
3.0
2.0
1.3742544651031494
2.0738627910614014
0.9330371022224426
3.0
2.0
1.3546936511993408
-2.5814080238342285
-0.01705666445195675
1.0
2.0
1.367836594581604
-2.307173252105713
-3.0809848308563232
5.0
2.0
1.3775396347045898
-2.3327150344848633
0.8217626810073853
2.0
2.0
1.3627616167068481
-0.7218151688575745
-1.9822219610214233
6.0
2.0
1.3708693981170654
-0.4304982125759125
-1.3646520376205444
4.0
2.0
1.3366891145706177
0.005077766720205545
2.1537632942199707
4.0
2.0
2.404156446456909
-0.43534523248672485
-2.433333396911621
1.0
3.0
2.394986629486084
-0.012484736740589142
4.0333333015441895
1.0
3.0
2.3989884853363037
0.9880965948104858
3.5
1.0
3.0
2.4092965126037598
1.6805505752563477
2.9666666984558105
1.0
3.0
2.3951175212860107
2.1106789112091064
1.899999976158142
2.0
3.0
2.3974082469940186
-2.571343183517456
0.30000001192092896
2.0
3.0
2.4164040088653564
1.1810179948806763
6.699999809265137
2.0
3.0
2.5786149501800537
-0.7415233254432678
-3.5
1.0
4.0
2.576768398284912
0.23959921300411224
2.433333396911621
2.0
4.0
2.5809311866760254
1.2480121850967407
1.899999976158142
1.0
4.0
2.57673978805542
-2.3778903484344482
1.899999976158142
1.0
4.0
2.594801902770996
1.188969612121582
6.699999809265137
1.0
4.0
3.2288100719451904
-0.43821144104003906
-2.9666666984558105
1.0
5.0
3.2343239784240723
-2.282170295715332
-7.366666793823242
2.0
5.0
3.2274036407470703
-0.7507503628730774
-4.699999809265137
2.0
5.0
3.2374420166015625
1.2641353607177734
2.433333396911621
2.0
5.0
3.2282989025115967
-2.3980863094329834
1.899999976158142
2.0
5.0
3.226750135421753
-0.028205489739775658
5.366666793823242
2.0
5.0
3.4212515354156494
0.22865328192710876
2.9666666984558105
1.0
6.0
3.4310832023620605
1.6848340034484863
4.0333333015441895
1.0
6.0
3.4198050498962402
2.1457793712615967
2.433333396911621
1.0
6.0
3.4195973873138428
-2.5612878799438477
0.30000001192092896
1.0
6.0
3.4256300926208496
1.041743516921997
5.366666793823242
2.0
6.0
