825
0.9076859354972839
0.07231368869543076
1.020107388496399
10.0
0.0
0.8976792693138123
0.09627784043550491
2.5919947624206543
6.0
0.0
0.8246506452560425
0.40246379375457764
4.455676078796387
4.0
0.0
0.8344942927360535
0.3257710635662079
4.476306438446045
3.0
0.0
0.8381691575050354
0.8279668092727661
-1.8622493743896484
11.0
0.0
0.8514766693115234
0.764907956123352
-1.0118768215179443
9.0
0.0
0.8194053769111633
1.0185248851776123
4.029259204864502
2.0
0.0
0.8560532331466675
1.2702361345291138
2.50325083732605
7.0
0.0
0.8192065358161926
1.5596199035644531
3.1241626739501953
4.0
0.0
0.8193668127059937
1.5443100929260254
4.314836502075195
2.0
0.0
0.8269000053405762
1.951730489730835
-3.5111052989959717
12.0
0.0
0.8364719748497009
2.408348798751831
1.971222162246704
7.0
0.0
0.8238108158111572
3.0296413898468018
-2.1084413528442383
2.0
0.0
0.8457532525062561
2.884277105331421
4.093100070953369
4.0
0.0
0.8379372358322144
-2.835942029953003
2.991607904434204
4.0
0.0
0.9116722941398621
-3.0783560276031494
3.3891096115112305
3.0
0.0
0.8427851796150208
-2.337602376937866
-1.2066584825515747
5.0
0.0
0.8377304673194885
-2.3111929893493652
-1.0920377969741821
5.0
0.0
0.849827229976654
-2.369753122329712
-0.9781966805458069
6.0
0.0
0.8566424250602722
-2.397214412689209
-0.9341417551040649
5.0
0.0
0.8466967940330505
-2.356015682220459
-0.8206905722618103
10.0
0.0
0.8852410316467285
-2.4891722202301025
-0.8108198046684265
11.0
0.0
0.8306885957717896
-2.266984224319458
3.3483359813690186
4.0
0.0
0.8230406641960144
-1.6735457181930542
3.657423973083496
4.0
0.0
0.8593323826789856
-1.3600877523422241
3.993196725845337
2.0
0.0
0.8581898808479309
-0.832258939743042
-2.5075674057006836
4.0
0.0
0.8209940791130066
-0.4634498357772827
2.1163361072540283
5.0
0.0
0.8248583078384399
-0.6468918919563293
4.23637580871582
4.0
0.0
0.8370064496994019
-0.21271540224552155
-2.4403152465820312
2.0
0.0
0.8444482684135437
-0.2512224614620209
1.5920768976211548
7.0
0.0
0.9076151847839355
-0.4511217474937439
1.8512917757034302
12.0
0.0
0.9125258922576904
-0.4622737765312195
1.8681859970092773
6.0
0.0
0.9090020656585693
-0.45430973172187805
4.205674171447754
2.0
0.0
0.8663614392280579
-0.33754032850265503
4.233451843261719
4.0
0.0
1.1735543012619019
0.06021817401051521
-2.1319308280944824
5.0
1.0
1.1599513292312622
0.08624336123466492
-1.93088960647583
3.0
1.0
1.1801843643188477
0.04825633764266968
0.0027615493163466454
12.0
1.0
1.1602479219436646
0.08565268665552139
1.0166959762573242
4.0
1.0
1.070656657218933
0.3886074721813202
2.7074925899505615
1.0
1.0
1.0723329782485962
0.767483115196228
-2.405758857727051
11.0
1.0
1.1824489831924438
0.4369678497314453
2.7391693592071533
2.0
1.0
1.145480751991272
0.5092207789421082
3.4194867610931396
4.0
1.0
1.1103192567825317
0.5993483662605286
4.471270561218262
4.0
1.0
1.102992296218872
1.0154178142547607
3.9259445667266846
2.0
1.0
1.1627291440963745
1.2588505744934082
1.8421484231948853
7.0
1.0
1.0721590518951416
1.55423903465271
2.750377893447876
3.0
1.0
1.0729910135269165
1.5478816032409668
4.309638500213623
3.0
1.0
1.184180736541748
2.3974461555480957
0.9852977991104126
7.0
1.0
1.0832034349441528
3.0580410957336426
-2.059220790863037
2.0
1.0
1.1441633701324463
2.8683266639709473
4.013177394866943
4.0
1.0
1.0847176313400269
-2.839752197265625
2.600766658782959
4.0
1.0
1.1686530113220215
-3.072239398956299
3.1233503818511963
3.0
1.0
1.0696825981140137
-2.3513317108154297
-2.154859781265259
8.0
1.0
1.093557596206665
-2.4848597049713135
-2.010974645614624
12.0
1.0
1.1713030338287354
-2.2918124198913574
2.393141508102417
5.0
1.0
1.1139439344406128
-2.1603434085845947
2.421309232711792
4.0
1.0
1.15741765499115
-2.2648587226867676
2.966266632080078
4.0
1.0
1.0886616706848145
-1.6794278621673584
3.4423913955688477
2.0
1.0
1.1089308261871338
-1.359885811805725
3.8962173461914062
2.0
1.0
1.0907618999481201
-0.9028666019439697
-4.342614650726318
4.0
1.0
1.0777289867401123
-0.8395278453826904
-4.3026533126831055
4.0
1.0
1.0772923231124878
-0.8369259834289551
-4.259410858154297
15.0
1.0
1.0802127122879028
-0.46084126830101013
1.4140676259994507
5.0
1.0
1.079009771347046
-0.4542118310928345
4.182281970977783
2.0
1.0
1.1235673427581787
-0.6162267327308655
4.211034774780273
4.0
1.0
1.1315292119979858
-0.24378827214241028
-2.499769926071167
2.0
1.0
1.1229960918426514
-0.22201555967330933
-2.266824722290039
2.0
1.0
1.1000062227249146
-0.15245814621448517
-1.940311312675476
2.0
1.0
1.0762715339660645
-0.04525921493768692
-1.7354921102523804
7.0
1.0
1.1496599912643433
-0.2852322459220886
-1.4270306825637817
2.0
1.0
1.1408586502075195
-0.2658359706401825
-1.414522409439087
3.0
1.0
1.0730841159820557
-0.0236051008105278
-0.974785327911377
4.0
1.0
1.133399486541748
-0.24834425747394562
0.6702020168304443
8.0
1.0
1.136098861694336
-0.25479578971862793
2.381185531616211
3.0
1.0
1.1461430788040161
-0.2776305675506592
3.2937545776367188
4.0
1.0
1.1741329431533813
-0.33354246616363525
4.201125621795654
3.0
1.0
1.3895338773727417
0.15222622454166412
1.248179316520691
4.0
2.0
1.3964812755584717
0.45126718282699585
2.8098325729370117
2.0
2.0
1.3559283018112183
0.5560980439186096
3.448564291000366
3.0
2.0
1.3938777446746826
0.770993709564209
-4.435764789581299
14.0
2.0
1.3619048595428467
0.8515356779098511
4.478093147277832
4.0
2.0
1.3383543491363525
1.2533776760101318
1.4650425910949707
6.0
2.0
1.3374913930892944
1.2576375007629395
1.4721577167510986
5.0
2.0
1.4327709674835205
1.0115076303482056
3.8057358264923096
3.0
2.0
1.4515522718429565
0.9814878702163696
4.506114959716797
4.0
2.0
1.3429805040359497
1.5465433597564697
2.3473970890045166
3.0
2.0
1.3418875932693481
1.5512568950653076
4.304115295410156
2.0
2.0
1.372839331626892
2.3917078971862793
0.4503934681415558
5.0
2.0
1.3512476682662964
3.085330009460449
-2.0088629722595215
3.0
2.0
1.3410100936889648
-2.8430867195129395
2.195868968963623
5.0
2.0
1.4287879467010498
-3.065807819366455
2.854342460632324
3.0
2.0
1.3352181911468506
-2.5003931522369385
-4.146219253540039
2.0
2.0
1.3482232093811035
-2.558476209640503
-4.132249355316162
3.0
2.0
1.352137565612793
-2.5726723670959473
-4.027797222137451
4.0
2.0
1.3505812883377075
-2.567155361175537
-3.690075397491455
1.0
2.0
1.453439474105835
-2.4771292209625244
-4.0674662590026855
10.0
2.0
1.382506012916565
-2.34482741355896
-4.037281513214111
13.0
2.0
1.348107933998108
-2.243882179260254
2.350402355194092
4.0
2.0
1.353639841079712
-2.2636938095092773
2.7362453937530518
4.0
2.0
1.3700498342514038
-1.6849265098571777
3.21480655670166
2.0
2.0
1.3660531044006348
-1.3596842288970947
3.796314001083374
2.0
2.0
1.3817803859710693
-0.45813775062561035
0.599863588809967
6.0
2.0
1.3367213010787964
-0.30924734473228455
3.2625653743743896
4.0
2.0
1.3338959217071533
-0.29384690523147583
4.071495056152344
3.0
2.0
1.3803218603134155
-0.4546162486076355
4.141345977783203
1.0
2.0
1.3412164449691772
-0.3307351768016815
4.18325662612915
1.0
2.0
1.4456191062927246
-0.5801295638084412
4.1939778327941895
4.0
2.0
1.453278660774231
-0.2777712047100067
-2.568765163421631
3.0
2.0
1.3434468507766724
-0.026223842054605484
-0.7397282719612122
3.0
2.0
1.332141637802124
0.03091089427471161
-0.5651546120643616
9.0
2.0
1.3526030778884888
-0.06101837754249573
-0.521402895450592
9.0
2.0
1.3347361087799072
0.015541290864348412
-0.3854806423187256
4.0
2.0
1.4259274005889893
-0.2334294319152832
-0.3289499878883362
6.0
2.0
1.4317976236343384
-0.24349239468574524
-0.2826533317565918
8.0
2.0
1.4332302808761597
-0.2458990067243576
0.4543570578098297
3.0
2.0
1.4222224950790405
-0.22690297663211823
2.1430420875549316
1.0
2.0
1.455762267112732
-0.28150618076324463
4.048102855682373
3.0
2.0
2.408454656600952
1.1537326574325562
-2.433333396911621
3.0
3.0
2.3974692821502686
-3.094400405883789
-1.899999976158142
3.0
3.0
2.397347927093506
-2.1405041217803955
-2.9666666984558105
1.0
3.0
2.4020044803619385
-0.44612762331962585
-2.433333396911621
1.0
3.0
2.4020044803619385
-0.44612762331962585
-1.899999976158142
1.0
3.0
2.3974692821502686
1.0000052452087402
3.5
1.0
3.0
2.398540496826172
1.514941692352295
0.8333333134651184
1.0
3.0
2.394869089126587
1.5631966590881348
4.0333333015441895
2.0
3.0
2.406331777572632
-3.0436525344848633
1.899999976158142
1.0
3.0
2.416752338409424
-1.7056829929351807
2.433333396911621
2.0
3.0
2.3965282440185547
-0.48561805486679077
4.0333333015441895
2.0
3.0
2.4006645679473877
-0.4536861777305603
4.0333333015441895
1.0
3.0
2.395336627960205
2.5968260765075684
6.0333333015441895
1.0
3.0
2.40763783454895
-3.038278818130493
7.366666793823242
1.0
3.0
2.5916748046875
1.1994277238845825
-1.3666666746139526
2.0
4.0
2.5762174129486084
2.3481204509735107
-2.9666666984558105
2.0
4.0
2.5787887573242188
-0.216413676738739
-4.0333333015441895
2.0
4.0
2.5862739086151123
2.791210412979126
3.5
2.0
4.0
2.57673978805542
-2.858097553253174
0.30000001192092896
1.0
4.0
2.5893514156341553
-2.2551090717315674
1.3666666746139526
1.0
4.0
2.59590744972229
-1.7090880870819092
2.433333396911621
2.0
4.0
2.5789687633514404
-1.3558933734893799
3.5
1.0
4.0
2.5858190059661865
-0.3483791649341583
4.0333333015441895
2.0
4.0
2.579092025756836
-0.3097027838230133
4.0333333015441895
1.0
4.0
2.5800275802612305
0.3167489469051361
4.699999809265137
1.0
4.0
3.2257025241851807
1.1660065650939941
-2.433333396911621
2.0
5.0
3.2358245849609375
1.4907622337341309
-0.30000001192092896
1.0
5.0
3.232419729232788
-0.45830073952674866
-2.9666666984558105
3.0
5.0
3.2270195484161377
2.3251702785491943
-4.699999809265137
1.0
5.0
3.2254669666290283
1.5711994171142578
4.0333333015441895
1.0
5.0
3.2255516052246094
2.756148099899292
3.5
2.0
5.0
3.2255043983459473
-0.3975355625152588
3.5
2.0
5.0
3.2311227321624756
-0.4518771469593048
4.0333333015441895
1.0
5.0
3.2254879474639893
-0.3890717029571533
4.0333333015441895
3.0
5.0
3.2401483058929443
-0.2974669635295868
4.0333333015441895
1.0
5.0
3.235413074493408
0.31426703929901123
4.699999809265137
1.0
5.0
3.2350096702575684
-3.064763069152832
5.366666793823242
1.0
5.0
3.4241695404052734
-2.99765944480896
-1.3666666746139526
2.0
6.0
3.4294357299804688
-2.868975877761841
-1.3666666746139526
1.0
6.0
3.4294357299804688
-2.868975877761841
-0.8333333134651184
1.0
6.0
3.4194729328155518
-0.19444866478443146
-6.699999809265137
1.0
6.0
3.4195380210876465
0.9882106184959412
2.9666666984558105
1.0
6.0
3.429238796234131
-3.020754337310791
0.8333333134651184
1.0
6.0
3.433318853378296
-2.249704122543335
0.30000001192092896
1.0
6.0
3.42256498336792
-1.724591851234436
1.3666666746139526
2.0
6.0
3.420241594314575
-1.3531601428985596
2.9666666984558105
2.0
6.0
3.427642345428467
2.6216259002685547
6.699999809265137
2.0
6.0
3.4235129356384277
-1.030371904373169
5.366666793823242
2.0
6.0
