450
0.819634735584259
1.0084154605865479
2.138777732849121
8.0
0.0
0.8702051639556885
1.2206531763076782
-3.230130672454834
9.0
0.0
0.8549830913543701
1.2743908166885376
0.10428933054208755
2.0
0.0
0.8534595370292664
1.280426263809204
0.13840265572071075
2.0
0.0
0.8444327116012573
1.3196474313735962
0.3114059865474701
2.0
0.0
0.8238181471824646
1.4587619304656982
0.335022896528244
13.0
0.0
0.8235812783241272
1.4615005254745483
0.3435699939727783
11.0
0.0
0.8196024894714355
1.596250295639038
0.3801199495792389
2.0
0.0
0.8205547332763672
1.507183313369751
0.3864552974700928
2.0
0.0
0.8206400275230408
2.1476805210113525
2.482713222503662
8.0
0.0
0.8193469047546387
2.6311511993408203
0.32407665252685547
4.0
0.0
0.8341948390007019
2.4220240116119385
2.101409912109375
7.0
0.0
0.8450523018836975
2.8875293731689453
-2.031280279159546
3.0
0.0
0.8732857704162598
2.7817368507385254
-2.0285186767578125
4.0
0.0
0.8657509088516235
2.80610728263855
-2.0204288959503174
5.0
0.0
0.8206067681312561
3.0768895149230957
0.6667906641960144
4.0
0.0
0.8469066619873047
-2.880561113357544
-3.7004311084747314
8.0
0.0
0.8732340335845947
-2.977689266204834
0.4101722240447998
3.0
0.0
0.8493916392326355
-2.367888927459717
0.4052988588809967
3.0
0.0
0.8571286201477051
-2.3990638256073
1.0415500402450562
4.0
0.0
0.8200934529304504
-1.0064548254013062
-0.4249546527862549
2.0
0.0
0.8904138207435608
-1.4559218883514404
0.6575313210487366
4.0
0.0
0.867093026638031
-0.8635818362236023
-1.0420373678207397
2.0
0.0
0.8194736242294312
0.019989702850580215
-0.29191264510154724
1.0
0.0
1.0950216054916382
1.0437986850738525
2.9767792224884033
7.0
1.0
1.0814787149429321
1.1032590866088867
3.3308894634246826
5.0
1.0
1.0899691581726074
1.0639185905456543
3.3554511070251465
5.0
1.0
1.1848371028900146
1.2182124853134155
-4.2921271324157715
10.0
1.0
1.1544517278671265
1.2755013704299927
0.23611299693584442
4.0
1.0
1.1524981260299683
1.2795642614364624
0.23863084614276886
3.0
1.0
1.1598328351974487
1.2645769119262695
0.288663774728775
3.0
1.0
1.117990255355835
2.147801637649536
3.481656551361084
7.0
1.0
1.091843843460083
2.6270196437835693
0.5264386534690857
2.0
1.0
1.1890054941177368
2.3891828060150146
3.097968578338623
8.0
1.0
1.1794764995574951
2.7984063625335693
-2.65144944190979
6.0
1.0
1.080349326133728
3.0727148056030273
0.9679626822471619
4.0
1.0
1.1232813596725464
-2.971665382385254
0.6087979674339294
2.0
1.0
1.071571946144104
-2.368046760559082
0.5867055654525757
3.0
1.0
1.0720536708831787
-2.3719217777252197
0.5868679881095886
2.0
1.0
1.0754704475402832
-2.396332263946533
1.3821959495544434
4.0
1.0
1.1732529401779175
-2.295422077178955
0.6633793115615845
1.0
1.0
1.1020997762680054
-2.123166799545288
0.792360246181488
3.0
1.0
1.1308330297470093
-2.20556902885437
1.0049024820327759
5.0
1.0
1.1406978368759155
-2.2289648056030273
1.013663649559021
18.0
1.0
1.1484802961349487
-1.4608007669448853
0.9323873519897461
6.0
1.0
1.0814577341079712
-0.8601275682449341
-1.2290109395980835
3.0
1.0
1.1215791702270508
-1.003626823425293
-0.47856131196022034
4.0
1.0
1.0678240060806274
0.024838298559188843
-0.2945117652416229
3.0
1.0
1.4572620391845703
0.030418233945965767
-0.29841044545173645
3.0
2.0
1.3329020738601685
1.282838225364685
0.31969061493873596
4.0
2.0
1.3377926349639893
1.2561360597610474
0.37410953640937805
3.0
2.0
1.3919070959091187
1.0894439220428467
3.8718507289886475
6.0
2.0
1.4586433172225952
1.2850106954574585
0.37622132897377014
2.0
2.0
1.349744439125061
2.1482677459716797
4.258793354034424
6.0
2.0
1.3794113397598267
2.375040292739868
3.6303422451019287
7.0
2.0
1.3449716567993164
2.7949230670928955
-2.983323335647583
4.0
2.0
1.4101775884628296
2.6227924823760986
0.7631202340126038
3.0
2.0
1.3558627367019653
3.069586992263794
1.286678671836853
2.0
2.0
1.3792181015014648
-2.9651925563812256
0.8128282427787781
3.0
2.0
1.3967686891555786
-2.3767738342285156
0.8510026335716248
4.0
2.0
1.4040896892547607
-2.3918230533599854
1.8937222957611084
5.0
2.0
1.4127293825149536
-1.4661366939544678
1.213578701019287
4.0
2.0
1.3520978689193726
-1.001737117767334
-0.519128680229187
7.0
2.0
1.4223871231079102
-0.8555144667625427
-1.5275399684906006
4.0
2.0
1.3324673175811768
0.02887056954205036
-0.29727333784103394
4.0
2.0
2.3968911170959473
0.041774578392505646
-0.30000001192092896
1.0
3.0
2.397915840148926
-0.9962145686149597
-0.8333333134651184
2.0
3.0
2.3948426246643066
2.612022638320923
1.3666666746139526
1.0
3.0
2.403045654296875
3.058727979660034
2.433333396911621
1.0
3.0
2.403045654296875
-1.4879316091537476
2.433333396911621
1.0
3.0
2.579885959625244
-0.8393414616584778
-2.433333396911621
3.0
4.0
2.591111421585083
2.772218942642212
-5.366666793823242
2.0
4.0
2.592393636703491
1.1969354152679443
0.8333333134651184
1.0
4.0
2.576188802719116
1.3024368286132812
0.8333333134651184
1.0
4.0
2.5776944160461426
-2.3910000324249268
1.899999976158142
1.0
4.0
2.576448440551758
-2.3718369007110596
3.5
1.0
4.0
2.577434778213501
1.277215838432312
7.366666793823242
3.0
4.0
3.2297561168670654
0.051543738692998886
-0.30000001192092896
2.0
5.0
3.2288100719451904
-0.8309105038642883
-2.9666666984558105
1.0
5.0
3.2257184982299805
2.761387348175049
-6.699999809265137
1.0
5.0
3.225571393966675
1.1700365543365479
1.3666666746139526
2.0
5.0
3.233388662338257
1.6408110857009888
4.0333333015441895
4.0
5.0
3.238938093185425
3.050355911254883
3.5
1.0
5.0
3.2282989025115967
-2.3980863094329834
2.433333396911621
2.0
5.0
3.2320828437805176
-1.5068000555038452
2.9666666984558105
1.0
5.0
3.2255043983459473
-2.3610310554504395
4.699999809265137
2.0
5.0
3.419646739959717
-0.992012083530426
-0.8333333134651184
1.0
6.0
3.4250965118408203
1.3171031475067139
1.3666666746139526
1.0
6.0
3.4235763549804688
2.6015474796295166
2.433333396911621
1.0
6.0
3.423023223876953
1.3288573026657104
5.366666793823242
2.0
6.0
