945
0.8404784202575684
0.29202699661254883
-0.8351991772651672
7.0
0.0
0.8660702109336853
0.1870366930961609
1.1960346698760986
4.0
0.0
0.8453094959259033
0.2683366537094116
1.6552213430404663
4.0
0.0
0.8257838487625122
0.39114609360694885
1.678613305091858
2.0
0.0
0.8553688526153564
0.22568780183792114
1.889141321182251
4.0
0.0
0.8191961050033569
0.5166150331497192
2.1885263919830322
3.0
0.0
0.8681259155273438
1.2274004220962524
-3.953235387802124
2.0
0.0
0.8660702109336853
1.2342342138290405
2.108928680419922
2.0
0.0
0.8284862637519836
1.9384446144104004
-4.424681663513184
10.0
0.0
0.8590351939201355
1.782598614692688
0.83180171251297
5.0
0.0
0.8309875726699829
1.9196792840957642
1.4655299186706543
2.0
0.0
0.8249636292457581
1.970023274421692
1.9315392971038818
2.0
0.0
0.8198489546775818
2.5720207691192627
2.107304334640503
3.0
0.0
0.8279066681861877
2.46675181388855
2.2166292667388916
4.0
0.0
0.819474458694458
2.585859775543213
3.208796262741089
3.0
0.0
0.8192024230957031
3.131510019302368
-3.747255802154541
12.0
0.0
0.8237730264663696
3.030074119567871
0.1770969033241272
5.0
0.0
0.8195096850395203
-3.1199634075164795
1.1619213819503784
4.0
0.0
0.8192382454872131
-3.1374568939208984
1.76487135887146
2.0
0.0
0.8583903908729553
2.8321852684020996
2.7820546627044678
2.0
0.0
0.8191958665847778
-2.624613046646118
1.822051763534546
3.0
0.0
0.8379372358322144
-2.312343120574951
2.021696090698242
4.0
0.0
0.8929794430732727
-2.509812116622925
2.424720525741577
2.0
0.0
0.9106001853942871
-2.552340507507324
3.7064497470855713
5.0
0.0
0.9101702570915222
-2.0277676582336426
1.1180613040924072
4.0
0.0
0.8192006945610046
-1.5803321599960327
1.7517132759094238
2.0
0.0
0.8581231236457825
-1.8792073726654053
2.359905242919922
2.0
0.0
0.8402842283248901
-1.8013584613800049
3.4217283725738525
5.0
0.0
0.8239379525184631
-1.1605905294418335
2.4864494800567627
3.0
0.0
0.8318957686424255
-1.2282081842422485
3.662506103515625
7.0
0.0
0.8296483159065247
-1.2121539115905762
4.499536037445068
6.0
0.0
0.851111114025116
-0.8043691515922546
-3.8416359424591064
4.0
0.0
0.8587928414344788
-0.8344997763633728
-2.454935312271118
10.0
0.0
0.8196385502815247
-0.49677905440330505
-0.9219096899032593
8.0
0.0
0.8299577236175537
-0.6908646821975708
0.07163798809051514
6.0
0.0
0.8845275640487671
-0.9164016842842102
2.8587284088134766
6.0
0.0
1.0861417055130005
0.29522794485092163
-1.6227325201034546
6.0
1.0
1.1204571723937988
0.17750684916973114
1.0011013746261597
4.0
1.0
1.0919101238250732
0.2705583870410919
1.5926802158355713
3.0
1.0
1.0696898698806763
0.39749234914779663
1.6228948831558228
3.0
1.0
1.1088472604751587
0.21116912364959717
1.898075819015503
3.0
1.0
1.1377753019332886
0.5266664028167725
2.3119843006134033
3.0
1.0
1.1228536367416382
1.3491590023040771
-3.9741907119750977
2.0
1.0
1.174952745437622
1.2357556819915771
2.1927499771118164
2.0
1.0
1.1070700883865356
1.7875347137451172
0.5342360138893127
4.0
1.0
1.0761128664016724
1.9192363023757935
1.3466206789016724
2.0
1.0
1.070238471031189
1.963150143623352
1.949570655822754
4.0
1.0
1.1089308261871338
2.5671050548553467
2.190800666809082
1.0
1.0
1.143835425376892
2.4763565063476562
2.348696708679199
2.0
1.0
1.1046875715255737
2.5806031227111816
3.6748056411743164
3.0
1.0
1.093557596206665
3.012927532196045
-0.38158199191093445
6.0
1.0
1.1083064079284668
2.961744546890259
-0.22807200253009796
4.0
1.0
1.068485975265503
-3.1244187355041504
0.9445706605911255
4.0
1.0
1.070223331451416
3.1413862705230713
1.7323824167251587
3.0
1.0
1.1627548933029175
2.829596519470215
3.1071059703826904
2.0
1.0
1.143835425376892
-3.021430492401123
-0.8929133415222168
4.0
1.0
1.111213207244873
-2.9376494884490967
0.1588706523180008
2.0
1.0
1.1461430788040161
-2.6338250637054443
1.8023959398269653
4.0
1.0
1.1020612716674805
-2.515734910964966
2.554957389831543
4.0
1.0
1.1150299310684204
-2.5561914443969727
4.121657848358154
5.0
1.0
1.1390867233276367
-2.2252695560455322
0.7602611780166626
5.0
1.0
1.0791923999786377
-2.0260322093963623
0.9772220253944397
4.0
1.0
1.1762826442718506
-2.3009519577026367
2.082369089126587
4.0
1.0
1.0707834959030151
-1.5759973526000977
1.7148385047912598
3.0
1.0
1.1560747623443604
-1.8694268465042114
2.5327024459838867
3.0
1.0
1.1242130994796753
-1.7960232496261597
3.948362112045288
4.0
1.0
1.0684986114501953
-1.161062479019165
2.6698055267333984
3.0
1.0
1.0763617753982544
-1.2239211797714233
4.190274238586426
5.0
1.0
1.0980064868927002
-0.930747926235199
-3.820193290710449
4.0
1.0
1.0729663372039795
-0.8081287145614624
-3.4996800422668457
9.0
1.0
1.094589114189148
-0.918048083782196
3.092973232269287
4.0
1.0
1.0885059833526611
-0.5006598234176636
-1.8352097272872925
6.0
1.0
1.155006766319275
-0.6891387104988098
-0.6310204267501831
5.0
1.0
1.34099543094635
0.2985718548297882
-2.436903953552246
8.0
2.0
1.383255958557129
0.16666677594184875
0.7995077967643738
3.0
2.0
1.3471670150756836
0.2729813754558563
1.5280272960662842
2.0
2.0
1.3715770244598389
0.1959291696548462
1.9066853523254395
4.0
2.0
1.4197683334350586
0.40581798553466797
1.542647361755371
2.0
2.0
1.3630131483078003
0.5340774059295654
2.3987295627593994
3.0
2.0
1.3420634269714355
1.2363297939300537
2.2379095554351807
3.0
2.0
1.3840440511703491
1.4214465618133545
-3.9954710006713867
3.0
2.0
1.3489199876785278
1.837146520614624
0.16942954063415527
3.0
2.0
1.3623321056365967
1.7927358150482178
0.22709734737873077
4.0
2.0
1.4543317556381226
1.9197547435760498
1.1633833646774292
2.0
2.0
1.4320834875106812
1.9551407098770142
1.9760490655899048
3.0
2.0
1.3446892499923706
2.4819107055664062
2.433492660522461
2.0
2.0
1.4449875354766846
2.5624561309814453
2.2877800464630127
2.0
2.0
1.3375266790390015
2.8282570838928223
3.2935922145843506
3.0
2.0
1.4370813369750977
2.5751562118530273
4.216395378112793
4.0
2.0
1.3814786672592163
2.998338460922241
-0.9703993201255798
6.0
2.0
1.3715060949325562
3.0235517024993896
-0.5906692743301392
5.0
2.0
1.3367213010787964
-3.136680841445923
-0.516692042350769
4.0
2.0
1.3375707864761353
-3.1409897804260254
-0.4961053133010864
4.0
2.0
1.3809202909469604
2.9996848106384277
-0.40724822878837585
3.0
2.0
1.3351573944091797
-3.1283791065216064
0.7125999927520752
2.0
2.0
1.338581919670105
3.137230634689331
1.6976193189620972
2.0
2.0
1.4089912176132202
-3.029787540435791
-0.3830440044403076
4.0
2.0
1.3634098768234253
-2.9228439331054688
0.36062660813331604
6.0
2.0
1.3747004270553589
-2.639676332473755
1.7892379760742188
2.0
2.0
1.3396966457366943
-2.522923707962036
2.701157331466675
4.0
2.0
1.362977147102356
-2.2932496070861816
2.1152639389038086
4.0
2.0
1.3779569864273071
-2.0195963382720947
0.7303064465522766
3.0
2.0
1.3337428569793701
-1.8637548685073853
2.636829376220703
2.0
2.0
1.398213267326355
-1.7514898777008057
1.0605559349060059
4.0
2.0
1.3379265069961548
-1.5719594955444336
1.6755268573760986
3.0
2.0
1.4185516834259033
-1.7910900115966797
4.493931770324707
4.0
2.0
1.353639841079712
-1.0070565938949585
-3.799725294113159
4.0
2.0
1.4189563989639282
-1.1635074615478516
2.931178569793701
2.0
2.0
1.3335607051849365
-0.9202108979225159
3.358764886856079
5.0
2.0
1.3525097370147705
-0.6890129446983337
-1.058119297027588
6.0
2.0
1.4041697978973389
-0.5070277452468872
-2.906487226486206
6.0
2.0
2.3958287239074707
1.541491150856018
-4.0333333015441895
8.0
3.0
2.411055326461792
1.6869819164276123
-0.8333333134651184
5.0
3.0
2.4029383659362793
2.700319528579712
-0.8333333134651184
8.0
3.0
2.3952078819274902
3.123138189315796
-1.3666666746139526
2.0
3.0
2.409013271331787
-1.9857136011123657
-0.30000001192092896
1.0
3.0
2.403592348098755
-1.132757306098938
-3.5
2.0
3.0
2.394808769226074
-0.5263130068778992
-6.0333333015441895
1.0
3.0
2.406079053878784
0.42673400044441223
1.3666666746139526
1.0
3.0
2.3969457149505615
0.5659152269363403
2.9666666984558105
2.0
3.0
2.400132179260254
2.551323175430298
2.433333396911621
1.0
3.0
2.40710711479187
2.516828775405884
2.9666666984558105
1.0
3.0
2.403371572494507
3.0571107864379883
0.30000001192092896
2.0
3.0
2.395184278488159
3.123680830001831
1.3666666746139526
1.0
3.0
2.397113800048828
-2.661935806274414
1.899999976158142
1.0
3.0
2.4003069400787354
-2.5502424240112305
3.5
1.0
3.0
2.417634963989258
-2.2319459915161133
2.433333396911621
1.0
3.0
2.3949272632598877
-1.5604826211929321
1.3666666746139526
1.0
3.0
2.413717031478882
-1.1724774837493896
3.5
2.0
3.0
2.412754774093628
-0.1220724806189537
6.699999809265137
2.0
3.0
2.404503345489502
1.660665512084961
6.699999809265137
2.0
3.0
2.398540496826172
2.5621392726898193
6.0333333015441895
1.0
3.0
2.4003069400787354
-2.6857454776763916
6.0333333015441895
1.0
3.0
2.396199941635132
-2.583808183670044
6.699999809265137
1.0
3.0
2.410904884338379
-0.9315475821495056
4.699999809265137
2.0
3.0
2.413717031478882
-1.1724774837493896
6.699999809265137
2.0
3.0
2.576338291168213
1.8199806213378906
-1.3666666746139526
1.0
4.0
2.5803182125091553
2.9367549419403076
-3.5
1.0
4.0
2.5842058658599854
2.8007311820983887
-0.8333333134651184
5.0
4.0
2.587947368621826
-0.6898102164268494
-3.5
2.0
4.0
2.5766847133636475
0.28248634934425354
1.3666666746139526
1.0
4.0
2.5972089767456055
0.13431790471076965
1.899999976158142
2.0
4.0
2.5815858840942383
1.2439911365509033
2.433333396911621
1.0
4.0
2.587094783782959
1.9246822595596313
0.8333333134651184
1.0
4.0
2.588322639465332
1.9296835660934448
1.899999976158142
7.0
4.0
2.5762646198272705
-1.8225034475326538
3.5
2.0
4.0
2.576207160949707
-1.3165662288665771
1.899999976158142
3.0
4.0
2.589881420135498
0.36488232016563416
7.366666793823242
1.0
4.0
2.5806195735931396
2.820819854736328
4.699999809265137
1.0
4.0
2.5806195735931396
-1.7736221551895142
6.699999809265137
1.0
4.0
2.590015411376953
-1.2054147720336914
7.366666793823242
2.0
4.0
3.236457586288452
0.0824364572763443
-0.8333333134651184
1.0
5.0
3.2254691123962402
1.569587230682373
-4.0333333015441895
1.0
5.0
3.229050874710083
3.0944716930389404
-2.9666666984558105
1.0
5.0
3.2258448600769043
-1.9481810331344604
-0.8333333134651184
2.0
5.0
3.2257518768310547
-1.1647976636886597
-3.5
1.0
5.0
3.225865125656128
-0.7696807980537415
-7.366666793823242
1.0
5.0
3.2260453701019287
-0.7664574384689331
-7.366666793823242
1.0
5.0
3.2399020195007324
-0.6909648776054382
-5.366666793823242
1.0
5.0
3.2424569129943848
0.10241623222827911
1.899999976158142
1.0
5.0
3.229689359664917
0.4438408315181732
1.3666666746139526
1.0
5.0
3.23366379737854
1.2493151426315308
2.9666666984558105
1.0
5.0
3.2274489402770996
1.9284451007843018
0.30000001192092896
1.0
5.0
3.2285776138305664
1.919592022895813
1.899999976158142
1.0
5.0
3.2267136573791504
3.1137897968292236
1.3666666746139526
1.0
5.0
3.2334797382354736
-2.6784777641296387
1.899999976158142
1.0
5.0
3.2260453701019287
-1.5518555641174316
1.3666666746139526
1.0
5.0
3.232166290283203
-1.242494821548462
1.899999976158142
2.0
5.0
3.2254796028137207
-1.180918574333191
4.0333333015441895
1.0
5.0
3.22617506980896
-0.4136542081832886
2.9666666984558105
2.0
5.0
3.225571393966675
-0.38463839888572693
2.9666666984558105
2.0
5.0
3.2417988777160645
1.6712180376052856
6.699999809265137
2.0
5.0
3.2331180572509766
2.817704916000366
5.366666793823242
1.0
5.0
3.2355151176452637
-2.670060873031616
6.0333333015441895
2.0
5.0
3.2255256175994873
-1.184142827987671
6.699999809265137
1.0
5.0
3.4211277961730957
1.3432824611663818
-1.3666666746139526
4.0
6.0
3.427642345428467
1.8362278938293457
-2.433333396911621
2.0
6.0
3.425246477127075
3.0033445358276367
-0.30000001192092896
1.0
6.0
3.424306631088257
2.89206862449646
-5.366666793823242
2.0
6.0
3.4340274333953857
0.28847089409828186
0.8333333134651184
1.0
6.0
3.4195756912231445
0.5970321297645569
2.9666666984558105
1.0
6.0
3.4196743965148926
2.5415194034576416
2.9666666984558105
1.0
6.0
3.4194788932800293
2.5498828887939453
3.5
1.0
6.0
3.4203267097473145
-2.5749707221984863
4.0333333015441895
1.0
6.0
3.419633626937866
-2.14996075630188
2.433333396911621
2.0
6.0
3.4201607704162598
-1.78729248046875
4.0333333015441895
1.0
6.0
3.434999942779541
1.6720097064971924
6.699999809265137
1.0
6.0
3.4194788932800293
2.5498828887939453
7.366666793823242
1.0
6.0
3.423142671585083
-0.15000125765800476
6.699999809265137
2.0
6.0
