915
0.8684526681900024
0.17913198471069336
0.12017639726400375
5.0
0.0
0.8520410656929016
0.2389822006225586
1.357439398765564
10.0
0.0
0.8192499876022339
1.0296413898468018
-3.6184372901916504
6.0
0.0
0.8725122213363647
0.6897501349449158
-3.122213363647461
2.0
0.0
0.8435702323913574
0.8001702427864075
-2.885369300842285
4.0
0.0
0.8277561068534851
0.897205114364624
-0.8079549074172974
3.0
0.0
0.8761123418807983
0.6787075400352478
0.8514900207519531
6.0
0.0
0.8579386472702026
0.7394767999649048
4.033082962036133
13.0
0.0
0.8819595575332642
1.1852068901062012
-2.2551286220550537
2.0
0.0
0.8208038210868835
1.6273508071899414
-2.127934694290161
4.0
0.0
0.8700709342956543
1.2210839986801147
-0.5990513563156128
5.0
0.0
0.9071078896522522
1.1208484172821045
-0.12056627124547958
5.0
0.0
0.8351848721504211
1.3687560558319092
3.109055280685425
9.0
0.0
0.8368813395500183
1.358795404434204
3.114548921585083
11.0
0.0
0.8288373351097107
1.9356653690338135
-2.530590772628784
4.0
0.0
0.9128814935684204
1.6313283443450928
-2.186122179031372
5.0
0.0
0.8191957473754883
3.135338068008423
-2.096745252609253
2.0
0.0
0.8390843272209167
2.9173808097839355
-1.8335853815078735
4.0
0.0
0.8826667070388794
2.753999710083008
2.0802977085113525
8.0
0.0
0.8205547332763672
3.077979564666748
3.66619610786438
12.0
0.0
0.8953858613967896
-3.0395617485046387
-4.260645389556885
5.0
0.0
0.85691237449646
-2.921841621398926
-3.793111562728882
7.0
0.0
0.8596034646034241
-2.931877613067627
-2.932640790939331
6.0
0.0
0.8388908505439758
-2.841162919998169
-1.1380419731140137
2.0
0.0
0.899705708026886
-2.526714563369751
-2.975038766860962
2.0
0.0
0.8362783789634705
-2.3029160499572754
-1.2798559665679932
4.0
0.0
0.8305405378341675
-2.265920400619507
-1.129757285118103
4.0
0.0
0.8481413125991821
-2.362454891204834
-1.009873390197754
2.0
0.0
0.8194261193275452
-2.1241610050201416
0.8519773483276367
8.0
0.0
0.829258143901825
-2.256387948989868
1.8294159173965454
9.0
0.0
0.8192256689071655
-2.091899871826172
2.7582972049713135
8.0
0.0
0.8243629932403564
-2.2124710083007812
3.0973594188690186
9.0
0.0
0.8283219337463379
-1.7254277467727661
-1.7369309663772583
3.0
0.0
0.8330219984054565
-1.2356982231140137
-3.061784029006958
4.0
0.0
0.8287015557289124
-1.204858660697937
-2.546672821044922
2.0
0.0
0.8300778865814209
-1.2153513431549072
-1.9679268598556519
3.0
0.0
0.8706763386726379
-1.3988476991653442
-1.4221572875976562
2.0
0.0
0.8292405009269714
-1.2090548276901245
1.2036230564117432
7.0
0.0
0.8981295228004456
-1.4756357669830322
4.142409324645996
11.0
0.0
0.843784511089325
-0.7716572880744934
-4.276337146759033
8.0
0.0
0.8468679189682007
-0.7859916687011719
2.784757137298584
11.0
0.0
0.8319849967956543
-0.1816166192293167
-4.273251056671143
6.0
0.0
0.9045840501785278
-0.4440440833568573
-2.2146799564361572
2.0
0.0
0.842512309551239
-0.24186350405216217
-0.8539266586303711
4.0
0.0
0.8543021082878113
-0.29372572898864746
-0.5984016060829163
3.0
0.0
0.8191958069801331
-0.006473300512880087
0.6949585676193237
5.0
0.0
1.116342306137085
0.18894702196121216
0.6214686632156372
6.0
1.0
1.073537826538086
0.36578163504600525
0.7725419998168945
2.0
1.0
1.086112141609192
0.2953627109527588
0.9348239898681641
4.0
1.0
1.1150033473968506
0.19277897477149963
0.940671980381012
4.0
1.0
1.0978150367736816
0.2480417639017105
2.2128524780273438
8.0
1.0
1.0858912467956543
0.689072847366333
-3.490149974822998
4.0
1.0
1.0683361291885376
0.8042435646057129
-3.2226040363311768
4.0
1.0
1.087006688117981
0.6840217113494873
1.4455492496490479
8.0
1.0
1.0980064868927002
1.032747507095337
-4.303140640258789
6.0
1.0
1.069747805595398
1.1823347806930542
-2.39109468460083
2.0
1.0
1.1213445663452148
0.9605007171630859
-0.5535668730735779
3.0
1.0
1.0783146619796753
1.1205472946166992
0.162606880068779
3.0
1.0
1.1777150630950928
1.2307575941085815
-0.2373313307762146
4.0
1.0
1.0739054679870605
1.9339576959609985
-2.799436330795288
3.0
1.0
1.1674859523773193
1.6423636674880981
-2.3482093811035156
4.0
1.0
1.0747324228286743
2.713648796081543
2.7350618839263916
7.0
1.0
1.0701476335525513
-3.1411049365997314
-2.2434327602386475
2.0
1.0
1.1209701299667358
2.9250080585479736
-1.9065228700637817
3.0
1.0
1.131579875946045
-2.9928059577941895
-4.498723983764648
3.0
1.0
1.101141095161438
-2.905289649963379
-4.462498664855957
4.0
1.0
1.1077921390533447
-2.9271321296691895
-4.422746181488037
7.0
1.0
1.1092822551727295
-2.931767702102661
-3.312955617904663
5.0
1.0
1.0833412408828735
-2.833122491836548
-0.9989895820617676
3.0
1.0
1.1068247556686401
-2.531376600265503
-3.2859573364257812
4.0
1.0
1.0713870525360107
-2.366523265838623
-0.8490533232688904
4.0
1.0
1.181864857673645
-2.3109018802642822
-1.1390166282653809
6.0
1.0
1.1708179712295532
-2.290908098220825
-0.9299506545066833
4.0
1.0
1.1032435894012451
-2.1270148754119873
1.706669807434082
7.0
1.0
1.1519272327423096
-2.2535297870635986
3.148366928100586
3.0
1.0
1.1525709629058838
-2.2548797130584717
3.174623727798462
11.0
1.0
1.0760045051574707
-2.007067918777466
3.4693570137023926
3.0
1.0
1.13516366481781
-2.2160720825195312
3.7355597019195557
3.0
1.0
1.1279828548431396
-2.198439359664917
3.839524269104004
3.0
1.0
1.086485743522644
-2.0625293254852295
4.062495231628418
10.0
1.0
1.1051268577575684
-1.7405192852020264
-1.7755926847457886
2.0
1.0
1.0679864883422852
-1.1552107334136963
-3.51126766204834
3.0
1.0
1.0783146619796753
-1.235647201538086
-3.4995718002319336
3.0
1.0
1.0794129371643066
-1.241862416267395
-3.4911246299743652
4.0
1.0
1.0734232664108276
-1.2041869163513184
-2.8210413455963135
4.0
1.0
1.0738859176635742
-1.2074971199035645
-1.9349507093429565
4.0
1.0
1.1247657537460327
-1.4047701358795166
-1.365464210510254
3.0
1.0
1.0738859176635742
-1.2074971199035645
2.0382652282714844
8.0
1.0
1.0704225301742554
-0.7874088287353516
3.9517734050750732
12.0
1.0
1.0780085325241089
-0.44847095012664795
-2.32969069480896
4.0
1.0
1.1524981260299683
-0.29123204946517944
-0.6042495965957642
3.0
1.0
1.1545672416687012
-0.29553350806236267
-0.23765622079372406
3.0
1.0
1.0699591636657715
0.002237231470644474
1.4117283821105957
5.0
1.0
1.3707518577575684
0.19813568890094757
1.1395039558410645
2.0
2.0
1.3514918088912964
0.2570312023162842
3.0961062908172607
7.0
2.0
1.4384326934814453
0.6879931688308716
-4.099240303039551
5.0
2.0
1.3774147033691406
0.809190034866333
-3.68666410446167
4.0
2.0
1.4360506534576416
0.6918949484825134
2.4251105785369873
5.0
2.0
1.358160138130188
1.177229404449463
-2.6002793312072754
2.0
2.0
1.438045859336853
1.0027827024459839
-0.28070399165153503
4.0
2.0
1.342341423034668
1.2351235151290894
-0.043859999626874924
4.0
2.0
1.3789478540420532
1.1195427179336548
0.6592857241630554
5.0
2.0
1.4472802877426147
1.930548071861267
-3.2091212272644043
3.0
2.0
1.3859460353851318
2.6736552715301514
3.7919280529022217
8.0
2.0
1.3360217809677124
-3.133030414581299
-2.401815891265869
2.0
2.0
1.4127293825149536
2.9320931434631348
-1.9831966161727905
2.0
2.0
1.3663890361785889
-2.9314329624176025
-3.7042078971862793
2.0
2.0
1.336915135383606
-2.823516368865967
-0.8549013137817383
2.0
2.0
1.3426085710525513
-2.5359385013580322
-3.639392614364624
4.0
2.0
1.3708693981170654
-2.3154537677764893
-1.0615307092666626
4.0
2.0
1.36744225025177
-2.306074857711792
-0.8151024580001831
3.0
2.0
1.394484043121338
-2.371905565261841
-0.6170826554298401
4.0
2.0
1.3507260084152222
-2.2535159587860107
4.000214099884033
10.0
2.0
1.43219792842865
-2.129122257232666
2.6969337463378906
6.0
2.0
1.4014365673065186
-1.7581435441970825
-1.8150666952133179
4.0
2.0
1.3361057043075562
-1.2485175132751465
-3.9379656314849854
3.0
2.0
1.386436939239502
-1.411545991897583
-1.3063344955444336
3.0
2.0
1.4423561096191406
-1.203284740447998
-3.235112190246582
3.0
2.0
1.4378702640533447
-1.1960455179214478
-1.8852427005767822
2.0
2.0
1.443389654159546
-1.2049294710159302
3.3008480072021484
9.0
2.0
1.381866693496704
-0.45834463834762573
-2.530590772628784
6.0
2.0
1.3371102809906006
-0.31123676896095276
-0.4561440050601959
4.0
2.0
1.3343806266784668
-0.29662150144577026
-0.021442672237753868
4.0
2.0
1.3355860710144043
0.01088706124573946
2.1674087047576904
6.0
2.0
2.4092965126037598
1.1569517850875854
-3.5
1.0
3.0
2.396731376647949
-3.1014437675476074
-2.9666666984558105
2.0
3.0
2.4165778160095215
-1.4364427328109741
-0.8333333134651184
1.0
3.0
2.4130728244781494
-1.1703394651412964
-1.899999976158142
2.0
3.0
2.3960280418395996
-0.4915820062160492
-2.9666666984558105
1.0
3.0
2.394817352294922
1.0433976650238037
-7.366666793823242
1.0
3.0
2.3997914791107178
-2.553485155105591
-5.366666793823242
1.0
3.0
2.3956127166748047
1.0732481479644775
0.30000001192092896
2.0
3.0
2.400132179260254
1.113868236541748
2.433333396911621
1.0
3.0
2.396244764328003
0.034727972000837326
5.366666793823242
2.0
3.0
2.39513897895813
2.6348204612731934
7.366666793823242
1.0
3.0
2.396679639816284
-2.1340019702911377
5.366666793823242
1.0
3.0
2.584516763687134
2.960359573364258
-2.433333396911621
2.0
4.0
2.591111421585083
-2.772218942642212
-0.30000001192092896
2.0
4.0
2.576409101486206
-2.3415613174438477
-0.8333333134651184
1.0
4.0
2.5781280994415283
-2.395535469055176
-0.30000001192092896
2.0
4.0
2.5764284133911133
-1.817457914352417
-1.899999976158142
2.0
4.0
2.590015411376953
0.6818159818649292
-6.0333333015441895
2.0
4.0
2.5783920288085938
0.8272581696510315
-5.366666793823242
1.0
4.0
2.5861592292785645
1.920677900314331
-4.699999809265137
1.0
4.0
2.579092025756836
-2.927696704864502
-5.366666793823242
1.0
4.0
2.5773534774780273
-1.2782241106033325
-6.0333333015441895
1.0
4.0
2.592104196548462
-1.1979321241378784
-4.699999809265137
1.0
4.0
2.5765583515167236
0.24363462626934052
3.5
2.0
4.0
2.5786149501800537
1.2651220560073853
1.3666666746139526
1.0
4.0
2.5776944160461426
-2.3910000324249268
0.30000001192092896
1.0
4.0
2.595588445663452
-0.3843129873275757
0.30000001192092896
2.0
4.0
2.5786149501800537
-0.3056742250919342
1.3666666746139526
1.0
4.0
2.577434778213501
0.2935805022716522
7.366666793823242
1.0
4.0
2.582282543182373
0.7163733839988708
5.366666793823242
1.0
4.0
2.5928328037261963
-1.195440649986267
7.366666793823242
2.0
4.0
3.227830171585083
1.1398268938064575
-4.0333333015441895
1.0
5.0
3.232419729232788
-3.075990915298462
-3.5
1.0
5.0
3.2254879474639893
-2.352567195892334
-0.30000001192092896
1.0
5.0
3.2268245220184326
-1.149086356163025
-1.899999976158142
2.0
5.0
3.22995924949646
0.838147759437561
-6.699999809265137
1.0
5.0
3.2292368412017822
1.9151679277420044
-5.366666793823242
2.0
5.0
3.225865125656128
-1.1938146352767944
-5.366666793823242
1.0
5.0
3.2314345836639404
1.1173127889633179
1.3666666746139526
1.0
5.0
3.2337565422058105
1.1064783334732056
3.5
2.0
5.0
3.2254669666290283
-2.748490571975708
0.30000001192092896
1.0
5.0
3.238121509552002
-2.4446325302124023
0.30000001192092896
2.0
5.0
3.2285776138305664
-2.4000978469848633
0.8333333134651184
1.0
5.0
3.2257349491119385
-0.40559571981430054
0.8333333134651184
2.0
5.0
3.236457586288452
-0.31026262044906616
2.433333396911621
1.0
5.0
3.2311999797821045
0.05957968533039093
7.366666793823242
2.0
5.0
3.2309701442718506
0.7270234227180481
7.366666793823242
1.0
5.0
3.4217910766601562
2.9821035861968994
-2.433333396911621
1.0
6.0
3.432514190673828
-1.8543645143508911
-1.899999976158142
2.0
6.0
3.432401180267334
-1.4612882137298584
-0.8333333134651184
1.0
6.0
3.426269292831421
-0.5260229706764221
-4.0333333015441895
2.0
6.0
3.4329710006713867
0.6777762770652771
-7.366666793823242
2.0
6.0
3.4202141761779785
-2.9243364334106445
-6.699999809265137
1.0
6.0
3.4201607704162598
-2.572690725326538
-6.699999809265137
1.0
6.0
3.430243968963623
-1.295156478881836
-7.366666793823242
1.0
6.0
3.431298017501831
1.2913798093795776
2.433333396911621
1.0
6.0
3.4343883991241455
-2.459291934967041
0.30000001192092896
2.0
6.0
3.431406259536743
0.2797940969467163
5.366666793823242
2.0
6.0
3.432065010070801
0.11064020544290543
6.0333333015441895
4.0
6.0
