190
0.8200064301490784
0.4730764627456665
-3.0705559253692627
4.0
0.0
0.8669829368591309
0.7075806260108948
0.3948618173599243
8.0
0.0
0.8192338347434998
2.6215827465057373
-0.8951063752174377
4.0
0.0
0.8200602531433105
2.6578636169433594
-0.8208854794502258
5.0
0.0
0.8192095756530762
2.6177549362182617
-0.8149400353431702
4.0
0.0
0.8816279768943787
-1.4318429231643677
-3.397069215774536
4.0
0.0
0.8299577236175537
-1.214463472366333
-2.9199700355529785
2.0
0.0
0.8366709351539612
-1.2579914331436157
-0.5842689275741577
6.0
0.0
0.8260499835014343
-0.13496342301368713
-2.340249538421631
3.0
0.0
1.1634764671325684
0.47199171781539917
-3.05934739112854
2.0
1.0
1.0822607278823853
0.7065547108650208
1.2623815536499023
7.0
1.0
1.0842186212539673
2.6604104042053223
-0.0889035314321518
7.0
1.0
1.1350600719451904
-1.4304271936416626
-3.482840061187744
2.0
1.0
1.0755761861801147
-1.2189221382141113
-2.8670132160186768
3.0
1.0
1.0823873281478882
-1.2575805187225342
0.15448465943336487
6.0
1.0
1.0947974920272827
-0.13344593346118927
-2.092846632003784
4.0
1.0
1.387424111366272
0.4711502492427826
-3.052037239074707
2.0
2.0
1.3549978733062744
0.5591700673103333
3.2516350746154785
7.0
2.0
1.428465723991394
0.7046564221382141
2.64762020111084
7.0
2.0
1.4282243251800537
0.7050713896751404
2.68410062789917
5.0
2.0
1.390862226486206
2.662543535232544
0.7611244916915894
7.0
2.0
1.3944368362426758
-1.4293262958526611
-3.570841073989868
3.0
2.0
1.337637186050415
-1.2563652992248535
0.9250773191452026
8.0
2.0
1.4567612409591675
-1.2254743576049805
-2.785465955734253
1.0
2.0
1.3766679763793945
-0.1314125955104828
-1.8326107263565063
4.0
2.0
2.413393497467041
-0.12421108782291412
-0.8333333134651184
2.0
3.0
2.398613452911377
0.4672029912471771
-2.9666666984558105
2.0
3.0
2.397915840148926
2.6689767837524414
3.5
2.0
3.0
2.5925393104553223
-1.421556830406189
-4.0333333015441895
2.0
4.0
2.581756114959717
-1.2429862022399902
-2.433333396911621
1.0
4.0
2.586045026779175
0.697816789150238
7.366666793823242
2.0
4.0
2.5806195735931396
-1.2500234842300415
4.699999809265137
1.0
4.0
3.2335715293884277
0.4635159373283386
-2.9666666984558105
2.0
5.0
3.2345173358917236
-1.2529231309890747
-2.433333396911621
2.0
5.0
3.2344205379486084
2.674468517303467
6.0333333015441895
1.0
5.0
3.2330288887023926
-1.2465075254440308
6.699999809265137
2.0
5.0
3.422189950942993
-1.414344072341919
-4.0333333015441895
1.0
6.0
3.430243968963623
-0.11705929040908813
0.30000001192092896
1.0
6.0
