225
0.9116985201835632
0.06317776441574097
0.369106262922287
5.0
0.0
0.8898588418960571
0.11634113639593124
3.4053540229797363
9.0
0.0
0.8219978213310242
2.5293490886688232
2.4797892570495605
8.0
0.0
0.9097151756286621
2.6856555938720703
-1.6836491823196411
3.0
0.0
0.8720504641532898
-2.973994255065918
-1.2769320011138916
4.0
0.0
0.8385257720947266
-2.3155815601348877
-2.9343950748443604
5.0
0.0
0.8208246827125549
-1.6398582458496094
-0.678486704826355
4.0
0.0
0.8593594431877136
-1.8837858438491821
0.040253736078739166
5.0
0.0
0.819206953048706
-1.5820820331573486
0.2819710671901703
5.0
0.0
0.8204600214958191
-1.5213264226913452
2.7196760177612305
4.0
0.0
0.8204352855682373
-1.5218716859817505
2.7245492935180664
4.0
0.0
0.9128670692443848
-1.5102323293685913
2.8876287937164307
11.0
0.0
1.1704826354980469
0.0659128874540329
0.7060697674751282
5.0
1.0
1.079180121421814
2.686424970626831
-1.8451188802719116
3.0
1.0
1.1244450807571411
2.5230586528778076
3.696681499481201
9.0
1.0
1.1250067949295044
-2.9761946201324463
-1.4104613065719604
4.0
1.0
1.1900115013122559
-2.324903726577759
-3.825275421142578
7.0
1.0
1.0806549787521362
-1.6413084268569946
-0.631702721118927
4.0
1.0
1.1715646982192993
-1.8995999097824097
0.35380396246910095
4.0
1.0
1.0710409879684448
-1.578215479850769
0.6209813356399536
2.0
1.0
1.1634563207626343
-1.4914644956588745
3.9111080169677734
9.0
1.0
1.4332302808761597
0.06826025992631912
1.0480477809906006
3.0
2.0
1.3803857564926147
2.6868209838867188
-2.1313459873199463
4.0
2.0
1.3848369121551514
-2.9786384105682373
-1.5478456020355225
3.0
2.0
1.3764201402664185
-2.329901933670044
-4.295830726623535
8.0
2.0
1.3431094884872437
-1.9097561836242676
0.5205906629562378
4.0
2.0
1.3559610843658447
-1.6431242227554321
-0.5829693675041199
4.0
2.0
1.338331699371338
-1.57394540309906
0.9824202060699463
3.0
2.0
1.3730792999267578
-0.12219507992267609
3.1688997745513916
5.0
2.0
1.3749037981033325
-0.1269247978925705
3.17387056350708
6.0
2.0
2.401033401489258
2.6900668144226074
-2.9666666984558105
1.0
3.0
2.403262138366699
-1.654739260673523
-0.30000001192092896
1.0
3.0
2.4020044803619385
0.07747115939855576
2.433333396911621
1.0
3.0
2.41166353225708
-1.9760679006576538
1.3666666746139526
1.0
3.0
2.394970655441284
-1.558854341506958
2.433333396911621
2.0
3.0
2.408043146133423
-0.1049247607588768
6.0333333015441895
2.0
3.0
2.5912513732910156
-2.9878664016723633
-2.433333396911621
1.0
4.0
2.5762646198272705
-2.3662867546081543
-7.366666793823242
2.0
4.0
2.588575839996338
-0.16371189057826996
6.699999809265137
1.0
4.0
3.230380058288574
2.693732738494873
-4.0333333015441895
1.0
5.0
3.239295721054077
-1.6632319688796997
-0.30000001192092896
2.0
5.0
3.237330436706543
0.08563807606697083
3.5
1.0
5.0
3.232334613800049
-2.028695821762085
2.433333396911621
2.0
5.0
3.2263784408569336
-1.5470212697982788
3.5
1.0
5.0
3.4235763549804688
-2.994246482849121
-2.433333396911621
1.0
6.0
