365
0.8195222020149231
0.5457744002342224
4.241736888885498
1.0
0.0
0.823485255241394
0.9390332698822021
-2.03631591796875
16.0
0.0
0.8748704791069031
1.7296671867370605
-2.0466196537017822
14.0
0.0
0.8208873271942139
2.024134874343872
0.31618186831474304
10.0
0.0
0.8556455373764038
1.7954095602035522
2.1953954696655273
7.0
0.0
0.8244636058807373
2.498838186264038
1.9388493299484253
6.0
0.0
0.8545992970466614
2.3230953216552734
2.3818352222442627
6.0
0.0
0.8362603783607483
2.4095778465270996
2.5406296253204346
5.0
0.0
0.8551371693611145
2.8445847034454346
2.805154323577881
5.0
0.0
0.8193917870521545
-2.1223223209381104
-0.8958816528320312
11.0
0.0
0.9097801446914673
-2.5504798889160156
3.5482614040374756
4.0
0.0
0.8803095817565918
-0.9044612050056458
-0.18275000154972076
10.0
0.0
0.8253943920135498
-0.6522823572158813
4.102359294891357
2.0
0.0
0.8269611597061157
-0.1432012915611267
1.866236686706543
3.0
0.0
0.87771075963974
-0.3732626140117645
3.133909225463867
4.0
0.0
0.8192219734191895
0.001948454650118947
3.2323505878448486
4.0
0.0
1.1838167905807495
0.04188354313373566
2.7849786281585693
4.0
1.0
1.1454256772994995
0.11664288491010666
2.8179547786712646
3.0
1.0
1.1310747861862183
0.5427279472351074
4.268052577972412
1.0
1.0
1.122750163078308
0.9567351341247559
-4.3192667961120605
11.0
1.0
1.1264622211456299
1.7324305772781372
-3.844559907913208
16.0
1.0
1.099445104598999
1.8130091428756714
1.6410887241363525
8.0
1.0
1.175732970237732
2.0197343826293945
-1.343480110168457
9.0
1.0
1.0741097927093506
2.325223207473755
1.922572374343872
5.0
1.0
1.1333391666412354
2.50069522857666
1.1139538288116455
7.0
1.0
1.1783589124679565
2.407701015472412
1.8723630905151367
7.0
1.0
1.1570664644241333
2.8409416675567627
2.3218932151794434
4.0
1.0
1.1117277145385742
-2.546494722366333
3.4097399711608887
2.0
1.0
1.10129714012146
-2.1204278469085693
-2.6475064754486084
11.0
1.0
1.0911529064178467
-0.9044696092605591
-1.2218633890151978
10.0
1.0
1.0680574178695679
-0.37064889073371887
2.9069745540618896
3.0
1.0
1.1396291255950928
-0.655722439289093
4.078967094421387
2.0
1.0
1.0958651304244995
-0.13747835159301758
1.1211941242218018
7.0
1.0
1.0698353052139282
0.0034039586316794157
2.944823980331421
2.0
1.0
1.3608815670013428
0.540467381477356
4.28787088394165
3.0
2.0
1.3495962619781494
1.8346507549285889
1.0868719816207886
8.0
2.0
1.398607611656189
2.017598867416382
-2.385037899017334
7.0
2.0
1.3398386240005493
2.5029642581939697
0.5629886984825134
6.0
2.0
1.4005513191223145
2.3277385234832764
1.2394073009490967
6.0
2.0
1.3353606462478638
2.839538812637329
2.0364785194396973
3.0
2.0
1.3439316749572754
-2.5415220260620117
3.2503819465637207
4.0
2.0
1.452907919883728
-0.9055284261703491
-3.0047659873962402
9.0
2.0
1.3442091941833496
-0.6577146649360657
4.063859939575195
4.0
2.0
1.3501613140106201
-0.3665238916873932
2.5707144737243652
3.0
2.0
1.376941204071045
-0.1321004033088684
0.34279027581214905
5.0
2.0
1.3367427587509155
0.004801375325769186
2.6379663944244385
3.0
2.0
2.410163402557373
-0.11297108978033066
-2.433333396911621
1.0
3.0
2.4077723026275635
2.5141429901123047
-2.433333396911621
2.0
3.0
2.403928756713867
2.007218837738037
-7.366666793823242
1.0
3.0
2.3948793411254883
0.008142462000250816
1.3666666746139526
1.0
3.0
2.401705741882324
1.6466485261917114
0.8333333134651184
2.0
3.0
2.4059536457061768
-2.521667003631592
2.433333396911621
2.0
3.0
2.5949580669403076
1.953120470046997
-1.3666666746139526
2.0
4.0
2.576535224914551
2.338534116744995
-1.3666666746139526
1.0
4.0
2.5787301063537598
2.401076555252075
-0.8333333134651184
1.0
4.0
2.5843088626861572
1.9121593236923218
0.8333333134651184
2.0
4.0
2.579610824584961
2.8278629779815674
0.30000001192092896
1.0
4.0
2.594184398651123
-0.6673608422279358
4.0333333015441895
1.0
4.0
2.5861592292785645
-0.34988152980804443
0.8333333134651184
1.0
4.0
2.577434778213501
-1.8643767833709717
6.699999809265137
1.0
4.0
3.2263784408569336
1.5945713520050049
-0.30000001192092896
1.0
5.0
3.2274036407470703
1.998143196105957
-2.433333396911621
2.0
5.0
3.225687026977539
2.3445067405700684
-2.433333396911621
1.0
5.0
3.2285776138305664
2.4000978469848633
-1.899999976158142
3.0
5.0
3.2342281341552734
2.822516918182373
-0.8333333134651184
1.0
5.0
3.240396499633789
-0.09603085368871689
-4.699999809265137
1.0
5.0
3.2256577014923096
0.010881716385483742
0.30000001192092896
1.0
5.0
3.229823350906372
-0.34075337648391724
0.30000001192092896
1.0
5.0
3.229557514190674
-2.4065322875976562
6.0333333015441895
1.0
5.0
3.2384684085845947
-1.8738577365875244
7.366666793823242
1.0
5.0
3.423901081085205
-2.5016443729400635
1.899999976158142
2.0
6.0
3.4317333698272705
-0.6736257076263428
4.0333333015441895
1.0
6.0
3.4275529384613037
0.5203450322151184
4.699999809265137
1.0
6.0
