395
0.8518442511558533
0.7633900046348572
1.8823186159133911
4.0
0.0
0.8284550309181213
1.415095329284668
0.8665973544120789
6.0
0.0
0.8210060000419617
1.6311630010604858
2.5286412239074707
2.0
0.0
0.8926231861114502
1.1563000679016113
2.560805320739746
4.0
0.0
0.8206936120986938
1.6251715421676636
3.572140693664551
2.0
0.0
0.8336935639381409
1.9015787839889526
-2.3609611988067627
12.0
0.0
0.8309875726699829
1.9196792840957642
3.831402063369751
2.0
0.0
0.8537113070487976
1.8030176162719727
4.185693264007568
2.0
0.0
0.8948321342468262
2.7214295864105225
4.284946918487549
3.0
0.0
0.8195857405662537
-2.069596767425537
1.9015196561813354
5.0
0.0
0.8317254781723022
-2.2742438316345215
3.0811147689819336
3.0
0.0
0.839116632938385
-2.3187806606292725
3.3832614421844482
3.0
0.0
0.821088433265686
-1.6447590589523315
3.823117256164551
2.0
0.0
0.8203722834587097
-1.106812596321106
0.46848976612091064
6.0
0.0
0.8385385274887085
-0.7448548674583435
3.945113182067871
3.0
0.0
1.0733095407485962
1.1528356075286865
2.3998665809631348
4.0
1.0
1.1002156734466553
1.417606234550476
0.04657513648271561
7.0
1.0
1.0806490182876587
1.8930147886276245
-4.054450511932373
13.0
1.0
1.1769182682037354
1.6248904466629028
2.1690330505371094
3.0
1.0
1.181152582168579
1.6173418760299683
3.6673331260681152
3.0
1.0
1.0765291452407837
1.9166287183761597
3.972078800201416
3.0
1.0
1.1037567853927612
1.798269271850586
4.429847240447998
4.0
1.0
1.0745412111282349
2.714946985244751
4.474194526672363
2.0
1.0
1.0900075435638428
-2.0778346061706543
1.4195257425308228
5.0
1.0
1.1597143411636353
-2.2694783210754395
2.972601890563965
1.0
1.0
1.1841434240341187
-2.314877986907959
3.3949575424194336
3.0
1.0
1.0806549787521362
-1.6413084268569946
3.9698047637939453
2.0
1.0
1.0726420879364014
-1.1983872652053833
-1.6391392946243286
10.0
1.0
1.1750000715255737
-1.1205252408981323
-0.7789991497993469
8.0
1.0
1.1838819980621338
-0.7436280846595764
4.1874799728393555
3.0
1.0
1.3950520753860474
0.76846843957901
0.9460326433181763
6.0
2.0
1.3681256771087646
1.147776484489441
2.136869192123413
3.0
2.0
1.384672999382019
1.4199739694595337
-0.8104147911071777
7.0
2.0
1.4443871974945068
1.620924711227417
1.8987255096435547
3.0
2.0
1.449836015701294
1.6124347448349
3.738158941268921
3.0
2.0
1.3324673175811768
1.9138261079788208
4.118441104888916
4.0
2.0
1.3544365167617798
-2.266387462615967
2.9085988998413086
3.0
2.0
1.3698170185089111
-2.3126134872436523
3.4004807472229004
1.0
2.0
1.4086830615997314
-2.086712598800659
0.8461293578147888
4.0
2.0
1.3543083667755127
-1.6376380920410156
4.1252641677856445
2.0
2.0
1.4410498142242432
-1.2011938095092773
-3.3519909381866455
12.0
2.0
1.400772213935852
-1.1284664869308472
-1.5704253911972046
8.0
2.0
1.3702054023742676
-0.7428696155548096
4.318085670471191
3.0
2.0
2.3952829837799072
-2.1144776344299316
-0.8333333134651184
1.0
3.0
2.4125967025756836
-1.168735146522522
-5.366666793823242
1.0
3.0
2.403262138366699
1.1311404705047607
1.3666666746139526
1.0
3.0
2.396479368209839
1.6082350015640259
0.8333333134651184
1.0
3.0
2.395514488220215
1.595219373703003
4.0333333015441895
1.0
3.0
2.394869089126587
0.5159991383552551
7.366666793823242
2.0
3.0
2.397915840148926
2.6689767837524414
6.0333333015441895
2.0
3.0
2.395336627960205
-3.12042498588562
4.699999809265137
3.0
3.0
2.4055817127227783
-3.046879291534424
4.699999809265137
3.0
3.0
2.3982558250427246
-1.6244860887527466
4.699999809265137
1.0
3.0
2.5761730670928955
0.779847264289856
-0.8333333134651184
1.0
4.0
2.595588445663452
1.4315105676651
-4.699999809265137
2.0
4.0
2.590421438217163
-2.251114845275879
2.433333396911621
1.0
4.0
2.580171585083008
-2.300238847732544
3.5
1.0
4.0
2.5819289684295654
1.8996113538742065
4.699999809265137
1.0
4.0
2.5810909271240234
1.770605444908142
6.0333333015441895
1.0
4.0
2.5806965827941895
2.820316791534424
4.699999809265137
2.0
4.0
2.5800275802612305
2.824843645095825
4.699999809265137
1.0
4.0
2.576448440551758
2.8641510009765625
4.699999809265137
1.0
4.0
2.5761451721191406
2.876765489578247
4.699999809265137
2.0
4.0
2.5847272872924805
2.961362361907959
5.366666793823242
6.0
4.0
2.578848123550415
-0.739508867263794
5.366666793823242
1.0
4.0
3.2254796028137207
0.7882194519042969
-2.433333396911621
1.0
5.0
3.2312777042388916
1.1181159019470215
0.30000001192092896
1.0
5.0
3.2267136573791504
1.5985990762710571
0.30000001192092896
1.0
5.0
3.225630283355713
1.5808720588684082
4.0333333015441895
1.0
5.0
3.2316737174987793
-2.2942054271698
3.5
2.0
5.0
3.2337565422058105
1.8918765783309937
5.366666793823242
2.0
5.0
3.2311227321624756
2.8080716133117676
4.699999809265137
1.0
5.0
3.2288100719451904
-1.6163086891174316
5.366666793823242
1.0
5.0
3.2291743755340576
-0.7374728322029114
5.366666793823242
1.0
5.0
3.41996693611145
-2.1427385807037354
-2.9666666984558105
1.0
6.0
3.4272873401641846
1.4420151710510254
-6.699999809265137
2.0
6.0
3.4310832023620605
-2.242156744003296
2.433333396911621
1.0
6.0
3.419769287109375
1.753840446472168
6.699999809265137
1.0
6.0
3.4298360347747803
2.6303229331970215
6.699999809265137
1.0
6.0
