230
0.9036993384361267
0.0816497728228569
-1.4691038131713867
3.0
0.0
0.8450889587402344
0.792962908744812
-3.0720179080963135
6.0
0.0
0.8205873966217041
2.1465904712677
-2.909735918045044
4.0
0.0
0.8437487483024597
2.3701071739196777
-1.2751450538635254
3.0
0.0
0.8259543776512146
2.483927011489868
0.5469066500663757
8.0
0.0
0.8193384408950806
2.6306045055389404
0.8324840068817139
8.0
0.0
0.8192024230957031
2.6079111099243164
0.8461293578147888
4.0
0.0
0.8303934335708618
-1.7412573099136353
-0.23002132773399353
8.0
0.0
0.8192059397697449
-1.5718555450439453
-0.09405533224344254
4.0
0.0
0.830837607383728
-0.6972514390945435
-0.3333359956741333
4.0
0.0
0.8301745057106018
-0.16886386275291443
-2.5456979274749756
1.0
0.0
1.1641398668289185
0.07800139486789703
-1.3560423851013184
3.0
1.0
1.0692933797836304
0.7940834760665894
-3.392033576965332
3.0
1.0
1.1238540410995483
2.131911277770996
-3.3025267124176025
4.0
1.0
1.068703293800354
2.3710014820098877
-1.117898941040039
3.0
1.0
1.1355489492416382
2.4954006671905518
1.4541124105453491
7.0
1.0
1.1058262586593628
-1.7427829504013062
0.3116008937358856
5.0
1.0
1.0700573921203613
-1.5694756507873535
0.4468846321105957
6.0
1.0
1.1617367267608643
-0.7026943564414978
0.27274417877197266
3.0
1.0
1.102992296218872
-0.16267947852611542
-2.769871473312378
2.0
1.0
1.4294095039367676
0.07472079992294312
-1.2408692836761475
4.0
2.0
1.3829072713851929
0.7958114743232727
-3.839686632156372
2.0
2.0
1.357937216758728
2.1204142570495605
-3.608398199081421
5.0
2.0
1.3804497718811035
2.3725061416625977
-0.8997359871864319
4.0
2.0
1.3397202491760254
2.503514528274536
2.0496363639831543
6.0
2.0
1.3950520753860474
-1.7448056936264038
0.8797553181648254
6.0
2.0
1.3369929790496826
-1.5672770738601685
1.0238111019134521
5.0
2.0
1.3577553033828735
-0.7064406275749207
0.6312153339385986
6.0
2.0
1.387424111366272
-0.15716829895973206
-3.0033040046691895
2.0
2.0
2.4169275760650635
-0.13541963696479797
-4.0333333015441895
1.0
3.0
2.399625301361084
0.06342741847038269
-0.8333333134651184
1.0
3.0
2.396244764328003
2.0596671104431152
-4.699999809265137
2.0
3.0
2.394901990890503
-1.561568260192871
3.5
1.0
3.0
2.4016077518463135
2.5426814556121826
5.366666793823242
1.0
3.0
2.576711893081665
2.3773858547210693
-0.30000001192092896
2.0
4.0
2.576582431793213
0.8040673732757568
-5.366666793823242
1.0
4.0
2.5838003158569336
-1.755539894104004
2.9666666984558105
1.0
4.0
2.580467700958252
-0.7274304628372192
2.9666666984558105
1.0
4.0
3.230097532272339
0.05355339124798775
-0.30000001192092896
1.0
5.0
3.2264413833618164
0.8099787831306458
-6.699999809265137
1.0
5.0
3.228989839553833
2.010214328765869
-6.0333333015441895
2.0
5.0
3.2263784408569336
2.379969596862793
0.30000001192092896
1.0
5.0
3.2289295196533203
-0.7390814423561096
4.0333333015441895
1.0
5.0
3.22578763961792
-1.5566908121109009
5.366666793823242
1.0
5.0
3.43076491355896
-0.11517062038183212
-4.699999809265137
2.0
6.0
3.4194867610931396
-1.7637243270874023
4.699999809265137
1.0
6.0
