225
0.8813121914863586
0.13985508680343628
-3.684581756591797
11.0
0.0
0.8347371816635132
0.8478770852088928
0.5123060345649719
4.0
0.0
0.8193081617355347
1.057712435722351
1.083135724067688
3.0
0.0
0.8546248078346252
1.2757971286773682
4.329261779785156
5.0
0.0
0.8735966086387634
1.7335772514343262
-2.0562965869903564
10.0
0.0
0.8294133543968201
1.9312165975570679
2.8319251537323
3.0
0.0
0.835301399230957
2.415252208709717
2.785465955734253
5.0
0.0
0.8363686203956604
2.932547092437744
1.5767606496810913
5.0
0.0
0.8705247044563293
-0.8747647404670715
3.9444632530212402
6.0
0.0
0.9006341695785522
-0.9581827521324158
4.11356782913208
8.0
0.0
0.877095639705658
-0.37143516540527344
-3.7423012256622314
12.0
0.0
0.8760594129562378
-0.36833059787750244
1.5936548709869385
3.0
0.0
0.8844712376594543
-0.39264652132987976
3.198237419128418
2.0
0.0
1.176511287689209
0.8402271866798401
-0.0889870747923851
5.0
1.0
1.09061598777771
1.061230182647705
0.789111316204071
4.0
1.0
1.1241412162780762
1.738457202911377
-3.139270067214966
10.0
1.0
1.0763617753982544
1.91767156124115
3.085468292236328
5.0
1.0
1.1768547296524048
2.4104034900665283
3.1114919185638428
4.0
1.0
1.116747260093689
2.936692714691162
1.4387266635894775
2.0
1.0
1.1046477556228638
-2.917053699493408
1.3666013479232788
4.0
1.0
1.0838525295257568
-0.8721185922622681
4.426143646240234
5.0
1.0
1.0698940753936768
-0.3898507356643677
3.4527878761291504
3.0
1.0
1.367688536643982
0.8348312377929688
-0.4254419803619385
4.0
2.0
1.40386962890625
1.0643699169158936
0.4494837522506714
3.0
2.0
1.3807178735733032
1.743537425994873
-4.249799728393555
11.0
2.0
1.334243893623352
1.9032700061798096
3.3533718585968018
3.0
2.0
1.366951823234558
2.4076879024505615
3.292292594909668
2.0
2.0
1.4083752632141113
2.9404330253601074
1.2954506874084473
4.0
2.0
1.3612329959869385
-2.916350841522217
1.2231628894805908
3.0
2.0
1.351952314376831
-0.3729090690612793
1.380246639251709
4.0
2.0
1.3557645082473755
-0.3858424425125122
3.845534563064575
4.0
2.0
2.3955793380737305
1.072705626487732
-0.8333333134651184
1.0
3.0
2.576535224914551
0.8030584454536438
-2.433333396911621
1.0
4.0
2.5834052562713623
2.9548423290252686
0.8333333134651184
1.0
4.0
2.577434778213501
-2.911574363708496
0.30000001192092896
1.0
4.0
2.595588445663452
-0.3843129873275757
0.8333333134651184
2.0
4.0
2.576207160949707
1.8401650190353394
4.699999809265137
1.0
4.0
2.577880620956421
2.3930160999298096
4.699999809265137
1.0
4.0
2.5912513732910156
-0.3698725998401642
5.366666793823242
1.0
4.0
3.2254691123962402
0.7866072654724121
-3.5
1.0
5.0
3.2411537170410156
1.0796709060668945
-1.3666666746139526
1.0
5.0
3.225473165512085
-0.3906838595867157
0.30000001192092896
1.0
5.0
3.4203267097473145
2.967669725418091
0.30000001192092896
1.0
6.0
3.4218392372131348
-2.908003091812134
0.30000001192092896
2.0
6.0
3.420931577682495
1.7964110374450684
5.366666793823242
1.0
6.0
