150
0.8400984406471252
0.2940070629119873
-2.944986343383789
3.0
0.0
0.8277561068534851
0.897205114364624
-2.632768154144287
3.0
0.0
0.8729757070541382
0.6883046627044678
-2.3111720085144043
4.0
0.0
0.8351267576217651
2.416304349899292
-3.7012839317321777
2.0
0.0
0.819928765296936
3.0932538509368896
-0.3460066616535187
8.0
0.0
0.820854663848877
-1.513261318206787
-2.149669647216797
5.0
0.0
1.0868264436721802
0.29213014245033264
-2.825427293777466
2.0
1.0
1.0854382514953613
0.6911636590957642
-2.0579211711883545
3.0
1.0
1.1452054977416992
0.9025258421897888
-2.356818914413452
3.0
1.0
1.169702172279358
2.4235706329345703
-3.8426105976104736
4.0
1.0
1.0774753093719482
3.0889689922332764
0.5894671082496643
6.0
1.0
1.186928629875183
-1.5342762470245361
-1.6077550649642944
5.0
1.0
1.3427237272262573
0.29100173711776733
-2.701157331466675
2.0
2.0
1.3460774421691895
0.9055484533309937
-2.1815414428710938
2.0
2.0
1.4343823194503784
0.6946569681167603
-1.6410887241363525
3.0
2.0
1.3602181673049927
2.427450656890869
-3.923020601272583
2.0
2.0
1.3514230251312256
3.0847079753875732
1.58614182472229
8.0
2.0
1.3324851989746094
-1.542037010192871
-1.3930797576904297
3.0
2.0
2.414372205734253
0.9197806715965271
-1.3666666746139526
2.0
3.0
2.3960280418395996
-1.6028131246566772
0.30000001192092896
1.0
3.0
2.401127338409424
3.068979501724243
5.366666793823242
2.0
3.0
2.576857805252075
0.28551265597343445
-1.899999976158142
1.0
4.0
2.5843088626861572
0.7058345675468445
-0.30000001192092896
2.0
4.0
2.586975574493408
2.4477806091308594
-4.699999809265137
2.0
4.0
3.242060661315918
2.457414150238037
-4.699999809265137
2.0
5.0
3.2340378761291504
0.7125764489173889
0.30000001192092896
1.0
5.0
3.2372195720672607
-1.6560343503952026
1.3666666746139526
2.0
5.0
3.4319541454315186
0.28168147802352905
-1.899999976158142
1.0
6.0
3.4235763549804688
0.9327442049980164
-0.30000001192092896
1.0
6.0
3.4340274333953857
2.4604227542877197
-4.699999809265137
1.0
6.0
