845
0.8812735676765442
0.13996553421020508
-3.682974100112915
7.0
0.0
0.8383159041404724
0.30356085300445557
-2.5276668071746826
4.0
0.0
0.8206331729888916
0.45835065841674805
-0.13791532814502716
3.0
0.0
0.8793833255767822
0.6690216064453125
-2.4698801040649414
3.0
0.0
0.8210060000419617
1.1075642108917236
-2.173743963241577
2.0
0.0
0.8280150294303894
0.8950632810592651
0.1803133338689804
6.0
0.0
0.911737859249115
1.110287070274353
-2.2239394187927246
2.0
0.0
0.8206400275230408
1.6240817308425903
-1.6849486827850342
2.0
0.0
0.8669253587722778
1.231371283531189
0.6367848515510559
7.0
0.0
0.8362912535667419
1.362200379371643
0.8010858297348022
7.0
0.0
0.8675344586372375
1.7529484033584595
3.1007707118988037
12.0
0.0
0.8421161770820618
2.378096103668213
-2.9012563228607178
5.0
0.0
0.8202236294746399
2.6620101928710938
-2.492460012435913
2.0
0.0
0.8195189833641052
2.5838558673858643
-2.226863384246826
2.0
0.0
0.8196167349815369
2.643994092941284
-1.3349246978759766
2.0
0.0
0.8609438538551331
2.2992501258850098
-0.013937735930085182
5.0
0.0
0.8800801634788513
2.7613933086395264
-4.207233428955078
5.0
0.0
0.8435702323913574
2.8945653438568115
-4.022923946380615
4.0
0.0
0.8580697774887085
2.833380937576294
-3.846411943435669
5.0
0.0
0.8973498344421387
2.7150917053222656
-3.679159164428711
5.0
0.0
0.8914411664009094
2.7301712036132812
-0.36387553811073303
6.0
0.0
0.8198066353797913
-3.1090381145477295
1.3115326166152954
10.0
0.0
0.8336203694343567
-2.810344934463501
-4.05362606048584
7.0
0.0
0.9063014388084412
-3.0660669803619385
-2.9526214599609375
4.0
0.0
0.8561461567878723
-2.9189116954803467
-0.2875266671180725
4.0
0.0
0.8296719789505005
-2.2595291137695312
-2.1864147186279297
4.0
0.0
0.8265581130981445
-2.2340168952941895
-1.9854708909988403
3.0
0.0
0.8757950663566589
-2.461928606033325
-1.453346610069275
4.0
0.0
0.8273329138755798
-2.2408149242401123
1.3704999685287476
2.0
0.0
0.8312750458717346
-1.7475309371948242
-3.3002848625183105
5.0
0.0
0.8311384320259094
-1.746574878692627
-1.884268045425415
4.0
0.0
0.8783556818962097
-1.9459631443023682
-0.7652320265769958
4.0
0.0
0.8767721056938171
-1.4176669120788574
-4.214724540710449
7.0
0.0
0.8802549242973328
-1.427902102470398
-1.7642215490341187
3.0
0.0
0.8758478760719299
-1.4148904085159302
-0.9515557885169983
3.0
0.0
0.8192338347434998
-0.5200098156929016
-2.0202341079711914
1.0
0.0
0.8681753873825073
-0.867156982421875
-1.4476611614227295
3.0
0.0
0.8516234755516052
-0.806495726108551
-0.2950316071510315
5.0
0.0
0.8192042112350464
-0.5251137614250183
1.1109137535095215
6.0
0.0
0.8197190761566162
-0.041786376386880875
-3.3517472743988037
6.0
0.0
0.8480022549629211
-0.2674475312232971
-3.079035520553589
5.0
0.0
1.1342854499816895
0.14222151041030884
-4.243686199188232
6.0
1.0
1.0849757194519043
0.30062463879585266
-2.760124683380127
1.0
1.0
1.0897966623306274
0.6719422340393066
-2.649012804031372
2.0
1.0
1.174914836883545
0.4504265785217285
0.5456396341323853
5.0
1.0
1.0793269872665405
1.1148097515106201
-2.3168575763702393
3.0
1.0
1.140912413597107
0.9121391177177429
0.8982740044593811
6.0
1.0
1.1772749423980713
1.23154878616333
1.4838536977767944
5.0
1.0
1.120100975036621
1.3565753698349
1.6643723249435425
9.0
1.0
1.176663875579834
1.6253496408462524
-1.668379306793213
1.0
1.0
1.069419026374817
2.363628387451172
-3.223741054534912
6.0
1.0
1.0787200927734375
2.296320915222168
0.42105594277381897
4.0
1.0
1.075588345527649
2.7079901695251465
-4.0694990158081055
7.0
1.0
1.0844045877456665
2.6595218181610107
-2.742905616760254
3.0
1.0
1.1038159132003784
2.5834717750549316
-2.4027905464172363
2.0
1.0
1.0877351760864258
2.644289970397949
-1.2077306509017944
4.0
1.0
1.0702842473983765
2.7481319904327393
-0.08723267167806625
5.0
1.0
1.171097755432129
-3.0768280029296875
-3.3039886951446533
4.0
1.0
1.1043853759765625
-2.9161934852600098
0.12933824956417084
5.0
1.0
1.17841374874115
-3.090184450149536
2.651240587234497
7.0
1.0
1.0882580280303955
-2.4630813598632812
-1.3882064819335938
3.0
1.0
1.1518131494522095
-2.2532901763916016
-2.3659157752990723
3.0
1.0
1.1380388736724854
-2.2228410243988037
-2.0757899284362793
2.0
1.0
1.0689531564712524
-1.951332688331604
-0.5586026906967163
4.0
1.0
1.1377543210983276
-2.2221779823303223
1.8874844312667847
5.0
1.0
1.1061173677444458
-1.7437188625335693
-3.820485830307007
5.0
1.0
1.1060526371002197
-1.7435109615325928
-1.9386868476867676
3.0
1.0
1.1536450386047363
-1.4717209339141846
-1.7573989629745483
3.0
1.0
1.126999855041504
-1.4105397462844849
-0.7348548769950867
3.0
1.0
1.0827115774154663
-0.8665094971656799
-1.380246639251709
4.0
1.0
1.0735493898391724
-0.812398374080658
0.07534172385931015
5.0
1.0
1.0857592821121216
-0.4884175658226013
-2.124523401260376
2.0
1.0
1.0940711498260498
-0.5233575701713562
2.0538599491119385
4.0
1.0
1.0765069723129272
-0.04672948271036148
-3.8611292839050293
4.0
1.0
1.1438900232315063
-0.2726585268974304
-3.5480988025665283
3.0
1.0
1.3411426544189453
0.2979128360748291
-3.001354694366455
4.0
2.0
1.3991153240203857
0.4457467794418335
0.9809257388114929
5.0
2.0
1.4455288648605347
0.676649272441864
-2.951646566390991
4.0
2.0
1.341876745223999
0.9229853749275208
1.3605444431304932
7.0
2.0
1.3776229619979858
1.122828722000122
-2.4838504791259766
3.0
2.0
1.3431205749511719
1.231789469718933
1.936691164970398
7.0
2.0
1.4182014465332031
1.3511409759521484
2.5702271461486816
6.0
2.0
1.4406945705413818
1.6268105506896973
-1.6561959981918335
2.0
2.0
1.398532748222351
2.331913948059082
-3.658691167831421
5.0
2.0
1.4192808866500854
2.2916557788848877
1.101784348487854
5.0
2.0
1.393494963645935
2.6567773818969727
-3.035468101501465
2.0
2.0
1.4325416088104248
2.582689046859741
-2.606452226638794
3.0
2.0
1.3996707201004028
2.643711566925049
-1.0595812797546387
4.0
2.0
1.3504730463027954
2.773941993713379
0.3505875766277313
5.0
2.0
1.4415833950042725
-3.087005138397217
-3.6652214527130127
4.0
2.0
1.3603748083114624
-2.9137372970581055
0.5590900182723999
4.0
2.0
1.4366440773010254
-3.0789928436279297
3.6184372901916504
8.0
2.0
1.3497741222381592
-2.250070333480835
-2.4763779640197754
2.0
2.0
1.3412904739379883
-2.216020107269287
-2.1357319355010986
4.0
2.0
1.4458903074264526
-2.465510368347168
-1.278881311416626
4.0
2.0
1.3404123783111572
-2.212064743041992
2.224426746368408
4.0
2.0
1.3561581373214722
-1.9579280614852905
-0.24707800149917603
6.0
2.0
1.3930730819702148
-1.7405364513397217
-4.363570213317871
6.0
2.0
1.3930730819702148
-1.7405364513397217
-1.9948927164077759
2.0
2.0
1.4328283071517944
-1.501862645149231
-1.7497639656066895
4.0
2.0
1.3843518495559692
-1.4067085981369019
-0.5118187069892883
4.0
2.0
1.4278868436813354
-0.8651437759399414
-1.2720586061477661
2.0
2.0
1.404691457748413
-0.8222286105155945
0.6284862756729126
5.0
2.0
1.384925365447998
-0.46557024121284485
-2.2418081760406494
3.0
2.0
1.411457896232605
-0.5212482213973999
3.1414358615875244
9.0
2.0
1.3496140241622925
-0.05036989599466324
-4.4013872146606445
5.0
2.0
1.453077793121338
-0.27746719121932983
-4.038884162902832
8.0
2.0
2.408043146133423
1.1521222591400146
-2.9666666984558105
2.0
3.0
2.3994619846343994
1.633142352104187
-1.3666666746139526
1.0
3.0
2.3957910537719727
2.646756649017334
-4.0333333015441895
1.0
3.0
2.396578073501587
2.5794711112976074
-2.9666666984558105
1.0
3.0
2.3954522609710693
2.641331911087036
-0.8333333134651184
1.0
3.0
2.417634963989258
-2.2319459915161133
-2.9666666984558105
1.0
3.0
2.403928756713867
-2.1815712451934814
-2.433333396911621
1.0
3.0
2.3994619846343994
-1.633142352104187
-1.899999976158142
3.0
3.0
2.3948793411254883
-1.56265389919281
-1.899999976158142
1.0
3.0
2.40710711479187
-0.4224337041378021
-2.433333396911621
1.0
3.0
2.3997080326080322
-0.06396806240081787
-6.699999809265137
2.0
3.0
2.396679639816284
2.6576006412506104
-6.699999809265137
1.0
3.0
2.3948793411254883
-3.1334502696990967
-4.699999809265137
1.0
3.0
2.405704975128174
0.42834755778312683
2.9666666984558105
2.0
3.0
2.4003069400787354
0.9794460535049438
4.0333333015441895
1.0
3.0
2.409871816635132
-1.9824960231781006
0.8333333134651184
1.0
3.0
2.401127338409424
-2.1670081615448
4.0333333015441895
2.0
3.0
2.4094393253326416
-3.0313022136688232
7.366666793823242
2.0
3.0
2.3948793411254883
-0.5154563188552856
6.699999809265137
1.0
3.0
2.57673978805542
0.283495157957077
-4.0333333015441895
1.0
4.0
2.5863890647888184
0.6963146328926086
-4.0333333015441895
1.0
4.0
2.596879720687866
-2.229706048965454
-2.9666666984558105
2.0
4.0
2.5943379402160645
-2.474729299545288
-0.8333333134651184
2.0
4.0
2.590015411376953
-1.7290135622024536
-2.433333396911621
2.0
4.0
2.583601474761963
-0.8614506721496582
-0.8333333134651184
1.0
4.0
2.5901501178741455
0.1577179878950119
-7.366666793823242
1.0
4.0
2.590015411376953
-1.7290135622024536
-6.699999809265137
2.0
4.0
2.577274799346924
-0.29156389832496643
-6.0333333015441895
1.0
4.0
2.584103584289551
2.2776339054107666
3.5
2.0
4.0
2.576141595840454
2.877270221710205
2.433333396911621
1.0
4.0
2.576920747756958
-2.904515266418457
2.433333396911621
1.0
4.0
2.5834052562713623
-1.384045958518982
0.30000001192092896
1.0
4.0
2.5818421840667725
-0.8519113659858704
2.433333396911621
2.0
4.0
2.583115816116333
1.235453486442566
5.366666793823242
2.0
4.0
2.577125310897827
1.3367445468902588
6.0333333015441895
1.0
4.0
3.2254796028137207
1.1752759218215942
-3.5
1.0
5.0
3.2330288887023926
1.6392066478729248
-1.3666666746139526
2.0
5.0
3.227358818054199
-2.7831387519836426
-0.30000001192092896
1.0
5.0
3.2342281341552734
-0.8590216040611267
-0.8333333134651184
1.0
5.0
3.2255821228027344
-0.4011627733707428
-2.9666666984558105
1.0
5.0
3.235413074493408
0.7069661021232605
-4.699999809265137
1.0
5.0
3.226288080215454
3.1190261840820312
-6.0333333015441895
2.0
5.0
3.2396578788757324
-0.2990647852420807
-6.699999809265137
1.0
5.0
3.2278802394866943
-2.0021681785583496
1.899999976158142
2.0
5.0
3.2360334396362305
-0.8662331700325012
3.5
1.0
5.0
3.2262589931488037
0.4148627817630768
4.699999809265137
1.0
5.0
3.231355667114258
1.2384800910949707
7.366666793823242
2.0
5.0
3.237779378890991
2.268956184387207
4.699999809265137
1.0
5.0
3.230670928955078
-0.3359311521053314
6.0333333015441895
1.0
5.0
3.4203267097473145
2.5749707221984863
-4.0333333015441895
1.0
6.0
3.4319541454315186
2.637876033782959
-0.30000001192092896
1.0
6.0
3.428189516067505
-2.481192111968994
-0.8333333134651184
2.0
6.0
3.4246582984924316
-2.2149147987365723
-3.5
1.0
6.0
3.4198050498962402
-2.1457793712615967
-2.9666666984558105
1.0
6.0
3.4241695404052734
-1.7147295475006104
-2.433333396911621
2.0
6.0
3.4203267097473145
-1.7895724773406982
-1.3666666746139526
3.0
6.0
3.4298360347747803
0.27412843704223633
-4.699999809265137
1.0
6.0
3.4317333698272705
2.6371212005615234
-4.699999809265137
1.0
6.0
3.419752359390259
2.9581682682037354
3.5
2.0
6.0
3.423264265060425
-2.8981361389160156
4.0333333015441895
2.0
6.0
3.419646739959717
-1.3641823530197144
1.3666666746139526
1.0
6.0
3.423023223876953
1.0273371934890747
6.0333333015441895
2.0
6.0
