740
0.8199851512908936
0.5614308714866638
-1.5549931526184082
3.0
0.0
0.8386983275413513
0.301472932100296
-0.7652320265769958
4.0
0.0
0.8489982485771179
0.2518013119697571
-0.7039903998374939
3.0
0.0
0.8482187390327454
0.25519880652427673
-0.6266669034957886
3.0
0.0
0.868076503276825
0.18036524951457977
-0.3237517774105072
3.0
0.0
0.8579898476600647
0.21568624675273895
-0.2641346752643585
4.0
0.0
0.8226247429847717
0.4262097179889679
2.1627519130706787
9.0
0.0
0.8196362257003784
1.0083608627319336
0.8460318446159363
5.0
0.0
0.820285975933075
1.5131809711456299
-0.32992467284202576
3.0
0.0
0.8300297856330872
1.9265964031219482
-0.588817298412323
2.0
0.0
0.8192176818847656
2.6046299934387207
-3.2304012775421143
8.0
0.0
0.8191999793052673
2.608731508255005
-3.2277209758758545
4.0
0.0
0.8260692358016968
2.482851266860962
-0.5815073251724243
2.0
0.0
0.820666491985321
2.5520646572113037
4.006476402282715
8.0
0.0
0.8192465901374817
3.124401092529297
-2.7328341007232666
3.0
0.0
0.9049643874168396
2.6966519355773926
-1.6927460432052612
1.0
0.0
0.8199084997177124
-2.5823452472686768
-0.8872277736663818
3.0
0.0
0.8822919130325317
-2.4809277057647705
-0.8934006690979004
2.0
0.0
0.8208038210868835
-2.0378406047821045
-0.3391839861869812
4.0
0.0
0.8478173017501831
-1.8374271392822266
-2.277351140975952
5.0
0.0
0.8381261229515076
-1.7897895574569702
1.7629220485687256
10.0
0.0
0.8193163275718689
-1.594002366065979
2.060195207595825
10.0
0.0
0.8729616403579712
-1.9296454191207886
3.0561575889587402
11.0
0.0
0.9125916957855225
-1.5096181631088257
-0.28086644411087036
3.0
0.0
0.8451110124588013
-0.7779361605644226
0.23908570408821106
5.0
0.0
0.8210732340812683
-0.5972893834114075
0.8093356490135193
4.0
0.0
0.8192566633224487
0.006140748970210552
-1.0841104984283447
3.0
0.0
0.8253943920135498
-0.12868359684944153
-1.0771253108978271
4.0
0.0
0.8961591124534607
-0.42351922392845154
-0.8557135462760925
3.0
0.0
0.8197190761566162
-0.041786376386880875
1.4231319427490234
8.0
0.0
1.0857884883880615
0.2968457341194153
-0.6035997867584229
3.0
1.0
1.09581458568573
0.2554098665714264
-0.5623388886451721
3.0
1.0
1.0950415134429932
0.2583248019218445
-0.4611797630786896
3.0
1.0
1.069557785987854
0.39877083897590637
-0.07417213171720505
5.0
1.0
1.1078097820281982
0.21440489590168
0.00779732083901763
4.0
1.0
1.0690094232559204
0.4042774438858032
0.11198918521404266
5.0
1.0
1.075982928276062
0.34926387667655945
1.702005386352539
4.0
1.0
1.1168824434280396
0.5801158547401428
-1.7868013381958008
4.0
1.0
1.1783649921417236
0.44419464468955994
3.623039960861206
9.0
1.0
1.1028753519058228
1.0158098936080933
1.551906704902649
4.0
1.0
1.0784332752227783
1.5125627517700195
-0.06140398979187012
4.0
1.0
1.0752185583114624
1.9250075817108154
-0.4117966592311859
2.0
1.0
1.099132776260376
2.5995125770568848
-3.9257497787475586
5.0
1.0
1.0950275659561157
2.614572286605835
-3.9052817821502686
5.0
1.0
1.0780788660049438
2.692711353302002
-1.787775993347168
2.0
1.0
1.1380388736724854
2.4895479679107666
-0.3508799970149994
4.0
1.0
1.0716907978057861
3.1287713050842285
-3.2060346603393555
4.0
1.0
1.0725226402282715
3.1222147941589355
-2.8139262199401855
5.0
1.0
1.0917776823043823
-2.8705008029937744
-2.894953489303589
3.0
1.0
1.0932514667510986
-2.4836628437042236
-0.8256613612174988
2.0
1.0
1.1269019842147827
-2.5883865356445312
-0.7730293869972229
2.0
1.0
1.0814316272735596
-2.038088798522949
-0.06335333734750748
4.0
1.0
1.1499983072280884
-1.8567501306533813
-2.67513370513916
5.0
1.0
1.1250689029693604
-1.798258900642395
2.7794787883758545
7.0
1.0
1.0721062421798706
-1.586938738822937
3.0744545459747314
8.0
1.0
1.1747633218765259
-1.5127923488616943
-0.016569336876273155
2.0
1.0
1.0700573921203613
-0.7840774655342102
0.6209813356399536
4.0
1.0
1.0743002891540527
-0.42499297857284546
-0.7886239886283875
2.0
1.0
1.1267552375793457
-0.6245155334472656
-0.24171732366085052
4.0
1.0
1.1199696063995361
-0.606561005115509
1.541429042816162
4.0
1.0
1.0693211555480957
0.00840720720589161
-1.050809383392334
2.0
1.0
1.0937283039093018
-0.12932978570461273
-1.0389509201049805
3.0
1.0
1.074855089187622
-0.036070507019758224
2.2398123741149902
7.0
1.0
1.341612696647644
0.29582682251930237
-0.4374628961086273
3.0
2.0
1.3508832454681396
0.2591952383518219
-0.41504552960395813
3.0
2.0
1.3504009246826172
0.26092785596847534
-0.29045066237449646
2.0
2.0
1.365644097328186
0.2122769057750702
0.28931355476379395
3.0
2.0
1.3473085165023804
0.5865964293479919
-1.9679268598556519
3.0
2.0
1.3956222534179688
0.45309165120124817
4.513668537139893
10.0
2.0
1.4257378578186035
1.0235379934310913
2.3592231273651123
5.0
2.0
1.3523234128952026
1.5107499361038208
0.22417330741882324
4.0
2.0
1.3514918088912964
1.5136682987213135
0.2387932986021042
4.0
2.0
1.332413673400879
1.6000007390975952
0.4356759786605835
2.0
2.0
1.366951823234558
1.465210199356079
0.6502213478088379
4.0
2.0
1.3373725414276123
1.5723931789398193
0.7632826566696167
4.0
2.0
1.3548870086669922
1.5020167827606201
0.7718110084533691
4.0
2.0
1.3595949411392212
1.4868955612182617
0.7900859713554382
2.0
2.0
1.338719129562378
1.5657728910446167
0.7939846515655518
2.0
2.0
1.4532169103622437
1.92143714427948
-0.13888998329639435
2.0
2.0
1.3417373895645142
2.4943928718566895
-0.19931934773921967
2.0
2.0
1.3804497718811035
2.6866652965545654
-1.9544440507888794
4.0
2.0
1.3392882347106934
3.1338589191436768
-3.7074244022369385
5.0
2.0
1.435354232788086
2.892159938812256
-3.1837148666381836
5.0
2.0
1.339957356452942
-2.8382935523986816
-3.2779974937438965
3.0
2.0
1.3326292037963867
-2.4854047298431396
-0.7486626505851746
2.0
2.0
1.3557645082473755
-2.5849573612213135
-0.6940813660621643
4.0
2.0
1.3343689441680908
-1.8673512935638428
-2.9152915477752686
5.0
2.0
1.3855457305908203
-2.0378079414367676
0.25877395272254944
3.0
2.0
1.427718162536621
-1.807330846786499
3.854306697845459
8.0
2.0
1.3396966457366943
-1.5804458856582642
4.160839557647705
10.0
2.0
1.4414647817611694
-1.5160187482833862
0.2521137297153473
6.0
2.0
1.3372411727905273
-0.6260589361190796
-0.06335333734750748
4.0
2.0
1.3907041549682617
-0.792858362197876
1.1692312955856323
3.0
2.0
1.3349639177322388
-0.6140410900115967
2.0658483505249023
5.0
2.0
1.3698945045471191
-0.42786842584609985
-0.6773495674133301
3.0
2.0
1.3357304334640503
0.010111939162015915
-1.0155588388442993
3.0
2.0
1.3762964010238647
-0.130474254488945
-0.9991520047187805
2.0
2.0
1.3443686962127686
-0.03005204163491726
3.102720022201538
8.0
2.0
2.4165778160095215
-0.13435357809066772
-0.8333333134651184
1.0
3.0
2.395096778869629
0.015741141512989998
-0.8333333134651184
1.0
3.0
2.3986868858337402
0.5805356502532959
-2.9666666984558105
1.0
3.0
2.394805669784546
2.6158225536346436
-4.0333333015441895
2.0
3.0
2.3975932598114014
2.666269302368164
-2.433333396911621
1.0
3.0
2.3961126804351807
-2.584892511367798
-0.30000001192092896
1.0
3.0
2.4152069091796875
-2.487907648086548
-0.30000001192092896
1.0
3.0
2.403592348098755
-0.43803900480270386
-0.30000001192092896
2.0
3.0
2.3974082469940186
2.571343183517456
-7.366666793823242
2.0
3.0
2.396479368209839
2.6554324626922607
-7.366666793823242
1.0
3.0
2.400219202041626
1.5035852193832397
1.3666666746139526
2.0
3.0
2.406845808029175
2.5179035663604736
0.8333333134651184
1.0
3.0
2.398468255996704
-2.039081573486328
1.3666666746139526
2.0
3.0
2.397347927093506
-1.52468740940094
1.3666666746139526
1.0
3.0
2.409726858139038
-0.634961724281311
0.8333333134651184
2.0
3.0
2.3948352336883545
-0.005428374744951725
6.699999809265137
2.0
3.0
2.394805669784546
1.045026183128357
4.699999809265137
2.0
3.0
2.4147040843963623
-0.6520836353302002
4.699999809265137
10.0
3.0
2.596879720687866
-0.13531097769737244
-0.8333333134651184
2.0
4.0
2.5943379402160645
-2.761258363723755
-5.366666793823242
2.0
4.0
2.591111421585083
-1.940170168876648
-4.699999809265137
2.0
4.0
2.576292037963867
0.27290084958076477
0.30000001192092896
2.0
4.0
2.578446626663208
0.3041631281375885
0.30000001192092896
2.0
4.0
2.5815858840942383
0.1967935413122177
1.3666666746139526
1.0
4.0
2.5838003158569336
1.9096516370773315
0.8333333134651184
1.0
4.0
2.5781795978546143
-0.8252429962158203
2.9666666984558105
1.0
4.0
2.585706949234009
-1.2229180335998535
4.699999809265137
1.0
4.0
3.2260210514068604
0.01853782869875431
-0.8333333134651184
2.0
5.0
3.241281747817993
2.6500680446624756
-2.9666666984558105
2.0
5.0
3.2281911373138428
-3.1005053520202637
-7.366666793823242
2.0
5.0
3.2256052494049072
-2.739623785018921
-6.0333333015441895
1.0
5.0
3.2256176471710205
-1.973168134689331
-5.366666793823242
2.0
5.0
3.2358245849609375
0.3126649558544159
0.8333333134651184
1.0
5.0
3.2344205379486084
1.4963711500167847
2.433333396911621
1.0
5.0
3.2314345836639404
1.9027109146118164
1.3666666746139526
1.0
5.0
3.235210418701172
-2.041126251220703
2.433333396911621
1.0
5.0
3.227830171585083
-1.5325260162353516
1.899999976158142
1.0
5.0
3.229112386703491
-1.2256203889846802
6.0333333015441895
2.0
5.0
3.227930784225464
-1.2171725034713745
6.0333333015441895
1.0
5.0
3.4212515354156494
0.5567448735237122
-3.5
1.0
6.0
3.434753894805908
2.6469266414642334
-2.9666666984558105
1.0
6.0
3.4268546104431152
-2.486868143081665
-0.30000001192092896
1.0
6.0
3.4250965118408203
-0.1390058696269989
-0.8333333134651184
1.0
6.0
3.4318435192108154
0.2813040614128113
0.8333333134651184
2.0
6.0
3.431298017501831
0.279416561126709
1.3666666746139526
1.0
6.0
3.419719696044922
0.1841845065355301
2.433333396911621
2.0
6.0
3.419769287109375
2.539238691329956
1.3666666746139526
1.0
6.0
3.4243760108947754
-0.6426022052764893
1.899999976158142
1.0
6.0
3.432741641998291
1.069720983505249
7.366666793823242
2.0
6.0
3.4328560829162598
-0.6773990988731384
7.366666793823242
1.0
6.0
