600
0.836988091468811
0.3109881579875946
-1.3181604146957397
5.0
0.0
0.8541222810745239
0.23058556020259857
-1.1185486316680908
8.0
0.0
0.8193668127059937
0.49711260199546814
-0.8032439947128296
4.0
0.0
0.8508927226066589
0.24374057352542877
0.9335569143295288
5.0
0.0
0.8198913335800171
0.47635170817375183
1.0615307092666626
4.0
0.0
0.8208529949188232
0.4539921283721924
1.1628960371017456
2.0
0.0
0.8318290114402771
0.3430427312850952
2.2975265979766846
2.0
0.0
0.829838216304779
0.8808197379112244
-3.167210340499878
3.0
0.0
0.8192975521087646
1.056910514831543
0.6392076015472412
5.0
0.0
0.8196167349815369
1.5967966318130493
2.5871212482452393
4.0
0.0
0.8586584329605103
1.2603930234909058
3.2352747917175293
2.0
0.0
0.8388908505439758
2.918423652648926
-3.0910239219665527
4.0
0.0
0.8210521340370178
3.0682830810546875
0.3057529032230377
5.0
0.0
0.8355650901794434
2.9372735023498535
3.2411227226257324
4.0
0.0
0.8761652708053589
-2.9866433143615723
-0.764094889163971
3.0
0.0
0.8196812272071838
-2.5896263122558594
-0.09259333461523056
6.0
0.0
0.8200384378433228
-2.5787062644958496
1.896126389503479
3.0
0.0
0.8252852559089661
-2.222001075744629
1.8901159763336182
4.0
0.0
0.8207207918167114
-0.9922774434089661
2.1308586597442627
2.0
0.0
0.8235743641853333
-0.6328135132789612
-4.361849784851074
17.0
0.0
0.8896645307540894
-0.40674254298210144
-0.36252185702323914
9.0
0.0
1.097834587097168
0.24797110259532928
-2.090270757675171
7.0
1.0
1.0975914001464844
0.24885325133800507
0.529070258140564
5.0
1.0
1.0757893323898315
0.35050007700920105
2.2882673740386963
5.0
1.0
1.0734232664108276
0.7593085169792175
-3.1797187328338623
4.0
1.0
1.1689611673355103
0.46147051453590393
-0.8110412955284119
4.0
1.0
1.1620715856552124
0.47474339604377747
0.5339435935020447
5.0
1.0
1.170135498046875
0.45926204323768616
0.6679278016090393
3.0
1.0
1.090781331062317
1.0605486631393433
0.10009825229644775
5.0
1.0
1.0678470134735107
1.595355749130249
2.6649322509765625
3.0
1.0
1.1649264097213745
1.2545745372772217
3.5570333003997803
4.0
1.0
1.0875520706176758
3.037795305252075
-3.0778660774230957
2.0
1.0
1.0803645849227905
3.0726330280303955
-0.32875505089759827
5.0
1.0
1.1111277341842651
2.953094244003296
3.5490734577178955
3.0
1.0
1.1200391054153442
-2.9629456996917725
-0.758409321308136
2.0
1.0
1.1309020519256592
-2.5984385013580322
-1.0130062103271484
7.0
1.0
1.1230436563491821
-2.578336000442505
1.7353065013885498
3.0
1.0
1.1394693851470947
-2.226151466369629
1.7222645282745361
7.0
1.0
1.1160284280776978
-0.9882569313049316
2.0588958263397217
3.0
1.0
1.0740033388137817
-0.42292600870132446
-0.9270266890525818
8.0
1.0
1.3490883111953735
0.2657260298728943
-3.093095064163208
8.0
2.0
1.3369799852371216
0.31774476170539856
-0.05263201519846916
6.0
2.0
1.332147479057312
0.34503304958343506
0.08187198638916016
4.0
2.0
1.3523048162460327
0.25417768955230713
0.1123790591955185
5.0
2.0
1.351767659187317
0.2560580372810364
0.11793466657400131
4.0
2.0
1.3967686891555786
0.45065951347351074
-0.816402018070221
2.0
2.0
1.386481761932373
0.473306804895401
0.18713600933551788
4.0
2.0
1.3913969993591309
0.46224740147590637
0.3547786474227905
4.0
2.0
1.4462522268295288
0.36135610938072205
2.273159980773926
4.0
2.0
1.4550771713256836
0.6619974374771118
-3.1962881088256836
4.0
2.0
1.4026026725769043
1.0669209957122803
-0.5149515271186829
7.0
2.0
1.3388570547103882
1.2509523630142212
3.738321304321289
4.0
2.0
1.3334777355194092
1.5935519933700562
2.7481038570404053
3.0
2.0
1.345310091972351
3.107717752456665
-3.0655202865600586
3.0
2.0
1.353849172592163
3.0763022899627686
-0.9955457448959351
5.0
2.0
1.3945549726486206
2.968649387359619
3.8635659217834473
4.0
2.0
1.3728872537612915
-2.9491255283355713
-0.7535360455513
2.0
2.0
1.3631932735443115
-2.608046770095825
-1.6971319913864136
8.0
2.0
1.3537348508834839
-2.578176259994507
1.6128233671188354
1.0
2.0
1.344288945198059
-2.2288389205932617
1.6128233671188354
1.0
2.0
1.3474218845367432
-0.9846351742744446
2.002446413040161
4.0
2.0
1.3778256177902222
-0.4484730660915375
-1.8570469617843628
7.0
2.0
2.3974692821502686
0.5707910656929016
-3.5
1.0
3.0
2.398540496826172
0.4677441120147705
-1.3666666746139526
1.0
3.0
2.402831792831421
0.4418123662471771
-0.8333333134651184
1.0
3.0
2.3975932598114014
0.47532328963279724
-0.8333333134651184
1.0
3.0
2.3969457149505615
1.0895140171051025
-2.433333396911621
2.0
3.0
2.397982358932495
3.0900683403015137
-3.5
1.0
3.0
2.4016077518463135
-3.0662801265716553
-2.9666666984558105
1.0
3.0
2.408872604370117
-0.6317437887191772
-3.5
6.0
3.0
2.397057056427002
0.04340015724301338
-7.366666793823242
2.0
3.0
2.404620409011841
0.6140064001083374
-6.699999809265137
3.0
3.0
2.398186445236206
2.1475436687469482
-6.0333333015441895
2.0
3.0
2.3966283798217773
-2.6570587158203125
-4.699999809265137
2.0
3.0
2.4165778160095215
0.3892451822757721
2.433333396911621
1.0
3.0
2.39513897895813
1.587622880935669
2.9666666984558105
1.0
3.0
2.3969457149505615
-2.5756773948669434
0.8333333134651184
2.0
3.0
2.401705741882324
-0.9713453650474548
1.899999976158142
2.0
3.0
2.576632261276245
0.28147751092910767
-1.899999976158142
1.0
4.0
2.578848123550415
-2.8339040279388428
-1.899999976158142
1.0
4.0
2.5785021781921387
-2.836925745010376
-1.3666666746139526
3.0
4.0
2.580099105834961
-2.935245990753174
-0.8333333134651184
2.0
4.0
2.5839006900787354
-0.7078406810760498
-3.5
4.0
4.0
2.5809311866760254
-0.8463829755783081
-1.3666666746139526
3.0
4.0
2.5803182125091553
-0.2048376351594925
-3.5
5.0
4.0
2.5798163414001465
-2.826353073120117
-4.699999809265137
2.0
4.0
2.5932774543762207
-2.2411439418792725
0.8333333134651184
1.0
4.0
3.2363507747650146
-0.08203613013029099
-1.899999976158142
2.0
5.0
3.2401483058929443
0.2974669635295868
-2.9666666984558105
1.0
5.0
3.233297824859619
0.4623127579689026
-2.433333396911621
1.0
5.0
3.2401483058929443
0.48793119192123413
-2.433333396911621
1.0
5.0
3.2307448387145996
0.44986873865127563
-0.8333333134651184
2.0
5.0
3.23366379737854
1.1068793535232544
-4.0333333015441895
1.0
5.0
3.2407727241516113
-3.0443639755249023
-2.9666666984558105
2.0
5.0
3.2356178760528564
-3.062359571456909
-1.3666666746139526
1.0
5.0
3.235109806060791
-2.8261237144470215
-2.9666666984558105
2.0
5.0
3.228989839553833
-0.8321170806884766
-3.5
2.0
5.0
3.240272045135498
-0.6897666454315186
-3.5
2.0
5.0
3.2385849952697754
-0.8754355907440186
-1.3666666746139526
2.0
5.0
3.228137969970703
3.100907802581787
-5.366666793823242
1.0
5.0
3.2305243015289307
-2.692929267883301
-7.366666793823242
1.0
5.0
3.2302377223968506
-0.33834195137023926
-6.0333333015441895
1.0
5.0
3.2257184982299805
-0.4051927328109741
-5.366666793823242
1.0
5.0
3.238007068634033
-0.48073720932006836
-4.699999809265137
5.0
5.0
3.227587938308716
-0.3564411699771881
-4.699999809265137
6.0
5.0
3.2383522987365723
0.08923778682947159
0.8333333134651184
2.0
5.0
3.22599720954895
0.41083401441574097
2.433333396911621
1.0
5.0
3.2257184982299805
1.5832899808883667
3.5
1.0
5.0
3.2358245849609375
3.061558485031128
6.0333333015441895
1.0
5.0
3.422189950942993
0.5491513013839722
-3.5
1.0
6.0
3.4194729328155518
-2.947144031524658
-0.8333333134651184
1.0
6.0
3.4214234352111816
-0.2301723212003708
-4.0333333015441895
1.0
6.0
3.430976629257202
-0.11441531032323837
-3.5
2.0
6.0
3.4250221252441406
2.1028802394866943
-6.0333333015441895
2.0
6.0
3.429238796234131
-0.6645598411560059
-4.699999809265137
1.0
6.0
3.419842481613159
-0.6038743853569031
-4.699999809265137
3.0
6.0
3.4250221252441406
0.13938480615615845
0.8333333134651184
2.0
6.0
3.4201607704162598
-2.572690725326538
0.30000001192092896
1.0
6.0
3.4335529804229736
-2.250458240509033
0.30000001192092896
1.0
6.0
3.4202141761779785
-0.9608410596847534
1.3666666746139526
1.0
6.0
