370
0.8357419967651367
0.31822845339775085
-0.5961273312568665
6.0
0.0
0.8279066681861877
0.8959555625915527
1.3583166599273682
2.0
0.0
0.8202584981918335
2.0374343395233154
-0.07768093049526215
5.0
0.0
0.8212434649467468
2.0177109241485596
1.1117260456085205
2.0
0.0
0.8947720527648926
2.7215824127197266
2.4510366916656494
2.0
0.0
0.8947720527648926
-3.038004159927368
0.05165731906890869
4.0
0.0
0.8757950663566589
-2.985527276992798
0.701391339302063
2.0
0.0
0.8880035281181335
-3.0202975273132324
0.9307628870010376
3.0
0.0
0.8203803300857544
-2.677790641784668
1.3305386304855347
2.0
0.0
0.8929794430732727
-1.46261465549469
0.35867729783058167
4.0
0.0
0.8513545989990234
-0.8053821325302124
-0.9791713356971741
6.0
0.0
0.8441075682640076
-0.7732030749320984
0.9411593079566956
1.0
0.0
0.8463129997253418
-0.2598791718482971
1.134143352508545
1.0
0.0
1.0715888738632202
0.3807084560394287
-1.5421600341796875
4.0
1.0
1.0743002891540527
0.36040517687797546
-1.5321696996688843
4.0
1.0
1.1096014976501465
0.2088431566953659
-1.4453868865966797
3.0
1.0
1.0743571519851685
0.3600136935710907
-1.3925325870513916
19.0
1.0
1.0886616706848145
0.2840675115585327
-1.3412599563598633
4.0
1.0
1.0803112983703613
0.32402554154396057
-1.1692312955856323
4.0
1.0
1.190622091293335
0.42296382784843445
-1.5130823850631714
3.0
1.0
1.176969289779663
0.8394004702568054
0.6074334979057312
5.0
1.0
1.1501113176345825
0.8919030427932739
1.3560423851013184
3.0
1.0
1.16892409324646
2.032336711883545
-0.6889156103134155
5.0
1.0
1.1745740175247192
2.0218451023101807
1.003050684928894
4.0
1.0
1.0728800296783447
2.7268075942993164
2.5629172325134277
3.0
1.0
1.148513913154602
-3.0316693782806396
-0.32290706038475037
5.0
1.0
1.1282790899276733
-2.9845869541168213
0.5090571045875549
3.0
1.0
1.1512442827224731
-3.037489414215088
0.774166464805603
3.0
1.0
1.1542786359786987
-2.6511313915252686
1.363189935684204
2.0
1.0
1.1493221521377563
-1.462607502937317
0.06920132786035538
2.0
1.0
1.0739837884902954
-0.815487265586853
-1.5918680429458618
6.0
1.0
1.0685619115829468
-0.7690596580505371
0.8285853266716003
4.0
1.0
1.1394693851470947
-0.2626560628414154
1.0547080039978027
2.0
1.0
1.3345181941986084
0.3309205174446106
-1.762434720993042
6.0
2.0
1.422288417816162
0.7154576182365417
0.6647439002990723
5.0
2.0
1.350311040878296
0.8895713686943054
1.3544180393218994
2.0
2.0
1.3930730819702148
2.029374837875366
-1.0824860334396362
6.0
2.0
1.395289421081543
2.0245981216430664
0.9356362223625183
3.0
2.0
1.3619048595428467
2.7364912033081055
2.7459919452667236
4.0
2.0
1.4065089225769043
-3.0249428749084473
-0.706459641456604
5.0
2.0
1.387019395828247
-2.983677864074707
0.3118933141231537
4.0
2.0
1.4184168577194214
-3.0474815368652344
0.61594557762146
3.0
2.0
1.3758028745651245
-2.642496347427368
1.385119915008545
2.0
2.0
1.411163091659546
-1.46316397190094
-0.2261226624250412
4.0
2.0
1.3784178495407104
-0.764103353023529
0.6731259822845459
2.0
2.0
1.4455288648605347
-0.26582852005958557
0.971373975276947
2.0
2.0
2.401705741882324
2.018543004989624
-2.9666666984558105
2.0
3.0
2.407907247543335
-1.4664084911346436
-1.3666666746139526
1.0
3.0
2.397113800048828
0.47965681552886963
0.8333333134651184
3.0
3.0
2.3983967304229736
2.0396227836608887
0.8333333134651184
1.0
3.0
2.403045654296875
-3.058727979660034
0.30000001192092896
1.0
3.0
2.394955635070801
-2.6293931007385254
1.3666666746139526
1.0
3.0
2.594184398651123
-2.997830629348755
-2.433333396911621
1.0
4.0
2.588449001312256
-2.9773809909820557
-0.8333333134651184
2.0
4.0
2.5881969928741455
0.358387291431427
-4.699999809265137
2.0
4.0
2.5868570804595947
-0.8764838576316833
-6.0333333015441895
1.0
4.0
2.5868570804595947
0.8764838576316833
1.3666666746139526
1.0
4.0
2.5896151065826416
2.7777090072631836
3.5
1.0
4.0
2.5779776573181152
-0.7475687861442566
0.30000001192092896
1.0
4.0
2.5764904022216797
-0.27845072746276855
0.8333333134651184
1.0
4.0
3.2291743755340576
2.011420726776123
-4.0333333015441895
1.0
5.0
3.237553834915161
-3.05515456199646
-0.30000001192092896
1.0
5.0
3.241929531097412
-1.4699757099151611
-2.433333396911621
1.0
5.0
3.2289295196533203
-0.7390814423561096
-0.30000001192092896
1.0
5.0
3.2262306213378906
0.3709382116794586
-6.0333333015441895
2.0
5.0
3.2255337238311768
0.38625049591064453
0.8333333134651184
2.0
5.0
3.2368898391723633
0.8694356679916382
1.3666666746139526
1.0
5.0
3.2383522987365723
2.0527331829071045
0.30000001192092896
2.0
5.0
3.2297561168670654
2.8004372119903564
4.0333333015441895
2.0
5.0
3.4210479259490967
-2.9756479263305664
-3.5
2.0
6.0
3.420783281326294
-2.9729888439178467
-1.3666666746139526
1.0
6.0
3.4353725910186768
-1.4707130193710327
-2.433333396911621
2.0
6.0
3.430450916290283
-2.632589817047119
1.3666666746139526
1.0
6.0
3.4337892532348633
-0.28771692514419556
0.30000001192092896
1.0
6.0
