305
0.8882342576980591
0.644273579120636
-0.24415399134159088
1.0
0.0
0.8944120407104492
1.1517032384872437
-2.37062668800354
6.0
0.0
0.8231276273727417
1.466963529586792
-1.3022732734680176
4.0
0.0
0.8192043304443359
2.0837655067443848
-0.317253977060318
1.0
0.0
0.82013338804245
2.564119338989258
-2.3460512161254883
7.0
0.0
0.8387120366096497
2.3957934379577637
2.400632381439209
7.0
0.0
0.8473726511001587
-2.8826494216918945
-0.3984762132167816
3.0
0.0
0.8364771604537964
-2.8276689052581787
1.0247857570648193
5.0
0.0
0.8579898476600647
-1.878708839416504
-0.610260009765625
4.0
0.0
0.8961937427520752
-0.9472050070762634
-2.4146955013275146
7.0
0.0
0.8207137584686279
-0.5904816389083862
0.450296014547348
4.0
0.0
1.0735723972320557
0.7582324147224426
-2.5540802478790283
5.0
1.0
1.0975697040557861
0.641631543636322
-0.28606465458869934
6.0
1.0
1.1279335021972656
1.3359774351119995
-3.5433878898620605
4.0
1.0
1.0754072666168213
1.5310710668563843
-2.2034714221954346
3.0
1.0
1.0891788005828857
1.4599523544311523
-1.7034673690795898
4.0
1.0
1.18942129611969
1.6030819416046143
-2.1453161239624023
3.0
1.0
1.1422054767608643
2.087308168411255
-0.41520798206329346
4.0
1.0
1.1108473539352417
2.561241626739502
-3.1600165367126465
7.0
1.0
1.1890220642089844
2.3891546726226807
3.4415791034698486
6.0
1.0
1.0938652753829956
-2.8787548542022705
-0.49415600299835205
2.0
1.0
1.0840544700622559
-2.8365883827209473
1.347790241241455
5.0
1.0
1.1705571413040161
-1.897721767425537
-0.8101641535758972
5.0
1.0
1.101141095161438
-0.9417941570281982
-2.8985273838043213
6.0
1.0
1.1128950119018555
-0.5864689946174622
0.634139358997345
2.0
1.0
1.3335531949996948
0.6506298780441284
-2.6941721439361572
3.0
2.0
1.3334026336669922
0.6515186429023743
-0.3664746582508087
2.0
2.0
1.3356478214263916
0.6388733983039856
-0.33138665556907654
2.0
2.0
1.4373440742492676
0.6897703409194946
-3.70566987991333
2.0
2.0
1.4502640962600708
0.6692992448806763
-0.4074106514453888
4.0
2.0
1.366613745689392
1.4661619663238525
-3.46724534034729
2.0
2.0
1.3713642358779907
1.4531333446502686
-2.130176305770874
5.0
2.0
1.4202569723129272
1.6615734100341797
-2.0421640872955322
2.0
2.0
1.368316411972046
2.089726686477661
-0.48343464732170105
4.0
2.0
1.3752065896987915
2.385573148727417
3.995424509048462
7.0
2.0
1.4478346109390259
2.55800461769104
-4.10556173324585
7.0
2.0
1.3489785194396973
-2.875459671020508
-0.5917413830757141
2.0
2.0
1.3418374061584473
-2.8467533588409424
1.6841363906860352
6.0
2.0
1.3429547548294067
-1.9090991020202637
-0.9192293286323547
4.0
2.0
1.336401104927063
-0.9359071254730225
-3.4521379470825195
3.0
2.0
1.4466146230697632
-0.5816882252693176
0.8441799879074097
4.0
2.0
2.408179759979248
0.6290603876113892
-0.30000001192092896
1.0
3.0
2.395681858062744
1.0200620889663696
-1.3666666746139526
2.0
3.0
2.3959460258483887
1.0162653923034668
-0.8333333134651184
7.0
3.0
2.394859552383423
2.101451873779297
-0.8333333134651184
1.0
3.0
2.410163402557373
-1.9814239740371704
-1.3666666746139526
1.0
3.0
2.4006645679473877
2.548081398010254
-6.699999809265137
1.0
3.0
2.4171032905578613
-0.9112449884414673
-6.0333333015441895
2.0
3.0
2.397057056427002
-0.5669989585876465
1.3666666746139526
2.0
3.0
2.5932774543762207
1.4240473508834839
-4.0333333015441895
1.0
4.0
2.5764904022216797
-2.8631420135498047
-0.8333333134651184
1.0
4.0
2.5954298973083496
-0.9074146747589111
-6.699999809265137
1.0
4.0
2.5765583515167236
-2.8979580402374268
3.5
2.0
4.0
2.5761730670928955
2.3617453575134277
7.366666793823242
1.0
4.0
3.231513738632202
-2.810079574584961
-1.899999976158142
4.0
5.0
3.2358245849609375
-2.043529510498047
-1.899999976158142
3.0
5.0
3.4213366508483887
0.6221119165420532
-0.8333333134651184
1.0
6.0
3.423325538635254
2.112358570098877
-1.3666666746139526
1.0
6.0
3.4334356784820557
-2.8550069332122803
-1.3666666746139526
2.0
6.0
3.421168565750122
1.4059909582138062
-5.366666793823242
1.0
6.0
3.422036647796631
-0.550290048122406
1.899999976158142
2.0
6.0
