175
0.8859424591064453
0.12689314782619476
1.9214677810668945
3.0
0.0
0.851395308971405
0.7652454376220703
1.4008771181106567
3.0
0.0
0.8714595437049866
1.216658592224121
-0.7757444977760315
7.0
0.0
0.81919926404953
3.132603645324707
2.2327113151550293
2.0
0.0
0.8979472517967224
-3.045980215072632
-1.5997028350830078
13.0
0.0
0.8326826691627502
-1.7570747137069702
3.4763097763061523
5.0
0.0
0.8282337188720703
-0.15391813218593597
2.1108779907226562
1.0
0.0
1.1406441926956177
0.1273518204689026
1.9302397966384888
3.0
1.0
1.0721590518951416
0.7688408493995667
1.2749826908111572
2.0
1.0
1.1876126527786255
1.2134499549865723
-1.7327073812484741
8.0
1.0
1.0711389780044556
3.1333420276641846
2.3374879360198975
2.0
1.0
1.1581021547317505
-3.051640748977661
-2.6102426052093506
9.0
1.0
1.1137069463729858
-1.7669522762298584
4.00372314453125
5.0
1.0
1.0989993810653687
-0.14890718460083008
2.1844654083251953
2.0
1.0
1.401584506034851
0.12651032209396362
1.9388493299484253
2.0
2.0
1.3930262327194214
0.7728394865989685
1.0915828943252563
3.0
2.0
1.3481943607330322
1.2115435600280762
-2.218578577041626
8.0
2.0
1.339018702507019
3.135136604309082
2.448437452316284
3.0
2.0
1.423689842224121
-3.0569379329681396
-3.637660026550293
9.0
2.0
1.3819962739944458
-0.14449571073055267
2.2614638805389404
4.0
2.0
2.400484323501587
-3.072760581970215
-7.366666793823242
1.0
3.0
2.412754774093628
0.1220724806189537
1.899999976158142
2.0
3.0
2.4155454635620117
-0.13115359842777252
2.433333396911621
1.0
3.0
2.394801378250122
-3.1405069828033447
2.9666666984558105
2.0
3.0
2.5780773162841797
-2.918630361557007
-3.5
5.0
4.0
2.592393636703491
1.1969354152679443
-6.0333333015441895
1.0
4.0
2.5761337280273438
0.7848935127258301
0.30000001192092896
1.0
4.0
2.57673978805542
-1.8108999729156494
6.699999809265137
1.0
4.0
3.226506233215332
-3.116206407546997
-3.5
3.0
5.0
3.225510835647583
0.7906376719474792
0.30000001192092896
1.0
5.0
3.2255611419677734
-3.13393497467041
2.9666666984558105
1.0
5.0
3.22599720954895
3.123457670211792
6.0333333015441895
3.0
5.0
3.4305551052093506
0.11592601984739304
1.899999976158142
2.0
6.0
3.426187753677368
-1.7044988870620728
4.0333333015441895
3.0
6.0
3.429535150527954
-0.11970437318086624
2.9666666984558105
2.0
6.0
