610
0.8220847249031067
0.433686763048172
-4.181632041931152
3.0
0.0
0.8269203901290894
0.3807552754878998
-4.1718854904174805
3.0
0.0
0.8204289078712463
0.46271148324012756
-3.3678293228149414
2.0
0.0
0.847653329372406
0.257694274187088
1.0425246953964233
9.0
0.0
0.8192371129989624
1.031099557876587
-3.9975826740264893
2.0
0.0
0.8322998881340027
0.8634609580039978
-3.2820587158203125
2.0
0.0
0.8346083760261536
1.3722660541534424
-4.388423919677734
2.0
0.0
0.8374224901199341
1.355724811553955
-2.326279401779175
4.0
0.0
0.8669169545173645
1.2313991785049438
-1.6720831394195557
5.0
0.0
0.8195480108261108
1.5940648317337036
-1.663181185722351
6.0
0.0
0.8466288447380066
1.8330817222595215
-2.1165311336517334
5.0
0.0
0.8228273987770081
2.517954111099243
-3.5111052989959717
2.0
0.0
0.8193855881690979
2.590414524078369
-3.4375181198120117
2.0
0.0
0.8487008810043335
2.347486734390259
-1.9687715768814087
5.0
0.0
0.819360077381134
2.6319711208343506
1.8282246589660645
2.0
0.0
0.877453625202179
2.769092559814453
-3.627209424972534
10.0
0.0
0.9116925001144409
2.681185245513916
-3.3785881996154785
13.0
0.0
0.819928765296936
3.0932538509368896
-1.3032480478286743
8.0
0.0
0.8192293643951416
3.126478910446167
-0.8018794655799866
10.0
0.0
0.8200910687446594
-2.6707770824432373
-0.9905888438224792
7.0
0.0
0.8381261229515076
-1.7897895574569702
-3.2494072914123535
2.0
0.0
0.83290034532547
-1.7585035562515259
-2.3145833015441895
4.0
0.0
0.8754785656929016
-1.4137736558914185
-3.1792314052581787
2.0
0.0
0.8575912714004517
-1.3536137342453003
-3.1543772220611572
2.0
0.0
0.8207098841667175
-1.1140025854110718
-1.7895164489746094
7.0
0.0
0.8637706637382507
-0.8523114323616028
1.3539305925369263
12.0
0.0
0.835010826587677
-0.7245866060256958
1.7846895456314087
3.0
0.0
1.0716058015823364
0.3805699944496155
-4.359346389770508
3.0
1.0
1.0937830209732056
0.2631566524505615
2.3780341148376465
10.0
1.0
1.1818000078201294
0.43810558319091797
-4.462661266326904
3.0
1.0
1.170445442199707
0.4586816132068634
-3.2937545776367188
4.0
1.0
1.0967042446136475
1.0375006198883057
-4.153529167175293
4.0
1.0
1.1649869680404663
0.861758291721344
-3.1808557510375977
3.0
1.0
1.1185187101364136
1.3609323501586914
-1.9203306436538696
4.0
1.0
1.0680526494979858
1.5929023027420044
-1.0982756614685059
5.0
1.0
1.1791939735412598
1.2281129360198975
-1.0056822299957275
5.0
1.0
1.0943607091903687
1.831721544265747
-1.7032724618911743
5.0
1.0
1.0710020065307617
2.3491079807281494
-1.560386300086975
5.0
1.0
1.129122018814087
2.5110785961151123
-3.5028207302093506
2.0
1.0
1.101141095161438
2.5924975872039795
1.8360220193862915
2.0
1.0
1.0747543573379517
3.1062004566192627
-0.6105036735534668
8.0
1.0
1.0725412368774414
3.122072696685791
0.041701801121234894
7.0
1.0
1.1663594245910645
-2.6751744747161865
0.08403018862009048
7.0
1.0
1.1232813596725464
-1.7935681343078613
-3.150965929031372
2.0
1.0
1.1121153831481934
-1.762253999710083
-1.903761386871338
4.0
1.0
1.1277856826782227
-1.412541151046753
-3.0754294395446777
2.0
1.0
1.1041713953018188
-1.3446930646896362
-3.041316032409668
4.0
1.0
1.1693683862686157
-1.1100934743881226
-1.043694257736206
5.0
1.0
1.0815891027450562
-0.8608071804046631
2.583709955215454
14.0
1.0
1.1520411968231201
-0.6829731464385986
1.775105357170105
2.0
1.0
1.3480217456817627
0.2697179913520813
3.7665867805480957
12.0
2.0
1.3384451866149902
0.31045880913734436
4.50246000289917
4.0
2.0
1.39481520652771
0.4548167884349823
-3.2468082904815674
3.0
2.0
1.359079360961914
0.8601806163787842
-3.1217260360717773
1.0
2.0
1.4143080711364746
1.0441713333129883
-4.331893444061279
4.0
2.0
1.344555377960205
1.2258200645446777
-0.6533077955245972
3.0
2.0
1.4102810621261597
1.3659569025039673
-1.498343825340271
3.0
2.0
1.3338862657546997
1.591164231300354
-0.49561798572540283
4.0
2.0
1.350834846496582
1.8301647901535034
-1.274300456047058
5.0
2.0
1.3392043113708496
2.505936861038208
-3.497459888458252
2.0
2.0
1.3898084163665771
2.3507273197174072
-0.9752726554870605
4.0
2.0
1.4458903074264526
2.56103777885437
1.8472306728363037
4.0
2.0
1.342341423034668
3.1200790405273438
0.11988399177789688
8.0
2.0
1.3428115844726562
3.1180593967437744
0.9389315247535706
7.0
2.0
1.390336036682129
-2.6769967079162598
0.7785524725914001
6.0
2.0
1.421729564666748
-1.796820044517517
-3.0481386184692383
4.0
2.0
1.4055979251861572
-1.7665072679519653
-1.4711830615997314
5.0
2.0
1.3863476514816284
-1.4113404750823975
-2.9691905975341797
2.0
2.0
1.3581262826919556
-1.3359376192092896
-2.9222443103790283
3.0
2.0
1.391073226928711
-1.1078344583511353
-0.5702987313270569
6.0
2.0
1.3462435007095337
-0.6659019589424133
1.7692573070526123
2.0
2.0
2.40545916557312
0.4294235408306122
-2.9666666984558105
2.0
3.0
2.417457103729248
2.48097562789917
-3.5
2.0
3.0
2.4014134407043457
0.4493659734725952
-5.366666793823242
1.0
3.0
2.3951175212860107
1.0634814500808716
-4.699999809265137
2.0
3.0
2.395057201385498
1.5854520797729492
1.899999976158142
1.0
3.0
2.4094393253326416
2.5077033042907715
1.899999976158142
2.0
3.0
2.3957176208496094
-3.113914728164673
2.9666666984558105
1.0
3.0
2.400132179260254
-2.684664487838745
4.0333333015441895
1.0
3.0
2.3978497982025146
-1.0976390838623047
1.3666666746139526
1.0
3.0
2.403371572494507
-0.6080806851387024
1.899999976158142
2.0
3.0
2.408872604370117
2.5098488330841064
6.699999809265137
2.0
3.0
2.396578073501587
3.10306978225708
4.699999809265137
1.0
3.0
2.4125967025756836
-0.6451364159584045
6.699999809265137
1.0
3.0
2.581756114959717
0.8514089584350586
-2.9666666984558105
1.0
4.0
2.5949580669403076
2.4767191410064697
-3.5
2.0
4.0
2.576986312866211
-1.8068650960922241
-2.433333396911621
1.0
4.0
2.587947368621826
-1.4045848846435547
-2.433333396911621
2.0
4.0
2.576920747756958
-1.2842750549316406
-2.433333396911621
1.0
4.0
2.5925393104553223
0.37435922026634216
-5.366666793823242
2.0
4.0
2.577434778213501
1.340778112411499
-6.0333333015441895
1.0
4.0
2.582554340362549
1.379528284072876
-6.0333333015441895
2.0
4.0
2.583601474761963
1.3850494623184204
0.30000001192092896
1.0
4.0
2.589090347290039
1.2089107036590576
1.899999976158142
1.0
4.0
2.5762779712677
1.8219988346099854
0.8333333134651184
1.0
4.0
2.576136350631714
2.35770845413208
1.3666666746139526
1.0
4.0
2.579678773880005
-1.7801620960235596
0.30000001192092896
2.0
4.0
3.225865125656128
0.4084164500236511
-2.9666666984558105
1.0
5.0
3.2314345836639404
0.8461825847625732
-2.433333396911621
1.0
5.0
3.234811305999756
-1.2541254758834839
-1.899999976158142
1.0
5.0
3.2262306213378906
0.3709382116794586
-6.0333333015441895
2.0
5.0
3.2319176197052
0.45589250326156616
-6.0333333015441895
1.0
5.0
3.241539239883423
1.0784735679626465
-5.366666793823242
2.0
5.0
3.2261478900909424
1.198649525642395
3.5
1.0
5.0
3.2256052494049072
1.5800660848617554
4.0333333015441895
1.0
5.0
3.2255256175994873
2.3622400760650635
2.433333396911621
1.0
5.0
3.238236665725708
-1.0892592668533325
3.5
1.0
5.0
3.2328522205352783
-3.0739846229553223
5.366666793823242
2.0
5.0
3.230380058288574
3.0864317417144775
7.366666793823242
1.0
5.0
3.2309701442718506
-2.690518856048584
6.699999809265137
1.0
5.0
3.4352478981018066
2.4566543102264404
-3.5
1.0
6.0
3.423325538635254
-1.8146321773529053
-2.433333396911621
1.0
6.0
3.4205758571624756
-1.3999130725860596
-1.899999976158142
1.0
6.0
3.426025867462158
1.0436372756958008
-6.0333333015441895
3.0
6.0
3.435497760772705
1.0783905982971191
-5.366666793823242
1.0
6.0
3.4204163551330566
1.3980133533477783
1.3666666746139526
2.0
6.0
3.4235763549804688
1.816149353981018
2.433333396911621
1.0
6.0
3.431298017501831
2.4694769382476807
1.899999976158142
1.0
6.0
3.420356273651123
-1.7899525165557861
1.3666666746139526
2.0
6.0
3.4199235439300537
-0.5727025270462036
1.899999976158142
1.0
6.0
3.432401180267334
2.465702533721924
6.699999809265137
1.0
6.0
3.419752359390259
-0.6019738912582397
6.699999809265137
2.0
6.0
