235
0.8761652708053589
0.6785482168197632
0.44396063685417175
9.0
0.0
0.8237636089324951
1.4593859910964966
1.5791972875595093
12.0
0.0
0.8453463912010193
2.362560510635376
-3.9987196922302246
3.0
0.0
0.8737522959709167
2.7802939414978027
-3.784130573272705
2.0
0.0
0.8197072744369507
-2.065117359161377
-4.497586727142334
4.0
0.0
0.8310628533363342
-1.222444772720337
-4.223217964172363
1.0
0.0
0.8561275601387024
-0.8244451284408569
-2.6882777214050293
7.0
0.0
1.0888022184371948
0.6761630177497864
1.695345163345337
12.0
1.0
1.1111063957214355
1.3823623657226562
3.113522529602051
12.0
1.0
1.069879412651062
2.3591816425323486
-3.802161931991577
2.0
1.0
1.0674247741699219
2.7787535190582275
-3.572465658187866
3.0
1.0
1.0862303972244263
-2.061370849609375
-4.420263290405273
6.0
1.0
1.0757251977920532
-1.2198841571807861
-4.071657180786133
4.0
1.0
1.0748463869094849
-0.8214097023010254
-2.1674087047576904
6.0
1.0
1.4473408460617065
0.6738166809082031
3.807522773742676
12.0
2.0
1.3879655599594116
2.354874849319458
-3.523894786834717
2.0
2.0
1.3497741222381592
2.776477813720703
-3.2625653743743896
4.0
2.0
1.394484043121338
-2.057746410369873
-4.3304314613342285
2.0
2.0
1.4509382247924805
-1.2166889905929565
-3.8398489952087402
3.0
2.0
1.4026240110397339
-0.8180776834487915
-1.3865820169448853
6.0
2.0
2.397347927093506
-2.048286199569702
-4.0333333015441895
1.0
3.0
2.3982558250427246
-0.05368979275226593
-4.699999809265137
1.0
3.0
2.4119718074798584
0.6429964303970337
-4.699999809265137
1.0
3.0
2.5763723850250244
2.3425703048706055
-2.433333396911621
1.0
4.0
2.5859317779541016
2.269113779067993
-1.899999976158142
1.0
4.0
2.5918173789978027
2.7697255611419678
-1.899999976158142
1.0
4.0
2.589090347290039
-1.2089107036590576
-2.9666666984558105
1.0
4.0
2.5813355445861816
0.3252975642681122
-5.366666793823242
2.0
4.0
2.5818421840667725
0.32831257581710815
-5.366666793823242
2.0
4.0
2.5909721851348877
1.939671277999878
-6.0333333015441895
1.0
4.0
2.5918173789978027
-2.246126651763916
-7.366666793823242
1.0
4.0
2.5896151065826416
-1.206912636756897
-6.0333333015441895
1.0
4.0
2.5766847133636475
-0.8060851097106934
1.3666666746139526
1.0
4.0
3.226095676422119
2.3364479541778564
-1.899999976158142
1.0
5.0
3.2399020195007324
2.26176118850708
-1.3666666746139526
1.0
5.0
3.22599720954895
2.767028570175171
-1.3666666746139526
1.0
5.0
3.235413074493408
-2.0419275760650635
-4.0333333015441895
1.0
5.0
3.226642370223999
-1.205094575881958
-2.9666666984558105
1.0
5.0
3.2289295196533203
-0.046316731721162796
-4.699999809265137
1.0
5.0
3.234614849090576
0.317472368478775
-5.366666793823242
1.0
5.0
3.2254984378814697
0.3882656395435333
-5.366666793823242
3.0
5.0
3.2361388206481934
1.0968618392944336
-7.366666793823242
6.0
5.0
3.2345173358917236
1.888669490814209
-6.699999809265137
2.0
5.0
3.226095676422119
-1.1978437900543213
-6.699999809265137
1.0
5.0
3.225865125656128
-0.8011155128479004
2.9666666984558105
1.0
5.0
3.421696186065674
0.625149667263031
-4.699999809265137
1.0
6.0
3.4205105304718018
2.920536756515503
-6.699999809265137
1.0
6.0
