625
0.8259734511375427
0.3893525302410126
2.2509050369262695
3.0
0.0
0.8547589778900146
0.7516708970069885
2.1010096073150635
8.0
0.0
0.8192256689071655
1.5732916593551636
-2.9633426666259766
2.0
0.0
0.8197231888771057
1.6006203889846802
2.9316658973693848
3.0
0.0
0.8972634077072144
2.191708564758301
-1.6965560913085938
11.0
0.0
0.8477301597595215
2.3517489433288574
-1.681916356086731
9.0
0.0
0.9036632776260376
2.176130533218384
-1.299140453338623
7.0
0.0
0.866873025894165
2.802341938018799
-0.0004873375000897795
4.0
0.0
0.8520903587341309
2.856773853302002
0.9840446710586548
2.0
0.0
0.9090991616249084
2.687060832977295
2.434467315673828
4.0
0.0
0.8223403096199036
-2.7115249633789062
-3.262078046798706
1.0
0.0
0.8756366968154907
-2.4614498615264893
1.2827799320220947
2.0
0.0
0.8207137584686279
-2.161278009414673
2.5530080795288086
4.0
0.0
0.8762712478637695
-1.939764380455017
1.6074626445770264
2.0
0.0
0.81968754529953
-1.611490249633789
1.8477180004119873
2.0
0.0
0.8602848052978516
-1.8871614933013916
2.041189432144165
2.0
0.0
0.8216403722763062
-0.6068096160888672
1.5387486219406128
2.0
0.0
0.8195189833641052
-0.5577366948127747
1.810680627822876
2.0
0.0
0.8649616837501526
-0.3328061103820801
0.7614957690238953
3.0
0.0
0.82025545835495
-0.056888043880462646
1.6027517318725586
3.0
0.0
0.8754785656929016
-0.36657610535621643
1.6766639947891235
4.0
0.0
0.8786793351173401
-0.3761177957057953
3.6788666248321533
6.0
0.0
1.1721261739730835
0.06285347044467926
-1.3229502439498901
7.0
1.0
1.187034249305725
0.03633955121040344
-1.2741703987121582
3.0
1.0
1.1880927085876465
0.03453579172492027
-0.737778902053833
3.0
1.0
1.1508469581604004
0.10494330525398254
-0.18372465670108795
2.0
1.0
1.0868264436721802
0.6848292350769043
2.328228712081909
6.0
1.0
1.0962756872177124
0.6463884115219116
2.3569812774658203
4.0
1.0
1.079180121421814
1.508327841758728
-2.9021010398864746
3.0
1.0
1.1874637603759766
1.6064027547836304
3.6761863231658936
4.0
1.0
1.0710777044296265
2.348463535308838
-2.4666314125061035
8.0
1.0
1.1008816957473755
2.200692653656006
-2.366152048110962
11.0
1.0
1.1212775707244873
2.1387786865234375
-1.938083529472351
7.0
1.0
1.078864574432373
2.6882002353668213
2.65144944190979
4.0
1.0
1.1757118701934814
2.805170774459839
-0.46004265546798706
4.0
1.0
1.1801199913024902
2.7972640991210938
0.8634296655654907
4.0
1.0
1.1570664644241333
-2.6568455696105957
-3.33079195022583
4.0
1.0
1.107933759689331
-2.1421782970428467
-0.8909639716148376
2.0
1.0
1.1337199211120605
-2.212613105773926
1.300486445426941
3.0
1.0
1.0679396390914917
-1.9400513172149658
1.678613305091858
2.0
1.0
1.1607826948165894
-1.878905177116394
2.3058114051818848
1.0
1.0
1.1203176975250244
-1.7856085300445557
2.7861969470977783
4.0
1.0
1.0806804895401
-0.8560463786125183
1.6778011322021484
3.0
1.0
1.1130582094192505
-0.9796494245529175
3.2593977451324463
8.0
1.0
1.0828673839569092
-0.8672861456871033
3.3108112812042236
11.0
1.0
1.1188396215438843
-0.6034523844718933
1.6306922435760498
3.0
1.0
1.0686386823654175
-0.37719598412513733
1.7614599466323853
4.0
1.0
1.0965968370437622
-0.14020001888275146
-0.343935489654541
8.0
1.0
1.071897029876709
-0.01448214240372181
-0.29434934258461
6.0
1.0
1.170507550239563
-0.3268326222896576
0.5797204375267029
6.0
1.0
1.0787922143936157
-0.06028345227241516
1.7039546966552734
2.0
1.0
1.4275497198104858
0.07791551202535629
-0.47076401114463806
6.0
2.0
1.3992321491241455
0.13134534657001495
-0.025341352447867393
2.0
2.0
1.358363389968872
1.490746259689331
-2.836148738861084
2.0
2.0
1.4503008127212524
1.6117206811904907
4.211327075958252
5.0
2.0
1.3354136943817139
2.2109322547912598
-3.137223243713379
10.0
2.0
1.3610420227050781
2.11077618598938
-2.641911506652832
7.0
2.0
1.3930169343948364
2.343656063079834
-3.5995287895202637
10.0
2.0
1.3420382738113403
2.8072357177734375
-0.7077266573905945
4.0
2.0
1.3514001369476318
2.7706298828125
0.7900859713554382
2.0
2.0
1.3787330389022827
2.690868854522705
3.034005880355835
4.0
2.0
1.3804925680160522
-2.6541457176208496
-3.3783881664276123
3.0
2.0
1.402475118637085
-2.3885726928710938
-1.6128233671188354
7.0
2.0
1.3802194595336914
-2.0251636505126953
-1.2961329221725464
5.0
2.0
1.421959400177002
-2.111389636993408
0.8394041061401367
5.0
2.0
1.3465214967727661
-1.923628807067871
1.346295714378357
3.0
2.0
1.3991737365722656
-2.067648410797119
1.5927451848983765
5.0
2.0
1.351125955581665
-1.940785527229309
1.7838773727416992
2.0
2.0
1.3356478214263916
-1.8744007349014282
2.4602959156036377
2.0
2.0
1.4114753007888794
-1.7779183387756348
1.3885313272476196
2.0
2.0
1.4430882930755615
-1.5186100006103516
1.442694902420044
7.0
2.0
1.332847237586975
-0.601783812046051
1.6971319913864136
2.0
2.0
1.3396258354187012
-0.323478639125824
0.47709932923316956
1.0
2.0
1.3376150131225586
-0.3137771189212799
0.5110064148902893
3.0
2.0
1.3566533327102661
-0.3887422978878021
1.8920652866363525
2.0
2.0
1.403071403503418
-0.19066254794597626
-0.36939868330955505
2.0
2.0
1.4550771713256836
-0.28048035502433777
0.46150460839271545
2.0
2.0
1.3625465631484985
-0.09285833686590195
1.820914626121521
4.0
2.0
2.410163402557373
-2.5050227642059326
-3.5
1.0
3.0
2.403928756713867
2.530817747116089
-6.0333333015441895
3.0
3.0
2.3961126804351807
2.584892511367798
0.30000001192092896
3.0
3.0
2.4094393253326416
-2.7282843589782715
0.8333333134651184
2.0
3.0
2.412754774093628
-2.2164676189422607
0.30000001192092896
6.0
3.0
2.3948285579681396
-2.099280595779419
0.8333333134651184
11.0
3.0
2.39778470993042
-2.1442952156066895
1.3666666746139526
6.0
3.0
2.404156446456909
-1.6590498685836792
0.8333333134651184
3.0
3.0
2.400940179824829
-0.5951317548751831
1.899999976158142
2.0
3.0
2.402831792831421
-0.4418123662471771
2.433333396911621
1.0
3.0
2.397113800048828
0.47965681552886963
6.699999809265137
7.0
3.0
2.399381160736084
1.6326016187667847
6.0333333015441895
2.0
3.0
2.4050955772399902
-1.4782354831695557
6.699999809265137
1.0
3.0
2.5808522701263428
2.8193111419677734
-2.433333396911621
2.0
4.0
2.5761332511901855
-1.832595705986023
-2.9666666984558105
2.0
4.0
2.5820164680480957
-1.765077829360962
-0.30000001192092896
2.0
4.0
2.577880620956421
-0.29862087965011597
-0.30000001192092896
1.0
4.0
2.5827388763427734
2.284658908843994
-7.366666793823242
4.0
4.0
2.586975574493408
-2.4477806091308594
0.30000001192092896
2.0
4.0
2.5846216678619385
-2.2751266956329346
0.30000001192092896
1.0
4.0
2.582646369934082
-2.285161018371582
0.8333333134651184
1.0
4.0
2.576207160949707
-1.8250263929367065
0.30000001192092896
1.0
4.0
2.5926856994628906
-1.9456537961959839
2.433333396911621
1.0
4.0
2.576322317123413
-1.8447062969207764
3.5
2.0
4.0
2.589090347290039
-0.161713108420372
2.433333396911621
1.0
4.0
2.5858190059661865
0.3483791649341583
7.366666793823242
2.0
4.0
2.5862739086151123
0.6968153119087219
6.699999809265137
2.0
4.0
3.232334613800049
0.45789942145347595
-4.0333333015441895
4.0
5.0
3.2297561168670654
2.407738208770752
-0.30000001192092896
4.0
5.0
3.235210418701172
2.826524496078491
-3.5
1.0
5.0
3.234811305999756
-1.8874672651290894
-0.30000001192092896
5.0
5.0
3.2257025241851807
2.3441038131713867
-6.699999809265137
4.0
5.0
3.2320828437805176
-2.6848974227905273
0.8333333134651184
3.0
5.0
3.2274036407470703
-2.3908421993255615
0.30000001192092896
4.0
5.0
3.225825309753418
-1.948583960533142
2.433333396911621
1.0
5.0
3.235928773880005
-1.6512309312820435
1.3666666746139526
4.0
5.0
3.2271013259887695
-1.5389667749404907
1.899999976158142
1.0
5.0
3.2385849952697754
-0.4827364981174469
2.9666666984558105
2.0
5.0
3.22835373878479
2.706599235534668
5.366666793823242
1.0
5.0
3.432065010070801
0.5033392906188965
-4.0333333015441895
4.0
6.0
3.4203267097473145
-1.7895724773406982
-4.0333333015441895
1.0
6.0
3.432401180267334
-0.28319093585014343
-0.8333333134651184
1.0
6.0
3.4305551052093506
-1.8475693464279175
0.8333333134651184
6.0
6.0
3.4310832023620605
-1.6848340034484863
1.3666666746139526
3.0
6.0
3.419468879699707
-0.5901891589164734
2.433333396911621
1.0
6.0
3.4352478981018066
-0.4931590259075165
2.9666666984558105
1.0
6.0
3.419620990753174
-0.18684542179107666
2.433333396911621
1.0
6.0
