645
0.8195446133613586
0.4883679747581482
-0.18226267397403717
4.0
0.0
0.8192397952079773
0.5279168486595154
0.5418708920478821
3.0
0.0
0.841133713722229
1.3358535766601562
-0.9470073580741882
11.0
0.0
0.850385844707489
1.2930684089660645
-0.9377480149269104
4.0
0.0
0.8193489909172058
1.5454034805297852
0.7106506824493408
4.0
0.0
0.8193570971488953
2.1081900596618652
-0.7933349013328552
3.0
0.0
0.8966745138168335
1.6695818901062012
2.112583637237549
4.0
0.0
0.8228273987770081
2.517954111099243
-2.0453317165374756
4.0
0.0
0.8226377367973328
2.520432710647583
-2.0401451587677
7.0
0.0
0.8296719789505005
2.452859878540039
-1.9851460456848145
8.0
0.0
0.8194261193275452
2.5882279872894287
-1.564577341079712
4.0
0.0
0.8208152651786804
2.5491135120391846
-1.203669548034668
3.0
0.0
0.8214930295944214
2.5371391773223877
-1.1929482221603394
3.0
0.0
0.8427220582962036
2.375096559524536
-1.1780033111572266
2.0
0.0
0.819928765296936
2.569654941558838
-1.1643580198287964
2.0
0.0
0.8484321236610413
2.348659038543701
-1.1097766160964966
4.0
0.0
0.8474490642547607
2.3529975414276123
0.7832633256912231
5.0
0.0
0.8277775049209595
2.991421699523926
-0.1247573271393776
4.0
0.0
0.8508987426757812
-2.8978774547576904
-4.165347099304199
8.0
0.0
0.904052734375
-3.060781478881836
-2.37384295463562
5.0
0.0
0.8773359656333923
-2.9901444911956787
-0.2331077754497528
3.0
0.0
0.8760594129562378
-2.9863245487213135
2.0996692180633545
6.0
0.0
0.8216403722763062
-2.1776058673858643
-2.450549364089966
8.0
0.0
0.9028813242912292
-2.5343949794769287
2.627082586288452
8.0
0.0
0.8637548685073853
-2.423053026199341
2.6355838775634766
9.0
0.0
0.8202178478240967
-1.6267752647399902
0.4746626317501068
4.0
0.0
0.8257462382316589
-1.702890157699585
0.6474598050117493
3.0
0.0
0.8193718194961548
-1.5561162233352661
4.399910926818848
7.0
0.0
0.8526029586791992
-1.3341091871261597
-2.0536510944366455
7.0
0.0
0.8258215188980103
-0.13281145691871643
-0.40562376379966736
3.0
0.0
0.8195189833641052
-0.034137919545173645
0.4746626317501068
4.0
0.0
0.9116722941398621
-0.46036213636398315
1.1552611589431763
3.0
0.0
1.1577694416046143
0.4833228588104248
-0.29678598046302795
2.0
1.0
1.1363074779510498
0.5301097631454468
0.7111380100250244
1.0
1.0
1.145977258682251
1.2935289144515991
-1.2964253425598145
2.0
1.0
1.0741018056869507
1.5398802757263184
0.9005482196807861
3.0
1.0
1.1536121368408203
1.6699399948120117
2.6892523765563965
7.0
1.0
1.0716058015823364
2.3440654277801514
-1.4288175106048584
3.0
1.0
1.1288238763809204
2.1191279888153076
-1.1336560249328613
4.0
1.0
1.0745412111282349
2.3222477436065674
0.9728359580039978
6.0
1.0
1.095849871635437
3.004171133041382
-0.19590799510478973
4.0
1.0
1.1602834463119507
-3.0560107231140137
-3.079620361328125
5.0
1.0
1.1311756372451782
-2.991812229156494
-0.3295997679233551
3.0
1.0
1.1321591138839722
-2.9942243099212646
2.6882777214050293
7.0
1.0
1.106898307800293
-2.5316102504730225
3.2039878368377686
5.0
1.0
1.1094332933425903
-2.539533853530884
3.2118825912475586
4.0
1.0
1.102992296218872
-2.518873929977417
3.219680070877075
4.0
1.0
1.081608772277832
-2.4317054748535156
3.2835206985473633
8.0
1.0
1.116267442703247
-2.167034864425659
-3.3672337532043457
9.0
1.0
1.0782909393310547
-1.6282095909118652
0.5932033658027649
2.0
1.0
1.0946238040924072
-1.7035789489746094
0.8258237838745117
3.0
1.0
1.1018879413604736
-1.3370484113693237
-2.6809329986572266
4.0
1.0
1.0793269872665405
-0.4559865891933441
1.3498694896697998
3.0
1.0
1.0937625169754028
-0.12946268916130066
-0.5673746466636658
4.0
1.0
1.0738273859024048
-0.02898620255291462
0.5907666683197021
2.0
1.0
1.3832995891571045
0.4807228147983551
-0.3728100061416626
2.0
2.0
1.363844871520996
0.5316332578659058
0.8329713344573975
2.0
2.0
1.4517983198165894
1.2952722311019897
-1.6677294969558716
3.0
2.0
1.3458569049835205
1.5347392559051514
1.1032788753509521
3.0
2.0
1.4149748086929321
1.6712461709976196
3.276503086090088
5.0
2.0
1.3557645082473755
2.127431631088257
-1.3821959495544434
4.0
2.0
1.3956936597824097
2.337895154953003
-1.891577959060669
4.0
2.0
1.4297492504119873
2.2732555866241455
1.2720586061477661
4.0
2.0
1.3742139339447021
3.0164451599121094
-0.26900801062583923
4.0
2.0
1.4204434156417847
-3.0511512756347656
-3.7956178188323975
7.0
2.0
1.3913507461547852
-2.9934024810791016
-0.42804110050201416
3.0
2.0
1.3955936431884766
-3.0025994777679443
3.2944369316101074
5.0
2.0
1.3458293676376343
-2.549221992492676
3.8932933807373047
8.0
2.0
1.4358415603637695
-2.449352741241455
4.337546348571777
10.0
2.0
1.4469774961471558
-2.1530508995056152
-4.404993534088135
8.0
2.0
1.4519214630126953
-2.1606671810150146
-4.396546363830566
6.0
2.0
1.3521685600280762
-1.6303025484085083
0.7192602157592773
3.0
2.0
1.377789855003357
-1.7050209045410156
1.0137720108032227
2.0
2.0
1.3600306510925293
-1.341883897781372
-3.332059144973755
5.0
2.0
1.3781661987304688
-0.4493201971054077
1.6951826810836792
4.0
2.0
1.3748223781585693
-0.1267157942056656
-0.7369666695594788
2.0
2.0
1.342826247215271
-0.0235957782715559
0.7137371301651001
3.0
2.0
2.411510467529297
-0.11779191344976425
-1.3666666746139526
2.0
3.0
2.3982558250427246
0.4699089825153351
-0.8333333134651184
1.0
3.0
2.401705741882324
2.1702473163604736
-2.433333396911621
2.0
3.0
2.402831792831421
3.0598063468933105
-0.30000001192092896
1.0
3.0
2.4087326526641846
-3.0339841842651367
-6.699999809265137
1.0
3.0
2.3951613903045654
-2.111764430999756
-7.366666793823242
2.0
3.0
2.394817352294922
-0.0037998815532773733
1.3666666746139526
1.0
3.0
2.3950765132904053
0.5387971997261047
1.3666666746139526
2.0
3.0
2.3983967304229736
1.5160239934921265
1.899999976158142
1.0
3.0
2.3965282440185547
2.132375717163086
1.899999976158142
2.0
3.0
2.4008476734161377
-1.641789197921753
1.3666666746139526
1.0
3.0
2.40545916557312
-0.4294235408306122
2.9666666984558105
2.0
3.0
2.4087326526641846
1.6784048080444336
5.366666793823242
1.0
3.0
2.401033401489258
1.4987232685089111
6.699999809265137
1.0
3.0
2.3978497982025146
2.0439536571502686
4.699999809265137
1.0
3.0
2.4092965126037598
-3.0318384170532227
5.366666793823242
1.0
3.0
2.394901990890503
-2.6087658405303955
6.699999809265137
1.0
3.0
2.4142074584960938
-2.4911110401153564
7.366666793823242
1.0
3.0
2.576188802719116
1.3024368286132812
-2.9666666984558105
1.0
4.0
2.5781280994415283
2.3168535232543945
-3.5
2.0
4.0
2.5952718257904053
-3.001312494277954
-0.8333333134651184
2.0
4.0
2.5949580669403076
-1.7120709419250488
1.899999976158142
2.0
4.0
2.59069561958313
2.2501168251037598
6.0333333015441895
1.0
4.0
2.5861592292785645
-2.9678754806518555
7.366666793823242
1.0
4.0
2.577274799346924
-0.29156389832496643
5.366666793823242
1.0
4.0
2.5798163414001465
-0.31523948907852173
6.699999809265137
2.0
4.0
3.232940435409546
0.4607082009315491
-0.8333333134651184
1.0
5.0
3.229557514190674
3.091254949569702
-0.8333333134651184
1.0
5.0
3.2297561168670654
2.3046507835388184
-4.699999809265137
2.0
5.0
3.2256577014923096
0.010881716385483742
1.3666666746139526
1.0
5.0
3.2332077026367188
1.5015838146209717
2.433333396911621
2.0
5.0
3.236781120300293
1.879858136177063
2.9666666984558105
2.0
5.0
3.2360334396362305
-1.6516313552856445
1.3666666746139526
1.0
5.0
3.232419729232788
-0.32709744572639465
0.30000001192092896
1.0
5.0
3.237666368484497
-0.30586084723472595
0.30000001192092896
2.0
5.0
3.2261478900909424
-0.4132513403892517
4.0333333015441895
1.0
5.0
3.2340378761291504
2.0363171100616455
4.699999809265137
1.0
5.0
3.2387020587921143
2.2657573223114014
7.366666793823242
1.0
5.0
3.238007068634033
-3.0535545349121094
7.366666793823242
1.0
5.0
3.2411537170410156
-3.043166399002075
7.366666793823242
1.0
5.0
3.235928773880005
-0.31226450204849243
6.699999809265137
2.0
5.0
3.4269402027130127
1.3083924055099487
-4.0333333015441895
2.0
6.0
3.424875259399414
2.2160518169403076
-3.5
2.0
6.0
3.4261066913604736
-3.0075113773345947
-1.3666666746139526
2.0
6.0
3.4200844764709473
-2.964249610900879
-1.3666666746139526
2.0
6.0
3.432741641998291
-0.10837630927562714
-1.899999976158142
2.0
6.0
3.4226205348968506
0.5461151003837585
1.899999976158142
1.0
6.0
3.423835039138794
-1.716625452041626
2.433333396911621
1.0
6.0
3.421557664871216
2.124882936477661
7.366666793823242
2.0
6.0
3.434631586074829
-3.0392489433288574
7.366666793823242
8.0
6.0
3.419633626937866
-2.935358762741089
7.366666793823242
4.0
6.0
3.4271128177642822
-0.26316097378730774
5.366666793823242
2.0
6.0
