315
0.8853182196617126
0.1286088228225708
0.3689113259315491
6.0
0.0
0.8437010645866394
1.3231388330459595
3.1364543437957764
9.0
0.0
0.8475638628005981
1.828887939453125
-4.15450382232666
8.0
0.0
0.8439996838569641
1.8453059196472168
-1.7297834157943726
2.0
0.0
0.8348665237426758
1.894284725189209
0.40887266397476196
6.0
0.0
0.8311195373535156
2.4423482418060303
2.446894407272339
8.0
0.0
0.8486072421073914
2.871493101119995
-1.3792719841003418
2.0
0.0
0.823485255241394
3.033428430557251
0.6614300012588501
6.0
0.0
0.8196274638175964
-2.132904052734375
-1.6352406740188599
2.0
0.0
0.8195489645004272
-1.6062092781066895
-2.1706576347351074
3.0
0.0
0.8761441111564636
-1.9393819570541382
0.7548030614852905
5.0
0.0
0.8604673743247986
-0.8406250476837158
-0.9876184463500977
3.0
0.0
0.8725122213363647
-0.8810461759567261
-0.9513933062553406
2.0
0.0
1.1402374505996704
0.1282808780670166
0.9043169021606445
5.0
1.0
1.091843843460083
1.8416213989257812
-1.8014212846755981
2.0
1.0
1.0784475803375244
1.9051798582077026
0.9682550430297852
5.0
1.0
1.1649718284606934
2.432583808898926
4.02499532699585
8.0
1.0
1.1435081958770752
2.8697850704193115
-1.3417472839355469
2.0
1.0
1.087006688117981
3.0402162075042725
1.3510066270828247
8.0
1.0
1.1054075956344604
-2.134129285812378
-1.6855984926223755
3.0
1.0
1.0675855875015259
-1.9357004165649414
1.2397972345352173
5.0
1.0
1.0746018886566162
-1.6051560640335083
-2.3818352222442627
2.0
1.0
1.1906756162643433
-1.93332040309906
1.5518091917037964
5.0
1.0
1.078864574432373
-0.8460914492607117
-0.8622113466262817
2.0
1.0
1.086289644241333
-0.883543074131012
-0.8207880258560181
4.0
1.0
1.4002866744995117
0.1291675716638565
1.448765754699707
5.0
2.0
1.348890781402588
1.8372551202774048
-1.8759833574295044
2.0
2.0
1.4527844190597534
1.9220921993255615
1.8326106071472168
6.0
2.0
1.4510608911514282
2.8671936988830566
-1.3030855655670166
3.0
2.0
1.3632148504257202
3.0467562675476074
2.073645830154419
5.0
2.0
1.4366440773010254
-2.1365151405334473
-1.7439160346984863
4.0
2.0
1.3492424488067627
-1.933958649635315
1.9359253644943237
4.0
2.0
1.3483675718307495
-1.9307010173797607
1.9500579833984375
6.0
2.0
1.3487157821655273
-1.9320045709609985
2.202984094619751
4.0
2.0
1.3451473712921143
-1.6040163040161133
-2.604827880859375
3.0
2.0
1.4216748476028442
-0.8542444705963135
-0.6656535863876343
3.0
2.0
1.4408721923828125
-0.8867490887641907
-0.6039246916770935
2.0
2.0
2.3978497982025146
-2.144836664199829
-1.899999976158142
1.0
3.0
2.3957910537719727
-1.5995590686798096
-3.5
1.0
3.0
2.4169275760650635
0.13541963696479797
3.5
1.0
3.0
2.417634963989258
1.9568443298339844
4.0333333015441895
1.0
3.0
2.3959062099456787
-1.0168076753616333
0.30000001192092896
2.0
3.0
2.400574207305908
-0.9778251647949219
0.30000001192092896
4.0
3.0
2.41166353225708
-0.9288703203201294
0.30000001192092896
17.0
3.0
2.4155454635620117
0.13115359842777252
6.0333333015441895
3.0
3.0
2.4018046855926514
3.0652008056640625
4.699999809265137
1.0
3.0
2.5764904022216797
1.8159444332122803
-2.433333396911621
1.0
4.0
2.576857805252075
2.8560800552368164
-1.3666666746139526
1.0
4.0
2.596553087234497
0.13630430400371552
4.0333333015441895
2.0
4.0
2.5916748046875
-0.8949673771858215
0.30000001192092896
2.0
4.0
2.5840017795562744
-0.8634572625160217
0.30000001192092896
5.0
4.0
2.5820164680480957
-0.8529161214828491
0.30000001192092896
10.0
4.0
2.5809311866760254
-0.8463829755783081
0.30000001192092896
1.0
4.0
3.2408993244171143
2.8465216159820557
-0.8333333134651184
1.0
5.0
3.241539239883423
2.8485171794891357
-0.8333333134651184
2.0
5.0
3.226506233215332
-1.5961825847625732
-4.0333333015441895
1.0
5.0
3.2273147106170654
1.997338056564331
6.0333333015441895
2.0
5.0
3.2314345836639404
3.080808162689209
6.699999809265137
1.0
5.0
3.232334613800049
-1.8982950448989868
6.699999809265137
2.0
5.0
3.4213366508483887
1.8002091646194458
-2.433333396911621
1.0
6.0
3.4195380210876465
-2.1533820629119873
-1.899999976158142
1.0
6.0
3.432401180267334
-0.8949062824249268
0.30000001192092896
1.0
6.0
3.430870532989502
-0.9001911282539368
0.8333333134651184
1.0
6.0
