385
0.8311006426811218
0.3480859100818634
-4.241371154785156
8.0
0.0
0.8198442459106445
0.5573234558105469
1.0691190958023071
7.0
0.0
0.8192017078399658
1.044953465461731
-1.338173508644104
3.0
0.0
0.8843024373054504
0.6550202369689941
1.05568265914917
4.0
0.0
0.8852843046188354
0.6523012518882751
1.849179983139038
10.0
0.0
0.8849788904190063
0.6531444191932678
4.098948001861572
4.0
0.0
0.9103655815124512
0.5897833704948425
4.311181545257568
4.0
0.0
0.9121315479278564
0.5858056545257568
4.379164695739746
2.0
0.0
0.9058547616004944
0.6001676321029663
4.401906967163086
3.0
0.0
0.9082913398742676
0.5945176482200623
4.494500160217285
3.0
0.0
0.8202385902404785
1.6151763200759888
-0.9232904314994812
3.0
0.0
0.8206598162651062
2.5522007942199707
-0.47758665680885315
4.0
0.0
0.8206331729888916
2.552745819091797
-0.46735265851020813
3.0
0.0
0.8192296028137207
-3.1385505199432373
-2.5764000415802
4.0
0.0
0.8207137584686279
-2.6848766803741455
-3.2869319915771484
4.0
0.0
0.8991507887840271
-2.0017547607421875
-1.6903094053268433
4.0
0.0
0.8396701812744141
-1.7981336116790771
-1.5821213722229004
4.0
0.0
0.8362964391708374
-1.2558234930038452
-3.3661723136901855
5.0
0.0
0.8732857704162598
-1.4070532321929932
-2.0080506801605225
4.0
0.0
0.8193038105964661
-0.022294864058494568
-2.8114571571350098
3.0
0.0
1.0752185583114624
0.3542112708091736
4.227603912353516
4.0
1.0
1.1241891384124756
0.5602341294288635
2.194861650466919
6.0
1.0
1.093968152999878
0.6551381945610046
2.7386820316314697
10.0
1.0
1.0887552499771118
0.6763641834259033
4.135010719299316
4.0
1.0
1.0889430046081543
0.6755595803260803
4.191053867340088
1.0
1.0
1.092543363571167
1.05342435836792
-1.1307320594787598
4.0
1.0
1.1807003021240234
1.6181398630142212
-0.4678399860858917
4.0
1.0
1.1157779693603516
2.5467498302459717
0.059162259101867676
5.0
1.0
1.1124005317687988
2.5565876960754395
0.06754439324140549
5.0
1.0
1.069747805595398
-3.137355089187622
-2.7615866661071777
2.0
1.0
1.1741580963134766
-2.6897830963134766
-3.860836982727051
5.0
1.0
1.0761345624923706
-2.0078916549682617
-1.6365402936935425
3.0
1.0
1.1276872158050537
-1.804990291595459
-1.4492855072021484
3.0
1.0
1.0806549787521362
-1.2486093044281006
-3.774384021759033
4.0
1.0
1.1252965927124023
-1.4061518907546997
-2.020721435546875
4.0
1.0
1.0726239681243896
-0.020151827484369278
-3.071693181991577
3.0
1.0
1.3542125225067139
0.561799943447113
3.0442399978637695
8.0
2.0
1.3324912786483765
0.6570407748222351
3.7600347995758057
18.0
2.0
1.4580984115600586
0.6574971675872803
4.292202949523926
9.0
2.0
1.4044204950332642
1.063267707824707
-0.8929133415222168
4.0
2.0
1.4440876245498657
1.6213983297348022
-0.13450400531291962
4.0
2.0
1.3322800397872925
2.5433130264282227
0.4537073075771332
4.0
2.0
1.4459264278411865
2.560981035232544
0.6768297553062439
5.0
2.0
1.4586433172225952
2.5416479110717773
0.6838473081588745
1.0
2.0
1.3365287780761719
-3.135685682296753
-2.959444046020508
2.0
2.0
1.3976339101791382
-2.6927545070648193
-4.223705291748047
4.0
2.0
1.3779151439666748
-2.0194923877716064
-1.545083999633789
4.0
2.0
1.4311699867248535
-1.8132282495498657
-1.3108829259872437
3.0
2.0
1.3348677158355713
-1.2418274879455566
-4.200020790100098
5.0
2.0
1.3840440511703491
-1.4059869050979614
-2.0335545539855957
3.0
2.0
1.341587781906128
-0.018222693353891373
-3.3483359813690186
4.0
2.0
2.3981175422668457
1.0998047590255737
-0.30000001192092896
1.0
3.0
2.3950204849243164
-3.1280224323272705
-3.5
1.0
3.0
2.39638352394104
-2.0580406188964844
-1.3666666746139526
1.0
3.0
2.394901990890503
-0.00922806654125452
-4.699999809265137
1.0
3.0
2.4037036895751953
-2.704092502593994
-6.0333333015441895
1.0
3.0
2.399625301361084
1.6342236995697021
0.8333333134651184
1.0
3.0
2.404620409011841
2.5275862216949463
2.433333396911621
1.0
3.0
2.3967838287353516
2.577303171157837
2.433333396911621
1.0
3.0
2.4129133224487305
2.4953866004943848
3.5
1.0
3.0
2.410755157470703
2.5028796195983887
3.5
1.0
3.0
2.408179759979248
2.5125322341918945
3.5
1.0
3.0
2.3974692821502686
0.5707910656929016
6.699999809265137
1.0
3.0
2.5764904022216797
-1.8492470979690552
-0.8333333134651184
1.0
4.0
2.588831901550293
-1.4080839157104492
-1.899999976158142
1.0
4.0
3.2387020587921143
-1.8730581998825073
-0.30000001192092896
1.0
5.0
3.2254796028137207
-0.002821289701387286
-5.366666793823242
1.0
5.0
3.227541208267212
-2.713038206100464
-7.366666793823242
1.0
5.0
3.2256720066070557
-1.1893819570541382
-7.366666793823242
2.0
5.0
3.2289295196533203
1.1317805051803589
0.30000001192092896
1.0
5.0
3.234910249710083
1.647225260734558
1.899999976158142
2.0
5.0
3.424516201019287
-2.1055331230163574
-0.8333333134651184
1.0
6.0
3.421743392944336
-1.4109275341033936
-1.899999976158142
2.0
6.0
3.4217910766601562
2.515683650970459
4.0333333015441895
1.0
6.0
3.4205758571624756
2.5270776748657227
4.0333333015441895
1.0
6.0
3.42256498336792
2.5950980186462402
4.0333333015441895
2.0
6.0
3.4194788932800293
2.5552053451538086
4.699999809265137
3.0
6.0
