310
0.8192641735076904
1.577666163444519
-3.0588600635528564
2.0
0.0
0.8390843272209167
1.8701832294464111
-4.167662143707275
6.0
0.0
0.8229546546936035
1.9927294254302979
-3.043752670288086
2.0
0.0
0.8548122644424438
2.3222579956054688
-2.57038950920105
3.0
0.0
0.835010826587677
2.9406049251556396
-3.5054197311401367
3.0
0.0
0.8379372358322144
-2.835942029953003
-3.5287680625915527
4.0
0.0
0.8905016183853149
-2.5033509731292725
-3.243072032928467
4.0
0.0
0.8388908505439758
-2.3175642490386963
-3.015974760055542
4.0
0.0
0.8191957473754883
-1.0534521341323853
-1.790212631225586
3.0
0.0
0.8207137584686279
-0.5904816389083862
-4.16425085067749
4.0
0.0
0.8196459412574768
0.027092861011624336
-3.9571340084075928
2.0
0.0
0.8965834975242615
-0.4245850145816803
-3.4735805988311768
2.0
0.0
1.188225269317627
0.03431054577231407
-4.3067145347595215
3.0
1.0
1.0690336227416992
1.5821242332458496
-3.020848035812378
4.0
1.0
1.0857592821121216
1.867776870727539
-4.457625389099121
4.0
1.0
1.0677329301834106
1.9894492626190186
-3.0023293495178223
2.0
1.0
1.0750937461853027
2.3185319900512695
-2.4135119915008545
4.0
1.0
1.1162077188491821
2.938223361968994
-3.6145386695861816
2.0
1.0
1.0832860469818115
-2.8328516483306885
-3.631108045578003
2.0
1.0
1.0975697040557861
-2.4999611377716064
-3.256229877471924
2.0
1.0
1.183229684829712
-2.3132894039154053
-2.9477479457855225
2.0
1.0
1.1402695178985596
-1.0498896837234497
-1.2447680234909058
4.0
1.0
1.1146048307418823
-0.5914677977561951
-4.5161051750183105
2.0
1.0
1.0744203329086304
-0.42581942677497864
-3.5316920280456543
2.0
1.0
1.3347958326339722
1.5860049724578857
-2.9803993701934814
1.0
2.0
1.4146782159805298
1.9859579801559448
-2.9436869621276855
3.0
2.0
1.407608151435852
2.3136093616485596
-2.177642583847046
2.0
2.0
1.4105918407440186
2.936157464981079
-3.7287371158599854
3.0
2.0
1.3383090496063232
-2.830472230911255
-3.7378339767456055
2.0
2.0
1.334617018699646
-2.497067451477051
-3.271824598312378
2.0
2.0
1.3694299459457397
-2.3115603923797607
-2.9108731746673584
3.0
2.0
1.3668954372406006
-1.0479053258895874
-0.8592873215675354
4.0
2.0
1.3700498342514038
-0.4282894432544708
-3.6281840801239014
2.0
2.0
2.3958287239074707
1.6001014709472656
-2.9666666984558105
2.0
3.0
2.410904884338379
1.9787451028823853
-2.9666666984558105
2.0
3.0
2.416752338409424
-2.483107328414917
-3.5
2.0
3.0
2.4037036895751953
-0.43750014901161194
-4.0333333015441895
1.0
3.0
2.3982558250427246
0.05368979275226593
-5.366666793823242
1.0
3.0
2.401033401489258
-0.5956718325614929
-6.0333333015441895
1.0
3.0
2.3948793411254883
-1.0390551090240479
0.8333333134651184
1.0
3.0
2.580467700958252
2.298226833343506
-1.3666666746139526
1.0
4.0
2.5792176723480225
2.928703546524048
-4.0333333015441895
1.0
4.0
2.5806195735931396
-2.820819854736328
-4.0333333015441895
1.0
4.0
2.596390724182129
-2.4811928272247314
-3.5
1.0
4.0
2.580244541168213
-2.2997357845306396
-2.433333396911621
2.0
4.0
2.576920747756958
1.8573176860809326
-6.0333333015441895
1.0
4.0
2.583211660385132
-0.7113528251647949
-5.366666793823242
1.0
4.0
2.583700656890869
-0.7088439464569092
-5.366666793823242
2.0
4.0
3.2284088134765625
1.6134928464889526
-2.433333396911621
2.0
5.0
3.2256577014923096
1.974377155303955
-2.433333396911621
1.0
5.0
3.232419729232788
2.290592908859253
-0.8333333134651184
1.0
5.0
3.2317545413970947
-2.2938039302825928
-2.433333396911621
1.0
5.0
3.22995924949646
-0.4454486668109894
-4.0333333015441895
1.0
5.0
3.2325050830841064
0.06600295007228851
-6.0333333015441895
2.0
5.0
3.2331180572509766
-2.817704916000366
-4.699999809265137
1.0
5.0
3.22778058052063
-0.7475302815437317
-6.0333333015441895
2.0
5.0
3.236999273300171
-0.7009605169296265
-6.0333333015441895
2.0
5.0
3.4311904907226562
-2.4698545932769775
-3.5
2.0
6.0
3.4318435192108154
1.8521003723144531
-7.366666793823242
2.0
6.0
3.420241594314575
2.9239563941955566
-4.699999809265137
2.0
6.0
3.419620990753174
-0.5985527634620667
-7.366666793823242
1.0
6.0
3.423449993133545
-1.0299925804138184
2.433333396911621
1.0
6.0
