435
0.8649137616157532
0.19095619022846222
-1.444087266921997
2.0
0.0
0.8288600444793701
0.888289749622345
1.6347533464431763
6.0
0.0
0.8192176818847656
1.5574325323104858
0.7423273324966431
6.0
0.0
0.8193855881690979
1.5432168245315552
3.288881301879883
12.0
0.0
0.8768025040626526
1.7238348722457886
-1.3167308568954468
3.0
0.0
0.8381261229515076
1.8754018545150757
0.4069232940673828
6.0
0.0
0.8410690426826477
2.3833811283111572
-1.0001267194747925
4.0
0.0
0.819724440574646
2.5760254859924316
-0.16683043539524078
3.0
0.0
0.8355356454849243
2.937448740005493
-1.0548704862594604
3.0
0.0
0.8856583833694458
2.74566650390625
2.3472347259521484
4.0
0.0
0.8537113070487976
2.850215196609497
2.421309232711792
2.0
0.0
0.8863980770111084
-1.9687482118606567
-1.2212135791778564
3.0
0.0
0.8773359656333923
-1.419348120689392
-1.277744174003601
3.0
0.0
0.8199998140335083
-1.097537875175476
2.3324522972106934
3.0
0.0
0.824753999710083
-1.1694117784500122
2.4349546432495117
4.0
0.0
0.8192065358161926
-0.011176388710737228
-1.4796626567840576
4.0
0.0
0.8866835236549377
-0.3987300992012024
-0.38109466433525085
4.0
0.0
0.8198416829109192
0.03364667296409607
3.177769422531128
12.0
0.0
1.1168824434280396
0.18741680681705475
-1.5665266513824463
4.0
1.0
1.1536450386047363
0.8844736218452454
2.678415060043335
6.0
1.0
1.0717010498046875
1.5578919649124146
1.285996437072754
5.0
1.0
1.132137417793274
1.7182178497314453
-1.4021766185760498
2.0
1.0
1.0838693380355835
1.8766937255859375
0.8271233439445496
6.0
1.0
1.1873645782470703
2.391969919204712
-0.9898926615715027
2.0
1.0
1.1067839860916138
2.573841094970703
0.1327170878648758
3.0
1.0
1.0782909393310547
2.6914803981781006
2.3496713638305664
2.0
1.0
1.0682015419006348
2.7692716121673584
2.4191975593566895
3.0
1.0
1.115314245223999
2.940777540206909
-1.0652668476104736
3.0
1.0
1.070609450340271
-1.9671708345413208
-1.2623120546340942
4.0
1.0
1.1289728879928589
-1.4155380725860596
-1.3510066270828247
2.0
1.0
1.1224273443222046
-1.0059001445770264
2.3292033672332764
2.0
1.0
1.1409660577774048
-1.051478385925293
2.437716245651245
3.0
1.0
1.071204662322998
-0.4015040397644043
-0.24870243668556213
3.0
1.0
1.072318434715271
-0.017801910638809204
-1.620620608329773
2.0
1.0
1.3764201402664185
0.18337218463420868
-1.6937206983566284
2.0
2.0
1.3525097370147705
0.8817833662033081
3.3181214332580566
8.0
2.0
1.3402680158615112
1.5585062503814697
1.8633127212524414
6.0
2.0
1.394484043121338
1.7121647596359253
-1.489409327507019
4.0
2.0
1.3391345739364624
1.8779486417770386
1.2632865905761719
4.0
2.0
1.3930730819702148
2.029374837875366
1.810680627822876
2.0
2.0
1.4474014043807983
1.9303593635559082
1.8714349269866943
3.0
2.0
1.4053255319595337
2.003943920135498
2.051910638809204
4.0
2.0
1.3711047172546387
2.3963046073913574
-0.9840446710586548
2.0
2.0
1.4391610622406006
2.571765422821045
0.47969841957092285
3.0
2.0
1.4031709432601929
2.6365702152252197
2.3529202938079834
3.0
2.0
1.374578595161438
2.7013447284698486
2.4174106121063232
2.0
2.0
1.4065393209457397
2.9440231323242188
-1.0756633281707764
2.0
2.0
1.358397364616394
-1.9651126861572266
-1.3264775276184082
3.0
2.0
1.386481761932373
-1.4116487503051758
-1.4260560274124146
4.0
2.0
1.3432908058166504
-0.9680448174476624
2.326604127883911
3.0
2.0
1.3534184694290161
-1.0063018798828125
2.4396655559539795
3.0
2.0
1.3624392747879028
-0.4066983759403229
-0.04093599319458008
2.0
2.0
1.3431872129440308
-0.025129105895757675
-1.7721813917160034
2.0
2.0
2.398540496826172
-0.05585465580224991
-2.433333396911621
1.0
3.0
2.4119718074798584
1.690194010734558
-1.899999976158142
1.0
3.0
2.417634963989258
-1.9568443298339844
-1.3666666746139526
1.0
3.0
2.394914388656616
1.5610255002975464
4.0333333015441895
2.0
3.0
2.3981175422668457
2.5653867721557617
1.3666666746139526
1.0
3.0
2.397001028060913
2.5751354694366455
2.433333396911621
1.0
3.0
2.394805669784546
2.6158225536346436
2.433333396911621
2.0
3.0
2.416752338409424
-0.9123108983039856
2.433333396911621
2.0
3.0
2.4059536457061768
-0.4272717833518982
0.8333333134651184
2.0
3.0
2.587947368621826
0.16621145606040955
-2.433333396911621
2.0
4.0
2.581756114959717
2.4222052097320557
-0.8333333134651184
1.0
4.0
2.5839006900787354
2.957350730895996
-1.3666666746139526
2.0
4.0
2.5954298973083496
-1.9546122550964355
-1.3666666746139526
1.0
4.0
2.5858190059661865
-1.3955767154693604
-1.899999976158142
2.0
4.0
2.579610824584961
1.8845261335372925
3.5
1.0
4.0
2.5951147079467773
-0.9064202308654785
2.433333396911621
1.0
4.0
2.5909721851348877
-0.8924737572669983
2.433333396911621
1.0
4.0
2.5848336219787598
0.8674684762954712
7.366666793823242
1.0
4.0
3.2361388206481934
-0.08123540878295898
-2.9666666984558105
2.0
5.0
3.242192268371582
1.672414779663086
-1.899999976158142
1.0
5.0
3.2355151176452637
2.4350271224975586
-0.8333333134651184
2.0
5.0
3.22578763961792
-1.9493898153305054
-1.899999976158142
1.0
5.0
3.2417988777160645
-0.8858198523521423
2.433333396911621
2.0
5.0
3.229492425918579
-0.44263479113578796
1.3666666746139526
2.0
5.0
3.2255611419677734
1.563138723373413
6.0333333015441895
1.0
5.0
3.234712839126587
1.8878679275512695
4.699999809265137
2.0
5.0
3.4224014282226562
0.15493401885032654
-2.433333396911621
1.0
6.0
3.42026948928833
2.966909885406494
-1.3666666746139526
1.0
6.0
3.419646739959717
-1.3847111463546753
-1.899999976158142
1.0
6.0
3.419555902481079
2.559767246246338
2.433333396911621
1.0
6.0
3.419646739959717
2.5628085136413574
2.433333396911621
1.0
6.0
3.4225099086761475
2.5947184562683105
2.433333396911621
1.0
6.0
3.433908224105835
-0.8900033235549927
2.433333396911621
2.0
6.0
3.435497760772705
-0.885104775428772
2.433333396911621
1.0
6.0
