490
0.8191969394683838
0.5192583203315735
2.5654349327087402
8.0
0.0
0.8192011117935181
1.5683698654174805
1.3003239631652832
6.0
0.0
0.819215714931488
1.5717291831970215
1.30693781375885
7.0
0.0
0.8531252145767212
1.8053691387176514
1.839270830154419
3.0
0.0
0.8957962393760681
1.6717902421951294
2.3236801624298096
3.0
0.0
0.8408665060997009
1.8608202934265137
2.562267303466797
4.0
0.0
0.8518536686897278
1.8105486631393433
3.3282053470611572
13.0
0.0
0.8257274627685547
2.486079454421997
-3.23673677444458
6.0
0.0
0.9102678894996643
2.6843998432159424
-3.3846423625946045
4.0
0.0
0.8733375072479248
2.781576633453369
-2.3889827728271484
3.0
0.0
0.8355944752693176
2.937098264694214
-2.230112314224243
3.0
0.0
0.8213136196136475
3.063711643218994
-0.3525369465351105
5.0
0.0
0.8874569535255432
-2.4952239990234375
-3.200430393218994
4.0
0.0
0.8296719789505005
-1.735930323600769
-2.756713390350342
4.0
0.0
0.8511284589767456
-1.8516390323638916
1.1753578186035156
7.0
0.0
0.8643405437469482
-1.3778765201568604
-1.3027607202529907
2.0
0.0
0.8501629829406738
-1.323982834815979
0.252229779958725
7.0
0.0
0.8265979290008545
-0.6635787487030029
-2.441777229309082
2.0
0.0
0.8423381447792053
-0.764600396156311
-2.1739065647125244
3.0
0.0
0.8907653093338013
-0.9332485795021057
-0.42056867480278015
4.0
0.0
0.883293628692627
-0.912956953048706
0.01023399829864502
6.0
0.0
0.879361629486084
-0.9017114639282227
0.2936670482158661
5.0
0.0
0.8655626773834229
-0.3348486125469208
-2.9755260944366455
4.0
0.0
0.838031530380249
-0.2184707373380661
-1.9671146869659424
2.0
0.0
0.8446942567825317
-0.2523837983608246
-1.75229811668396
10.0
0.0
1.1422594785690308
0.5163900852203369
4.281698226928711
9.0
1.0
1.0700573921203613
1.5721169710159302
2.2600018978118896
10.0
1.0
1.1376911401748657
2.490358352661133
-3.7828636169433594
5.0
1.0
1.079896330833435
2.6824686527252197
-3.6813032627105713
6.0
1.0
1.1830995082855225
2.7920258045196533
-2.600604295730591
3.0
1.0
1.1174253225326538
2.934781551361084
-2.3750126361846924
2.0
1.0
1.0817631483078003
3.065286636352539
0.11140439659357071
5.0
1.0
1.0973522663116455
-2.499169111251831
-3.5302300453186035
6.0
1.0
1.1040527820587158
-1.7370009422302246
-3.072505235671997
2.0
1.0
1.146493673324585
-1.8491932153701782
2.211052179336548
9.0
1.0
1.112504482269287
-1.3707114458084106
-1.1599719524383545
2.0
1.0
1.0982259511947632
-1.3242380619049072
0.8514900207519531
6.0
1.0
1.067893147468567
-0.7613964080810547
-2.2720229625701904
3.0
1.0
1.099132776260376
-0.9347792267799377
-0.09912359714508057
5.0
1.0
1.092342734336853
-0.9092717170715332
0.43713799118995667
6.0
1.0
1.0898158550262451
-0.8989343643188477
0.7937897443771362
5.0
1.0
1.1412885189056396
-0.659511923789978
-2.683450937271118
3.0
1.0
1.1767910718917847
-0.33837535977363586
-3.395282506942749
3.0
1.0
1.0791558027267456
-0.06233198568224907
-2.685075283050537
10.0
1.0
1.1209701299667358
-0.21658466756343842
-2.021533489227295
3.0
1.0
1.3372411727905273
1.5730559825897217
3.2747485637664795
10.0
2.0
1.3418123722076416
2.4940638542175293
-4.140371322631836
5.0
2.0
1.3832995891571045
2.679837703704834
-4.212009429931641
4.0
2.0
1.3440768718719482
2.798583984375
-2.7117161750793457
3.0
2.0
1.4125721454620361
2.932389974594116
-2.526204824447632
1.0
2.0
1.3565739393234253
3.0672671794891357
0.6017804145812988
5.0
2.0
1.3358341455459595
-2.503715753555298
-3.904989242553711
4.0
2.0
1.3923723697662354
-1.7390087842941284
-3.4048666954040527
2.0
2.0
1.452229380607605
-1.846976399421692
3.283358335494995
6.0
2.0
1.36744225025177
-1.36359703540802
-1.0145841836929321
3.0
2.0
1.3547419309616089
-1.324932336807251
1.4711343050003052
4.0
2.0
1.3366055488586426
-0.9369688034057617
0.26735106110572815
5.0
2.0
1.3441298007965088
-0.6573866605758667
-2.839560031890869
2.0
2.0
1.3757208585739136
-0.7573320865631104
-2.4055521488189697
3.0
2.0
1.4521061182022095
-0.9043111801147461
1.1721552610397339
6.0
2.0
1.4459264278411865
-0.8947708606719971
1.6399190425872803
5.0
2.0
1.3434208631515503
-0.3402736485004425
-3.6194119453430176
4.0
2.0
1.335896611213684
0.009226290509104729
-3.4865763187408447
6.0
2.0
1.4155800342559814
-0.21483378112316132
-2.0782265663146973
4.0
2.0
2.4132328033447266
-0.6472753286361694
-3.5
1.0
3.0
2.4085934162139893
2.5109219551086426
-6.0333333015441895
2.0
3.0
2.3983967304229736
2.6727662086486816
-6.0333333015441895
1.0
3.0
2.40533709526062
-2.5243566036224365
-5.366666793823242
1.0
3.0
2.400132179260254
3.0749218463897705
2.433333396911621
1.0
3.0
2.406331777572632
-0.9492573738098145
1.899999976158142
1.0
3.0
2.3948793411254883
1.5789388418197632
7.366666793823242
1.0
3.0
2.577125310897827
2.8520455360412598
-3.5
1.0
4.0
2.5787301063537598
2.924675464630127
-2.9666666984558105
1.0
4.0
2.5767974853515625
-1.3317015171051025
-0.30000001192092896
1.0
4.0
2.5781795978546143
-0.7455533146858215
-2.9666666984558105
1.0
4.0
2.579747200012207
-0.20886249840259552
-2.433333396911621
1.0
4.0
2.5848336219787598
-1.7505254745483398
-4.699999809265137
1.0
4.0
2.5892205238342285
-0.36238524317741394
-5.366666793823242
2.0
4.0
2.5915329456329346
-0.8944687843322754
3.5
1.0
4.0
2.576228141784668
-1.8411742448806763
7.366666793823242
1.0
4.0
3.2288694381713867
-0.7394835948944092
-2.9666666984558105
2.0
5.0
3.236457586288452
2.666457176208496
-7.366666793823242
1.0
5.0
3.2259509563446045
-0.37536999583244324
-6.0333333015441895
1.0
5.0
3.2314345836639404
3.080808162689209
4.0333333015441895
1.0
5.0
3.2424569129943848
-0.8878144025802612
4.699999809265137
1.0
5.0
3.2394158840179443
-0.8782333731651306
6.0333333015441895
1.0
5.0
3.424875259399414
2.889036178588867
-4.0333333015441895
2.0
6.0
3.4206430912017822
2.9190170764923096
-3.5
1.0
6.0
3.419555902481079
-0.20357276499271393
-2.433333396911621
1.0
6.0
3.4194788932800293
-2.5498828887939453
-7.366666793823242
1.0
6.0
3.4222421646118164
-2.592820882797241
-6.699999809265137
4.0
6.0
3.4197356700897217
-2.539998769760132
-6.699999809265137
3.0
6.0
3.423835039138794
-0.6395690441131592
-4.699999809265137
1.0
6.0
3.426769495010376
-1.3091493844985962
0.30000001192092896
2.0
6.0
3.4194867610931396
-0.978326141834259
3.5
1.0
6.0
3.420109272003174
-0.9623611569404602
3.5
1.0
6.0
3.421603202819824
-1.3391051292419434
6.699999809265137
1.0
6.0
3.4351236820220947
-0.8862348198890686
5.366666793823242
2.0
6.0
