285
0.8794919848442078
1.7159028053283691
0.46686530113220215
2.0
0.0
0.8350397944450378
1.8932318687438965
0.7350173592567444
4.0
0.0
0.8196761012077332
2.1225805282592773
3.8547940254211426
10.0
0.0
0.8620345592498779
2.2953600883483887
0.22433574497699738
3.0
0.0
0.8400653600692749
-2.847412347793579
0.08284666389226913
4.0
0.0
0.819561243057251
-2.5941789150238037
1.2165026664733887
4.0
0.0
0.8328598737716675
-2.2818377017974854
-3.7597639560699463
12.0
0.0
0.8640908002853394
-2.4242141246795654
-2.8137314319610596
8.0
0.0
0.9119346141815186
-2.5553457736968994
0.8948626518249512
2.0
0.0
0.8218719959259033
-1.6575698852539062
-3.2167017459869385
9.0
0.0
0.8929794430732727
-1.9862134456634521
0.28021660447120667
2.0
0.0
0.8836291432380676
-1.4374961853027344
-0.3684239983558655
4.0
0.0
1.1324423551559448
1.7174737453460693
0.4736879765987396
4.0
1.0
1.0797467231750488
1.8978886604309082
0.8188386559486389
4.0
1.0
1.0784571170806885
2.2978241443634033
0.16942954063415527
3.0
1.0
1.0867364406585693
-2.8490586280822754
-0.022417346015572548
2.0
1.0
1.0798776149749756
-2.4225170612335205
-3.6257474422454834
8.0
1.0
1.1152697801589966
-2.5568816661834717
0.995253324508667
4.0
1.0
1.0733095407485962
-1.9887570142745972
0.2475653439760208
4.0
1.0
1.0852352380752563
-1.6640859842300415
-4.392809867858887
10.0
1.0
1.0703270435333252
-1.179247498512268
-4.088129043579102
15.0
1.0
1.1364641189575195
-1.4337550401687622
-0.5990513563156128
2.0
1.0
1.1280815601348877
-1.0205919742584229
-4.442030429840088
8.0
1.0
1.4419397115707397
0.6823357939720154
4.4376444816589355
2.0
2.0
1.3914432525634766
1.7187824249267578
0.48067307472229004
3.0
2.0
1.3341466188430786
1.9038249254226685
0.9060713648796082
2.0
2.0
1.4141496419906616
2.301104784011841
0.08430866152048111
1.0
2.0
1.3426214456558228
-2.8501524925231934
-0.1317424327135086
3.0
2.0
1.3483965396881104
-2.5591282844543457
1.1110762357711792
3.0
2.0
1.353481650352478
-2.5773138999938965
1.7232855558395386
3.0
2.0
1.4274719953536987
-2.121065139770508
-1.5625905990600586
13.0
2.0
1.3678213357925415
-1.9929717779159546
0.19477088749408722
3.0
2.0
1.3947678804397583
-1.430037260055542
-0.834433376789093
4.0
2.0
2.41166353225708
-1.4524691104888916
-4.699999809265137
1.0
3.0
2.3977200984954834
-2.5686352252960205
1.3666666746139526
1.0
3.0
2.400940179824829
-2.5464608669281006
2.9666666984558105
2.0
3.0
2.3991434574127197
0.4634159803390503
4.699999809265137
3.0
3.0
2.4003069400787354
-3.073841094970703
6.0333333015441895
3.0
3.0
2.5787301063537598
2.311312437057495
-0.30000001192092896
1.0
4.0
2.5767974853515625
-2.857088804244995
-0.8333333134651184
1.0
4.0
2.589881420135498
-1.412079930305481
-1.899999976158142
1.0
4.0
2.5912513732910156
1.7245224714279175
0.30000001192092896
1.0
4.0
2.5881969928741455
1.9291836023330688
1.3666666746139526
2.0
4.0
2.588322639465332
-2.453282356262207
1.3666666746139526
1.0
4.0
2.588575839996338
-2.45428204536438
1.899999976158142
3.0
4.0
2.588322639465332
0.3588871955871582
6.0333333015441895
1.0
4.0
3.227930784225464
2.3171193599700928
-0.30000001192092896
1.0
5.0
3.230670928955078
-2.020263433456421
-0.30000001192092896
1.0
5.0
3.2263176441192627
1.940526008605957
1.3666666746139526
1.0
5.0
3.225928783416748
0.3757729232311249
4.699999809265137
2.0
5.0
3.2372195720672607
0.30746111273765564
6.0333333015441895
2.0
5.0
3.430976629257202
-2.863308906555176
-0.8333333134651184
2.0
6.0
3.4205758571624756
-1.3999130725860596
-2.433333396911621
1.0
6.0
3.4219865798950195
1.728766918182373
0.30000001192092896
1.0
6.0
3.4205758571624756
-2.578010320663452
1.899999976158142
1.0
6.0
3.421743392944336
-2.5160632133483887
3.5
6.0
6.0
3.422790288925171
-2.9893150329589844
6.0333333015441895
2.0
6.0
