395
0.8423381447792053
0.282597154378891
1.8490175008773804
9.0
0.0
0.894862174987793
0.6269580721855164
-0.035819005221128464
4.0
0.0
0.8562019467353821
0.7460651397705078
2.2586095333099365
7.0
0.0
0.8298143744468689
1.404596209526062
-3.336639881134033
4.0
0.0
0.8243964314460754
1.4523605108261108
-2.539362668991089
2.0
0.0
0.8774429559707642
1.198327898979187
-1.287815809249878
3.0
0.0
0.8248060345649719
1.9716414213180542
-1.4133853912353516
2.0
0.0
0.8764303922653198
-2.9874398708343506
-2.5603179931640625
2.0
0.0
0.8291117548942566
-2.778859853744507
-2.3433361053466797
4.0
0.0
0.8193855881690979
-2.121974468231201
-0.2841153144836426
6.0
0.0
0.8579632043838501
-1.8786091804504395
-2.4102954864501953
5.0
0.0
0.8194620609283447
-1.551353096961975
-1.5660393238067627
2.0
0.0
0.8193288445472717
-1.0352247953414917
-2.5742883682250977
3.0
0.0
0.8233793377876282
-1.1540988683700562
-2.2898917198181152
3.0
0.0
0.8281678557395935
-1.2005805969238281
-2.086998701095581
4.0
0.0
0.8245993256568909
-0.6441940665245056
-1.6664299964904785
1.0
0.0
0.8197271227836609
-0.042059462517499924
-3.3312792778015137
4.0
0.0
1.0931934118270874
0.265458881855011
2.9078562259674072
7.0
1.0
1.0995794534683228
0.6344385147094727
0.3618937134742737
5.0
1.0
1.0750881433486938
0.7477731108665466
3.2896344661712646
11.0
1.0
1.068913221359253
1.1906774044036865
-1.1804399490356445
2.0
1.0
1.1681609153747559
1.248382329940796
-3.6020305156707764
3.0
1.0
1.0905189514160156
1.454330325126648
-2.7844913005828857
4.0
1.0
1.069362998008728
1.9714854955673218
-1.304710030555725
2.0
1.0
1.1298699378967285
-2.9885780811309814
-2.7869279384613037
2.0
1.0
1.1002544164657593
-2.1168205738067627
0.22836440801620483
5.0
1.0
1.1415576934814453
-1.8382192850112915
-2.631956100463867
4.0
1.0
1.0682746171951294
-1.551254391670227
-1.5009428262710571
3.0
1.0
1.0687161684036255
-1.5561285018920898
-1.4933079481124878
4.0
1.0
1.0731964111328125
-1.2025307416915894
-2.1771552562713623
2.0
1.0
1.135838508605957
-1.0395779609680176
-2.879521369934082
4.0
1.0
1.1364641189575195
-0.6483568549156189
-1.6250066757202148
4.0
1.0
1.0754072666168213
-0.03972531110048294
-3.8099594116210938
3.0
1.0
1.353072166442871
0.2515218257904053
4.014639377593994
10.0
2.0
1.3348556756973267
0.6431945562362671
0.8154273629188538
6.0
2.0
1.3524538278579712
1.1961370706558228
-3.7421226501464844
5.0
2.0
1.3572522401809692
1.180122971534729
-1.0162086486816406
1.0
2.0
1.3700498342514038
1.456666111946106
-3.042290687561035
2.0
2.0
1.4220032691955566
1.9726026058197021
-1.148113489151001
3.0
2.0
1.3899871110916138
-2.9903790950775146
-3.019580841064453
5.0
2.0
1.3369799852371216
-2.823847770690918
-2.6943347454071045
4.0
2.0
1.4221402406692505
-2.1117119789123535
0.815427303314209
4.0
2.0
1.4210737943649292
-1.7956466674804688
-2.8488192558288574
6.0
2.0
1.334243893623352
-1.5524818897247314
-1.4320664405822754
3.0
2.0
1.3651632070541382
-1.0429826974868774
-3.101745367050171
4.0
2.0
1.4044204950332642
-1.1358470916748047
-2.6460886001586914
2.0
2.0
1.443369746208191
-1.2048977613449097
-2.312633991241455
2.0
2.0
1.3426469564437866
-0.6511473655700684
-1.5972286462783813
2.0
2.0
1.3459532260894775
-0.0364387147128582
-4.31678581237793
4.0
2.0
2.406845808029175
1.1472878456115723
-0.30000001192092896
1.0
3.0
2.407238721847534
1.4690940380096436
-4.0333333015441895
2.0
3.0
2.41166353225708
1.9760679006576538
-0.8333333134651184
1.0
3.0
2.404271364212036
-1.6595884561538696
-3.5
2.0
3.0
2.394901990890503
-1.561568260192871
-1.3666666746139526
1.0
3.0
2.3950204849243164
-1.0607677698135376
-4.0333333015441895
1.0
3.0
2.3991434574127197
-1.1073803901672363
-3.5
1.0
3.0
2.395393133163452
-0.02225288189947605
-6.0333333015441895
1.0
3.0
2.394850730895996
1.0406835079193115
-4.699999809265137
2.0
3.0
2.394808769226074
-2.097109317779541
2.433333396911621
1.0
3.0
2.5951147079467773
-3.0008153915405273
-4.0333333015441895
1.0
4.0
2.5783379077911377
-2.921149492263794
-3.5
2.0
4.0
2.586975574493408
-1.2174108028411865
-2.9666666984558105
2.0
4.0
2.594801902770996
-0.665370762348175
-1.3666666746139526
1.0
4.0
2.5834052562713623
0.7103492021560669
2.9666666984558105
1.0
4.0
2.5834052562713623
0.7103492021560669
3.5
1.0
4.0
3.225865125656128
1.979212760925293
-0.30000001192092896
1.0
5.0
3.2254669666290283
-1.5703933238983154
-0.8333333134651184
1.0
5.0
3.2397797107696533
-1.0840634107589722
-3.5
2.0
5.0
3.228989839553833
-1.2248162031173706
-2.9666666984558105
2.0
5.0
3.239175796508789
1.4787603616714478
-4.699999809265137
1.0
5.0
3.241929531097412
-1.077276587486267
-4.699999809265137
1.0
5.0
3.2307448387145996
1.1209275722503662
0.30000001192092896
2.0
5.0
3.2280852794647217
0.7451156973838806
4.699999809265137
2.0
5.0
3.423023223876953
-2.990832567214966
-4.0333333015441895
2.0
6.0
3.4352478981018066
-1.0776373147964478
-4.0333333015441895
1.0
6.0
3.4321765899658203
-0.6751353144645691
-1.3666666746139526
1.0
6.0
3.42018723487854
0.9612210988998413
-5.366666793823242
2.0
6.0
3.426187753677368
-3.007890224456787
-4.699999809265137
1.0
6.0
3.4296348094940186
-2.082821846008301
4.699999809265137
1.0
6.0
