325
0.8194087743759155
2.065540313720703
1.793461561203003
3.0
0.0
0.8193880915641785
2.1100122928619385
2.768409252166748
2.0
0.0
0.8303202390670776
2.4480652809143066
-0.26315999031066895
4.0
0.0
0.8919129967689514
2.2053415775299072
1.5996652841567993
4.0
0.0
0.8246334791183472
2.4970388412475586
2.827051877975464
3.0
0.0
0.8292365074157715
2.456167221069336
3.9306230545043945
5.0
0.0
0.8916179537773132
-2.5062782764434814
1.5117828845977783
3.0
0.0
0.8198777437210083
-2.0596563816070557
1.932513952255249
2.0
0.0
0.911737859249115
-2.5549044609069824
2.958956718444824
2.0
0.0
0.8824583292007446
-1.4342015981674194
-1.0829733610153198
6.0
0.0
0.9036993384361267
-0.9655478000640869
2.9664292335510254
3.0
0.0
0.8830146789550781
-0.3885739743709564
1.8006091117858887
3.0
0.0
0.8560160398483276
-0.30041709542274475
3.346386671066284
2.0
0.0
1.0681051015853882
2.3776872158050537
-0.6455104947090149
3.0
1.0
1.1008747816085815
2.200716495513916
1.4359650611877441
3.0
1.0
1.1642365455627441
2.041309118270874
1.5759809017181396
5.0
1.0
1.1339253187179565
2.1065821647644043
2.944986343383789
3.0
1.0
1.130170226097107
2.5084621906280518
3.0215790271759033
4.0
1.0
1.0987775325775146
-2.5043118000030518
1.327614665031433
2.0
1.0
1.115492343902588
-2.557520627975464
3.1064562797546387
3.0
1.0
1.0868563652038574
-2.0641989707946777
1.8129549026489258
3.0
1.0
1.1105992794036865
-1.3649979829788208
-1.2577310800552368
5.0
1.0
1.1080577373504639
-0.9644694924354553
3.1168527603149414
2.0
1.0
1.0691968202590942
-0.38304033875465393
1.6951826810836792
4.0
1.0
1.1553195714950562
-0.2970830202102661
3.7110307216644287
4.0
1.0
1.3383090496063232
2.1960761547088623
1.2496412992477417
4.0
2.0
1.3947678804397583
2.025714635848999
1.4250812530517578
4.0
2.0
1.3630131483078003
2.1048736572265625
3.0736424922943115
3.0
2.0
1.4050534963607788
2.31864333152771
-1.1797577142715454
5.0
2.0
1.3369799852371216
2.516859531402588
3.15340256690979
4.0
2.0
1.3354628086090088
-2.501722574234009
1.11708664894104
4.0
2.0
1.3486285209655762
-2.559997320175171
3.275235891342163
2.0
2.0
1.3999637365341187
-2.069282293319702
1.6717907190322876
4.0
2.0
1.4091455936431885
-2.0876080989837646
1.677451252937317
13.0
2.0
1.3526966571807861
-1.317979335784912
-1.440675973892212
4.0
2.0
1.3421642780303955
-0.9632237553596497
3.289043664932251
3.0
2.0
1.3525097370147705
-0.3748537003993988
1.534850001335144
2.0
2.0
1.3340595960617065
-0.29479047656059265
3.9288687705993652
4.0
2.0
2.4025163650512695
2.1745636463165283
0.30000001192092896
2.0
3.0
2.3948004245758057
2.094938039779663
3.5
1.0
3.0
2.400484323501587
2.549161672592163
4.0333333015441895
1.0
3.0
2.4147040843963623
-2.489509105682373
0.30000001192092896
2.0
3.0
2.397347927093506
-2.571884870529175
4.0333333015441895
1.0
3.0
2.402620792388916
-1.6515041589736938
2.9666666984558105
3.0
3.0
2.404503345489502
-0.9573283791542053
4.0333333015441895
2.0
3.0
2.597374677658081
2.2282166481018066
-2.9666666984558105
1.0
4.0
2.583700656890869
-1.2324427366256714
-2.433333396911621
2.0
4.0
2.5866217613220215
1.922680377960205
0.8333333134651184
1.0
4.0
2.5896151065826416
-1.7305114269256592
1.3666666746139526
3.0
4.0
2.5844125747680664
-0.3418644070625305
0.8333333134651184
1.0
4.0
2.582646369934082
2.4272279739379883
7.366666793823242
1.0
4.0
2.576632261276245
-0.28147751092910767
5.366666793823242
1.0
4.0
3.2284088134765625
-1.2207937240600586
-2.9666666984558105
2.0
5.0
3.2388198375701904
-1.6616332530975342
0.8333333134651184
2.0
5.0
3.2362444400787354
-1.4891605377197266
4.0333333015441895
3.0
5.0
3.2335715293884277
-0.3218822181224823
0.30000001192092896
2.0
5.0
3.419522285461426
2.154142379760742
-0.30000001192092896
1.0
6.0
3.429238796234131
-2.4770328998565674
-0.8333333134651184
1.0
6.0
3.4254751205444336
1.8263839483261108
0.30000001192092896
2.0
6.0
3.4296348094940186
2.082821846008301
4.0333333015441895
1.0
6.0
3.431406259536743
-1.4578913450241089
4.0333333015441895
2.0
6.0
3.4206430912017822
2.578770160675049
4.699999809265137
1.0
6.0
3.420856475830078
-2.5810494422912598
4.699999809265137
1.0
6.0
3.421008586883545
-0.9517228007316589
4.699999809265137
1.0
6.0
3.4298360347747803
-0.27412843704223633
6.699999809265137
1.0
6.0
