355
0.8215717673301697
0.4414753019809723
1.4489606618881226
6.0
0.0
0.8613305687904358
0.7270681858062744
-0.22505053877830505
5.0
0.0
0.8455309271812439
2.3617048263549805
-2.508542060852051
2.0
0.0
0.828769326210022
-2.7761893272399902
-1.7541500329971313
5.0
0.0
0.819220781326294
-2.616227626800537
-1.2182896137237549
3.0
0.0
0.819561243057251
-2.5941789150238037
-0.516692042350769
4.0
0.0
0.8806380033493042
-2.999803066253662
-0.23830600082874298
2.0
0.0
0.8924453854560852
-2.5084307193756104
-1.2910646200180054
3.0
0.0
0.912065863609314
-2.032041311264038
-1.227386474609375
3.0
0.0
0.8646267652511597
-1.902457356452942
-1.07615065574646
4.0
0.0
0.8233944177627563
-1.6778781414031982
-0.5123060345649719
2.0
0.0
0.8471439480781555
-1.834429383277893
-0.08203445374965668
3.0
0.0
0.9129869341850281
-1.510499119758606
-0.9619522094726562
3.0
0.0
0.8207046985626221
-1.113898754119873
0.10802555084228516
3.0
0.0
1.0782909393310547
0.7279849648475647
-0.19542066752910614
2.0
1.0
1.1758068799972534
0.4488038420677185
2.22467041015625
4.0
1.0
1.0691968202590942
2.3658533096313477
-3.0807900428771973
6.0
1.0
1.0730561017990112
-2.772291660308838
-2.1683833599090576
4.0
1.0
1.1349048614501953
-3.0008533000946045
-0.20662933588027954
4.0
1.0
1.1390230655670166
-2.617821455001831
-1.5580470561981201
5.0
1.0
1.128675103187561
-2.5928866863250732
-0.5824819803237915
1.0
1.0
1.0802228450775146
-2.0316920280456543
-1.3898308277130127
3.0
1.0
1.1745740175247192
-1.9051457643508911
-1.3412599563598633
4.0
1.0
1.0882889032363892
-1.6778175830841064
-0.5668873190879822
2.0
1.0
1.1434537172317505
-1.8424824476242065
0.012508207000792027
3.0
1.0
1.1747633218765259
-1.5127923488616943
-1.1395039558410645
2.0
1.0
1.180661678314209
-1.1306852102279663
0.30477824807167053
5.0
1.0
1.3957079648971558
0.45290908217430115
2.705933094024658
5.0
2.0
1.4146252870559692
0.7294196486473083
-0.14961135387420654
2.0
2.0
1.3813495635986328
2.370330572128296
-3.8776986598968506
4.0
2.0
1.3950047492980957
-3.0013411045074463
-0.17365311086177826
3.0
2.0
1.4373090267181396
-2.7659242153167725
-2.7876102924346924
5.0
2.0
1.366951823234558
-2.6188602447509766
-1.800446629524231
4.0
2.0
1.338173508644104
-2.515650987625122
-1.7624346017837524
4.0
2.0
1.3577553033828735
-2.5913963317871094
-0.6312153935432434
2.0
2.0
1.3825160264968872
-2.0306921005249023
-1.6810499429702759
2.0
2.0
1.3424557447433472
-1.9069623947143555
-1.4850232601165771
4.0
2.0
1.367897391319275
-1.6790236234664917
-0.6247175931930542
3.0
2.0
1.4554506540298462
-1.8518363237380981
0.1130613312125206
4.0
2.0
1.4405171871185303
-1.5144965648651123
-1.3193299770355225
2.0
2.0
1.406387209892273
-1.1397477388381958
0.42812228202819824
4.0
2.0
2.3948285579681396
-2.6228795051574707
-2.9666666984558105
1.0
3.0
2.404156446456909
-2.529740333557129
-2.9666666984558105
1.0
3.0
2.3960700035095215
-2.585434913635254
-0.8333333134651184
2.0
3.0
2.400574207305908
-2.0250227451324463
-2.433333396911621
2.0
3.0
2.39778470993042
-1.5208961963653564
-1.899999976158142
2.0
3.0
2.40763783454895
-1.4674824476242065
-1.899999976158142
3.0
3.0
2.410904884338379
-1.6864463090896606
-0.8333333134651184
2.0
3.0
2.4155454635620117
-2.749147415161133
-4.699999809265137
1.0
3.0
2.4145376682281494
-1.1751484870910645
0.8333333134651184
1.0
3.0
2.3981175422668457
0.4709916114807129
4.699999809265137
1.0
3.0
2.581171989440918
1.3714898824691772
-2.9666666984558105
6.0
4.0
2.5867390632629395
-1.9231809377670288
-2.433333396911621
2.0
4.0
2.5781795978546143
1.3488417863845825
-6.0333333015441895
3.0
4.0
2.595588445663452
1.4315105676651
-6.0333333015441895
8.0
4.0
2.5771617889404297
2.384446382522583
-6.699999809265137
2.0
4.0
2.581418514251709
-1.8965964317321777
0.30000001192092896
1.0
4.0
3.2308194637298584
-2.021066904067993
-3.5
1.0
5.0
3.2268624305725098
-1.934081792831421
-2.9666666984558105
1.0
5.0
3.2288100719451904
-1.525283932685852
-2.433333396911621
1.0
5.0
3.22590708732605
-2.732370376586914
-6.0333333015441895
1.0
5.0
3.229557514190674
0.7350603938102722
0.30000001192092896
1.0
5.0
3.2288694381713867
-1.9175808429718018
0.8333333134651184
2.0
5.0
3.22590708732605
-1.1946204900741577
1.3666666746139526
1.0
5.0
3.238938093185425
0.48393571376800537
6.699999809265137
1.0
5.0
3.4225099086761475
1.4166213274002075
-2.433333396911621
3.0
6.0
3.428658962249756
-2.625786781311035
-4.0333333015441895
1.0
6.0
3.419646739959717
-2.5422797203063965
-4.0333333015441895
1.0
6.0
3.4205758571624756
-2.578010320663452
-0.8333333134651184
1.0
6.0
3.4282824993133545
-1.6954158544540405
-0.8333333134651184
1.0
6.0
3.4233875274658203
-2.9931087493896484
0.30000001192092896
2.0
6.0
