115
0.8317901492118835
0.8669067025184631
-3.019386053085327
4.0
0.0
0.8427571058273315
1.3277268409729004
-1.2020450830459595
3.0
0.0
0.8200384378433228
1.610083818435669
4.4832916259765625
12.0
0.0
0.8310628533363342
-2.793241024017334
-2.0923593044281006
1.0
0.0
0.9106001853942871
-2.552340507507324
-3.6265270709991455
5.0
0.0
1.161283016204834
0.8689976334571838
-3.4874207973480225
5.0
1.0
1.129770040512085
1.3313610553741455
-0.9924917817115784
3.0
1.0
1.0764408111572266
-2.7952115535736084
-2.17276930809021
2.0
1.0
1.1144987344741821
-2.5546560287475586
-4.0271148681640625
5.0
1.0
1.3559807538986206
0.8700854182243347
-3.7639551162719727
5.0
2.0
1.4268770217895508
1.3357163667678833
-0.7759533524513245
2.0
2.0
1.332094669342041
-2.7962255477905273
-2.2565906047821045
2.0
2.0
1.347832441329956
-2.556997776031494
-4.486572742462158
5.0
2.0
1.4344401359558105
-2.761190891265869
-2.527991533279419
6.0
2.0
1.4216748476028442
-2.7392001152038574
-2.472154378890991
3.0
2.0
1.457324743270874
-2.7971081733703613
-2.298013925552368
2.0
2.0
2.397982358932495
-2.566469430923462
-6.699999809265137
1.0
3.0
2.5840017795562744
-2.801734209060669
-2.433333396911621
1.0
4.0
2.5867390632629395
0.8759833574295044
-5.366666793823242
2.0
4.0
2.5790300369262695
1.3563967943191528
0.30000001192092896
2.0
4.0
3.2303085327148438
-2.80365252494812
-2.9666666984558105
2.0
5.0
3.2396578788757324
0.8790324330329895
-6.699999809265137
1.0
5.0
3.419466972351074
1.3740665912628174
0.8333333134651184
1.0
6.0
