385
0.8532086610794067
0.7578355073928833
-0.3104313313961029
1.0
0.0
0.8220348954200745
0.958009660243988
0.12768132984638214
2.0
0.0
0.8265382647514343
1.4313535690307617
-2.1951866149902344
4.0
0.0
0.8200317025184631
1.6099019050598145
-1.5714000463485718
4.0
0.0
0.8711107969284058
1.741362452507019
-3.4508848190307617
7.0
0.0
0.827386736869812
1.9475157260894775
-2.676024913787842
7.0
0.0
0.8880957961082458
2.215442180633545
-3.0981390476226807
5.0
0.0
0.8418883681297302
2.379234790802002
-1.891577959060669
6.0
0.0
0.838717520236969
2.9193625450134277
-2.720942974090576
5.0
0.0
0.8196837902069092
-3.1131341457366943
0.9538300037384033
4.0
0.0
0.8227230310440063
3.042908191680908
0.9577286839485168
4.0
0.0
0.8337213397026062
-2.810986280441284
-1.4333659410476685
4.0
0.0
0.8773894309997559
-1.9431058168411255
-0.867572009563446
4.0
0.0
0.8201273083686829
-1.1009161472320557
2.1901044845581055
7.0
0.0
0.8854882121086121
-0.9190568923950195
-0.5586026906967163
2.0
0.0
0.8677411079406738
-0.865727961063385
0.21335455775260925
5.0
0.0
0.8570627570152283
-0.8280177116394043
2.0954782962799072
10.0
0.0
1.0733095407485962
0.7601365447044373
-0.21686333417892456
2.0
1.0
1.119900107383728
0.9644255042076111
0.4191066324710846
4.0
1.0
1.1105737686157227
0.991273820400238
0.463454008102417
6.0
1.0
1.0976786613464355
1.4266338348388672
-2.6928727626800537
3.0
1.0
1.120540976524353
1.748075246810913
-4.250898361206055
5.0
1.0
1.0725443363189697
1.9439517259597778
-3.271629810333252
5.0
1.0
1.188955545425415
1.6038689613342285
-1.977836012840271
4.0
1.0
1.096290946006775
2.217128038406372
-3.6689112186431885
7.0
1.0
1.0975914001464844
2.212348699569702
-3.663564443588257
5.0
1.0
1.0676822662353516
2.3827760219573975
-2.2180912494659424
4.0
1.0
1.1166120767593384
2.93707537651062
-3.3965818881988525
6.0
1.0
1.0745714902877808
-2.7830467224121094
-1.6527847051620483
4.0
1.0
1.1807972192764282
-3.0944201946258545
1.6632623672485352
4.0
1.0
1.0683361291885376
-1.9446500539779663
-0.9099699854850769
2.0
1.0
1.0958852767944336
-0.9229521751403809
-0.5324491262435913
3.0
1.0
1.0836182832717896
-0.8709814548492432
0.43372663855552673
2.0
1.0
1.07550847530365
-0.8257833123207092
2.7975518703460693
5.0
1.0
1.1681609153747559
-1.1078121662139893
3.4251723289489746
9.0
1.0
1.3979716300964355
0.7622895836830139
-0.07878555357456207
3.0
2.0
1.3328838348388672
0.9687901139259338
0.6276415586471558
3.0
2.0
1.4580774307250977
0.9716874361038208
0.7496373653411865
4.0
2.0
1.3839563131332397
1.4216527938842773
-3.215294122695923
9.0
2.0
1.332147479057312
1.6016701459884644
-2.1357319355010986
4.0
2.0
1.4581152200698853
1.5999501943588257
-2.2734522819519043
5.0
2.0
1.333915114402771
2.219316244125366
-4.320684432983398
6.0
2.0
1.3366385698318481
2.204453229904175
-4.299381256103516
7.0
2.0
1.4423322677612305
1.9383459091186523
-4.175264358520508
5.0
2.0
1.3748223781585693
2.3865582942962646
-2.6592466831207275
2.0
2.0
1.403220772743225
2.9506289958953857
-4.096511363983154
6.0
2.0
1.385679006576538
2.988431692123413
2.108928680419922
6.0
2.0
1.4376596212387085
-3.0806570053100586
2.179884433746338
5.0
2.0
1.4261225461959839
-2.7470436096191406
-1.967602014541626
4.0
2.0
1.3530408143997192
-1.947485089302063
-0.9729984402656555
3.0
2.0
1.3930730819702148
-1.112217903137207
4.228578567504883
8.0
2.0
1.4359461069107056
-0.8787289261817932
0.7934973239898682
4.0
2.0
1.405073642730713
-0.822989284992218
3.8578803539276123
6.0
2.0
2.395057201385498
1.5854520797729492
-3.5
1.0
3.0
2.395986795425415
-2.649468421936035
-2.9666666984558105
2.0
3.0
2.4091546535491943
-0.9379796385765076
-0.30000001192092896
2.0
3.0
2.3994619846343994
2.156741142272949
-7.366666793823242
1.0
3.0
2.3986868858337402
0.990260660648346
1.899999976158142
1.0
3.0
2.4121270179748535
-3.0216598510742188
4.0333333015441895
2.0
3.0
2.5960679054260254
-1.956600308418274
-1.3666666746139526
1.0
4.0
2.585706949234009
1.395075798034668
-5.366666793823242
1.0
4.0
2.5859317779541016
1.9196763038635254
-6.699999809265137
1.0
4.0
2.5764904022216797
0.7687468528747559
0.30000001192092896
1.0
4.0
2.5928328037261963
-0.8989543914794922
1.899999976158142
2.0
4.0
2.57682728767395
2.856584310531616
4.699999809265137
2.0
4.0
2.597374677658081
-3.0077712535858154
4.699999809265137
1.0
4.0
2.5767974853515625
-0.8081027269363403
7.366666793823242
1.0
4.0
3.225470781326294
1.5724084377288818
-4.0333333015441895
2.0
5.0
3.225473165512085
-1.9614801406860352
-1.3666666746139526
1.0
5.0
3.229823350906372
2.408140182495117
-5.366666793823242
1.0
5.0
3.22578763961792
0.7712926268577576
0.8333333134651184
1.0
5.0
3.4195973873138428
-2.5612878799438477
-4.0333333015441895
3.0
6.0
3.4215123653411865
-0.9471654295921326
-0.30000001192092896
1.0
6.0
3.4194788932800293
1.3771079778671265
-6.699999809265137
1.0
6.0
3.421008586883545
1.011772632598877
2.433333396911621
1.0
6.0
3.4288504123687744
-0.9077486991882324
2.9666666984558105
1.0
6.0
3.4195151329040527
-2.9505655765533447
6.0333333015441895
2.0
6.0
