785
0.8197515606880188
0.48072007298469543
-1.3709872961044312
2.0
0.0
0.8192106485366821
0.511510968208313
-0.7562975287437439
3.0
0.0
0.8767812252044678
0.15310217440128326
2.517237663269043
5.0
0.0
0.8203964233398438
0.9870372414588928
-4.355935096740723
6.0
0.0
0.829838216304779
0.8808197379112244
-4.181469917297363
6.0
0.0
0.8237636089324951
0.9357872009277344
-4.039006233215332
6.0
0.0
0.8195096850395203
1.068826675415039
-1.6376773118972778
4.0
0.0
0.8827918767929077
0.65925133228302
-1.14437735080719
2.0
0.0
0.8210060000419617
1.1075642108917236
-0.8665973544120789
2.0
0.0
0.8653458952903748
1.236682653427124
-1.7497639656066895
2.0
0.0
0.8423033952713013
1.3299671411514282
-0.43665066361427307
4.0
0.0
0.8717947602272034
1.7391992807388306
-3.3473613262176514
6.0
0.0
0.9020918011665344
1.656287670135498
-3.0069103240966797
5.0
0.0
0.8988432288169861
1.6641935110092163
-2.488398790359497
3.0
0.0
0.819439709186554
2.1127452850341797
-2.0553219318389893
2.0
0.0
0.8620810508728027
2.2951955795288086
-2.369652032852173
4.0
0.0
0.8484904766082764
2.3484041690826416
-1.7970353364944458
2.0
0.0
0.8357124924659729
2.4127986431121826
-1.3820335865020752
3.0
0.0
0.842512309551239
2.3761303424835205
1.045448660850525
6.0
0.0
0.819360077381134
-3.127615451812744
-2.0879733562469482
4.0
0.0
0.8590172529220581
2.829862594604492
-1.7664958238601685
3.0
0.0
0.8274587988853455
-2.7654857635498047
-1.0210820436477661
1.0
0.0
0.9054886102676392
-3.064166307449341
0.47917047142982483
8.0
0.0
0.8193979263305664
-2.0782313346862793
-0.3460066616535187
4.0
0.0
0.8297905921936035
-1.736818790435791
-2.4370665550231934
3.0
0.0
0.8197394013404846
-1.5404261350631714
-1.6985939741134644
2.0
0.0
0.8839653730392456
-1.9620347023010254
-1.2715712785720825
2.0
0.0
0.8927121758460999
-1.9855228662490845
-0.4059486389160156
4.0
0.0
0.8197725415229797
-1.015735149383545
-4.031208515167236
6.0
0.0
0.819903552532196
-1.0116945505142212
-3.6963131427764893
5.0
0.0
0.8304668664932251
-0.6945919394493103
-1.395841360092163
2.0
0.0
0.8998910188674927
-0.4327727258205414
-2.1420674324035645
2.0
0.0
1.124789834022522
0.16596336662769318
3.625016450881958
8.0
1.0
1.164623498916626
0.46976232528686523
-1.3229037523269653
3.0
1.0
1.091054916381836
0.6667273640632629
-1.0975933074951172
2.0
1.0
1.1515284776687622
0.4962027370929718
-0.38596799969673157
4.0
1.0
1.0849181413650513
1.0862929821014404
-2.540174961090088
3.0
1.0
1.0892575979232788
1.0669182538986206
-1.6862481832504272
3.0
1.0
1.0814316272735596
1.1035038232803345
-0.669714629650116
4.0
1.0
1.1718764305114746
1.2414137125015259
-1.842519760131836
3.0
1.0
1.1291717290878296
1.3328566551208496
-0.08008512109518051
3.0
1.0
1.118016242980957
1.7550300359725952
-3.9322800636291504
6.0
1.0
1.1686530113220215
1.640149712562561
-3.355970859527588
3.0
1.0
1.153990387916565
1.669155240058899
-2.76824688911438
3.0
1.0
1.0782909393310547
2.298781394958496
-2.5890707969665527
4.0
1.0
1.130020022392273
2.1161365509033203
-2.2712106704711914
4.0
1.0
1.0710409879684448
2.3487753868103027
-1.8769580125808716
1.0
1.0
1.070992350578308
2.349191188812256
-1.8730593919754028
2.0
1.0
1.0710898637771606
2.3483595848083496
-1.7984973192214966
4.0
1.0
1.0694471597671509
2.3633503913879395
1.7346566915512085
6.0
1.0
1.17388117313385
2.4158124923706055
-1.3391481637954712
3.0
1.0
1.0694050788879395
-3.134019613265991
-2.2712106704711914
2.0
1.0
1.166751742362976
2.821861505508423
-1.866236686706543
2.0
1.0
1.0726239681243896
-2.769045352935791
-0.8830042481422424
3.0
1.0
1.1095341444015503
-2.9325428009033203
-0.21276973187923431
5.0
1.0
1.0697914361953735
-1.9596747159957886
-1.22624933719635
4.0
1.0
1.0748341083526611
-1.9994243383407593
-0.17865639925003052
5.0
1.0
1.0928457975387573
-2.0893666744232178
0.04114484786987305
7.0
1.0
1.1048870086669922
-1.7397379875183105
-2.7537894248962402
4.0
1.0
1.0677669048309326
-1.5452607870101929
-1.7638967037200928
2.0
1.0
1.1209968328475952
-1.0020551681518555
-4.5104660987854
7.0
1.0
1.075982928276062
-0.4361342787742615
-2.269261360168457
4.0
1.0
1.1560165882110596
-0.6912106275558472
-1.3592913150787354
2.0
1.0
1.3913969993591309
0.46224740147590637
-1.2905772924423218
4.0
2.0
1.3789647817611694
0.4911826252937317
-0.13271711766719818
3.0
2.0
1.4477046728134155
0.6732509732246399
-1.0176706314086914
4.0
2.0
1.4029221534729004
1.0662755966186523
-2.8171427249908447
4.0
2.0
1.3402680158615112
1.2443469762802124
-1.8935273885726929
2.0
2.0
1.4038195610046387
1.0644700527191162
-1.742453932762146
2.0
2.0
1.3879655599594116
1.0982377529144287
-0.43762531876564026
2.0
2.0
1.4267091751098633
1.3360074758529663
0.2894760072231293
4.0
2.0
1.4415240287780762
1.6254788637161255
-3.7102184295654297
3.0
2.0
1.4127293825149536
1.675455927848816
-3.053011894226074
4.0
2.0
1.3583295345306396
2.1191718578338623
-2.430243730545044
3.0
2.0
1.4121536016464233
2.304863691329956
-2.9280922412872314
3.0
2.0
1.3898770809173584
2.350574016571045
-1.9914813041687012
2.0
2.0
1.3634098768234253
2.417863607406616
-1.3144567012786865
2.0
2.0
1.3922526836395264
2.3453238010406494
2.712644577026367
7.0
2.0
1.3396258354187012
2.8181140422821045
-1.922279953956604
2.0
2.0
1.3375707864761353
-3.1409897804260254
-2.4690680503845215
2.0
2.0
1.3645015954971313
-2.9260294437408447
0.08382133394479752
4.0
2.0
1.4424750804901123
-2.774271011352539
-0.6736133694648743
2.0
2.0
1.3558627367019653
-1.9569611549377441
-1.1555860042572021
1.0
2.0
1.3802194595336914
-2.0251636505126953
0.20594702661037445
5.0
2.0
1.4185247421264648
-2.1052000522613525
0.5067828893661499
3.0
2.0
1.3941537141799927
-1.7428758144378662
-3.0872879028320312
3.0
2.0
1.333915114402771
-1.5505949258804321
-1.835534691810608
4.0
2.0
1.3526654243469238
-0.6895528435707092
-1.336549162864685
3.0
2.0
1.375393271446228
-0.44233763217926025
-2.485799789428711
3.0
2.0
2.4055817127227783
0.4288855195045471
-1.3666666746139526
1.0
3.0
2.395336627960205
1.0260298252105713
-3.5
1.0
3.0
2.3949272632598877
1.0575112104415894
-1.899999976158142
1.0
3.0
2.40710711479187
1.6719614267349243
-4.0333333015441895
1.0
3.0
2.407907247543335
1.6751841306686401
-4.0333333015441895
1.0
3.0
2.4147040843963623
1.6992812156677246
-4.0333333015441895
2.0
3.0
2.3965282440185547
2.132375717163086
-2.9666666984558105
2.0
3.0
2.3954522609710693
3.1182546615600586
-3.5
1.0
3.0
2.394850730895996
-1.57731032371521
-1.899999976158142
2.0
3.0
2.3991434574127197
-0.4634159803390503
-2.9666666984558105
1.0
3.0
2.395057201385498
1.5854520797729492
-4.699999809265137
1.0
3.0
2.3960280418395996
-0.4915820062160492
-5.366666793823242
7.0
3.0
2.39638352394104
0.4872443377971649
0.8333333134651184
1.0
3.0
2.3960280418395996
1.079214334487915
0.30000001192092896
1.0
3.0
2.4165778160095215
-2.752347469329834
1.3666666746139526
5.0
3.0
2.406845808029175
-2.7180843353271484
1.3666666746139526
3.0
3.0
2.395681858062744
-2.121530532836914
1.3666666746139526
2.0
3.0
2.398613452911377
-2.1507909297943115
1.899999976158142
2.0
3.0
2.3961126804351807
2.651095151901245
6.0333333015441895
7.0
3.0
2.5919604301452637
0.6748318076133728
-0.8333333134651184
2.0
4.0
2.578284502029419
1.2681444883346558
-2.433333396911621
1.0
4.0
2.576986312866211
2.3304638862609863
-4.0333333015441895
1.0
4.0
2.576159954071045
2.360736131668091
-2.433333396911621
1.0
4.0
2.5839006900787354
2.4337520599365234
-1.3666666746139526
2.0
4.0
2.5862739086151123
2.791210412979126
-2.433333396911621
2.0
4.0
2.590015411376953
-0.6818159818649292
-1.3666666746139526
2.0
4.0
2.576857805252075
1.808882474899292
-7.366666793823242
1.0
4.0
2.589881420135498
-2.2531116008758545
-4.699999809265137
1.0
4.0
2.5838003158569336
-1.755539894104004
-4.699999809265137
1.0
4.0
2.5858190059661865
-0.17521962523460388
-7.366666793823242
2.0
4.0
2.596553087234497
-0.3872944712638855
-5.366666793823242
4.0
4.0
2.5781795978546143
1.3488417863845825
1.899999976158142
1.0
4.0
2.57635498046875
-2.8929128646850586
1.3666666746139526
2.0
4.0
2.5931286811828613
-2.7652409076690674
1.899999976158142
6.0
4.0
2.5823724269866943
2.286667585372925
6.0333333015441895
2.0
4.0
3.2255611419677734
0.4003567397594452
-0.8333333134651184
1.0
5.0
3.225630283355713
2.3662703037261963
-2.433333396911621
1.0
5.0
3.2378928661346436
2.4438326358795166
-0.8333333134651184
2.0
5.0
3.2265732288360596
2.77508544921875
-2.433333396911621
1.0
5.0
3.227830171585083
3.1033222675323486
-4.0333333015441895
1.0
5.0
3.2325050830841064
-2.029498338699341
-0.30000001192092896
2.0
5.0
3.2269399166107178
-1.601015329360962
-2.433333396911621
1.0
5.0
3.238938093185425
-0.48393571376800537
-4.0333333015441895
1.0
5.0
3.2257518768310547
1.5574966669082642
-6.0333333015441895
1.0
5.0
3.225687026977539
2.3445067405700684
-4.699999809265137
1.0
5.0
3.2366726398468018
-2.2729575634002686
-6.0333333015441895
1.0
5.0
3.241281747817993
0.4915245473384857
1.899999976158142
2.0
5.0
3.230451822280884
-2.8044562339782715
0.30000001192092896
2.0
5.0
3.430870532989502
0.6706051826477051
-0.8333333134651184
1.0
6.0
3.430870532989502
0.6706051826477051
-0.30000001192092896
1.0
6.0
3.4275529384613037
1.0504512786865234
-1.899999976158142
1.0
6.0
3.4328560829162598
1.2860963344573975
-2.433333396911621
1.0
6.0
3.419769287109375
2.1465394496917725
-4.0333333015441895
1.0
6.0
3.4328560829162598
-0.6773990988731384
-1.3666666746139526
1.0
6.0
3.4197356700897217
0.9942928552627563
-4.699999809265137
1.0
6.0
3.422189950942993
1.7272485494613647
-5.366666793823242
1.0
6.0
3.4241015911102295
2.9972801208496094
-5.366666793823242
1.0
6.0
3.430450916290283
-2.2398908138275146
-5.366666793823242
1.0
6.0
3.419475555419922
-1.7648648023605347
-5.366666793823242
2.0
6.0
3.430243968963623
-0.11705929040908813
-7.366666793823242
5.0
6.0
3.4352478981018066
0.4931590259075165
1.899999976158142
1.0
6.0
3.4352478981018066
0.4931590259075165
2.433333396911621
1.0
6.0
3.4294357299804688
1.0580148696899414
0.8333333134651184
1.0
6.0
3.4294357299804688
1.0580148696899414
1.3666666746139526
1.0
6.0
3.41996693611145
1.3573405742645264
2.9666666984558105
1.0
6.0
3.4297351837158203
-2.867842197418213
2.433333396911621
2.0
6.0
3.4275529384613037
-2.228548526763916
2.9666666984558105
3.0
6.0
3.4218392372131348
-2.197084903717041
3.5
2.0
6.0
