305
0.8194441795349121
1.0165207386016846
-1.7380679845809937
6.0
0.0
0.8612199425697327
0.727463960647583
-0.625562310218811
5.0
0.0
0.9093907475471497
1.1155986785888672
0.2480526715517044
2.0
0.0
0.8197158575057983
2.5763168334960938
-0.8136729598045349
5.0
0.0
0.9055362939834595
-3.0642781257629395
-1.4479860067367554
6.0
0.0
0.8198595643043518
-2.58380126953125
-0.7311186790466309
2.0
0.0
0.8553688526153564
-2.392306089401245
3.0783534049987793
8.0
0.0
0.8267784714698792
-1.7123873233795166
-4.506845951080322
14.0
0.0
0.8200116157531738
-1.5322364568710327
1.952981948852539
3.0
0.0
0.8208317160606384
-0.5927969217300415
-2.7470884323120117
8.0
0.0
0.8193261623382568
-0.5118082165718079
3.370753288269043
8.0
0.0
0.8373450636863708
-0.21463541686534882
0.44655975699424744
3.0
0.0
0.8197312951087952
0.03009709157049656
1.5367993116378784
4.0
0.0
0.8522137403488159
-0.28532418608665466
2.6304941177368164
3.0
0.0
0.871415913105011
-0.35399961471557617
3.0337274074554443
7.0
0.0
0.8934556245803833
-0.41664373874664307
3.55930757522583
6.0
0.0
1.0786480903625488
0.7259345054626465
-0.9104573130607605
2.0
1.0
1.0791558027267456
1.1157652139663696
0.19980664551258087
4.0
1.0
1.1083893775939941
2.56878662109375
-1.2780691385269165
6.0
1.0
1.1621254682540894
-3.0596542358398438
-1.9975730180740356
4.0
1.0
1.126279354095459
-2.58678936958313
-1.1917705535888672
8.0
1.0
1.0746018886566162
-2.390554189682007
3.738321304321289
8.0
1.0
1.18942129611969
-1.5385106801986694
2.6035282611846924
3.0
1.0
1.1238540410995483
-0.6169822216033936
-3.9464125633239746
10.0
1.0
1.0722955465316772
-0.41032320261001587
4.173370838165283
7.0
1.0
1.0917446613311768
-0.5141729116439819
4.327020168304443
8.0
1.0
1.1200391054153442
-0.2140520215034485
0.42739129066467285
1.0
1.0
1.0680456161499023
0.022189561277627945
1.849179983139038
4.0
1.0
1.1449196338653564
-0.2749408185482025
3.3618838787078857
5.0
1.0
1.1737914085388184
-0.3329162001609802
3.9081223011016846
7.0
1.0
1.4181475639343262
0.7229206562042236
-1.354905366897583
4.0
2.0
1.4232853651046753
1.0278472900390625
-3.4120683670043945
9.0
2.0
1.3807061910629272
1.115247130393982
0.11452332884073257
2.0
2.0
1.4469412565231323
2.5593948364257812
-1.823546290397644
5.0
2.0
1.4227991104125977
-3.05536150932312
-2.5554447174072266
4.0
2.0
1.339250922203064
-2.520831823348999
-1.6833242177963257
3.0
2.0
1.3658075332641602
-2.6156225204467773
-1.6272484064102173
5.0
2.0
1.3570021390914917
-2.5889837741851807
-1.5387486219406128
4.0
2.0
1.3322800397872925
-1.5407572984695435
2.8546674251556396
4.0
2.0
1.339260220527649
-0.32176095247268677
4.388716220855713
5.0
2.0
1.4146252870559692
-0.21305812895298004
0.4069232940673828
2.0
2.0
1.335096836090088
0.013545902445912361
2.1854400634765625
4.0
2.0
1.4441235065460205
-0.26361414790153503
4.10996150970459
5.0
2.0
2.3998756408691406
1.1122467517852783
-0.30000001192092896
2.0
3.0
2.403371572494507
2.5335118770599365
-3.5
2.0
3.0
2.3952829837799072
-2.5979113578796387
-2.9666666984558105
1.0
3.0
2.394803285598755
1.0455690622329712
-6.0333333015441895
1.0
3.0
2.40763783454895
-3.038278818130493
-4.699999809265137
1.0
3.0
2.395986795425415
-0.031474485993385315
3.5
2.0
3.0
2.3950204849243164
-1.5572260618209839
4.699999809265137
1.0
3.0
2.5830204486846924
0.7123566269874573
-2.9666666984558105
1.0
4.0
2.579747200012207
-0.20886249840259552
0.30000001192092896
1.0
4.0
2.5777862071990967
-0.2259858101606369
6.699999809265137
1.0
4.0
3.2355151176452637
0.7065655589103699
-3.5
2.0
5.0
3.2331180572509766
1.109285831451416
-0.30000001192092896
1.0
5.0
3.2316737174987793
-0.06198901683092117
4.699999809265137
2.0
5.0
3.2254796028137207
-1.5679750442504883
6.0333333015441895
1.0
5.0
3.4297351837158203
2.4751429557800293
-5.366666793823242
2.0
6.0
3.4288504123687744
-3.01924204826355
-6.699999809265137
1.0
6.0
3.4243760108947754
-2.60609769821167
-4.699999809265137
1.0
6.0
3.4195973873138428
-0.2050933688879013
0.30000001192092896
1.0
6.0
