695
0.8194853663444519
0.5441349744796753
-4.062885284423828
16.0
0.0
0.8922423720359802
0.11008994281291962
-0.07330886274576187
7.0
0.0
0.8492536544799805
0.250698447227478
2.160585880279541
4.0
0.0
0.8983522653579712
0.09460917860269547
2.546997547149658
3.0
0.0
0.8480640053749084
0.25587907433509827
3.370590925216675
3.0
0.0
0.8232599496841431
0.4181411862373352
3.6881260871887207
5.0
0.0
0.8457532525062561
0.2662833034992218
4.0672712326049805
6.0
0.0
0.8848094940185547
0.6536130905151367
4.425461292266846
2.0
0.0
0.8383159041404724
1.35075843334198
-0.5473939776420593
2.0
0.0
0.8232303857803345
1.4656997919082642
2.248955726623535
3.0
0.0
0.8343523144721985
1.3738471269607544
3.6944613456726074
4.0
0.0
0.8437487483024597
2.3701071739196777
-3.3335535526275635
3.0
0.0
0.8439534902572632
2.3691256046295166
-3.3201403617858887
7.0
0.0
0.8822364211082458
2.7552170753479004
2.595081090927124
3.0
0.0
0.8936942219734192
-3.035250425338745
0.7033406496047974
6.0
0.0
0.8586584329605103
-2.9283971786499023
0.7813140153884888
3.0
0.0
0.8459541201591492
-2.876232624053955
0.9935963749885559
5.0
0.0
0.9063014388084412
-3.0660669803619385
2.4968459606170654
2.0
0.0
0.8317254781723022
-2.2742438316345215
2.093658924102783
3.0
0.0
0.8216059803962708
-2.1770622730255127
2.792776107788086
2.0
0.0
0.8220722675323486
-2.184126138687134
3.2172434329986572
2.0
0.0
0.8209665417671204
-2.0347542762756348
3.8564183712005615
3.0
0.0
0.8886967301368713
-1.9749600887298584
3.546149492263794
3.0
0.0
0.898720383644104
-1.4770963191986084
-1.4446558952331543
12.0
0.0
0.8341546058654785
-1.2429163455963135
-1.4066438674926758
12.0
0.0
0.8191957473754883
-1.0534521341323853
-0.34113332629203796
2.0
0.0
0.9077438116073608
-1.4986162185668945
0.5335050225257874
4.0
0.0
0.8197190761566162
-1.0889838933944702
3.0154874324798584
2.0
0.0
0.8193426132202148
-1.034313678741455
3.9766273498535156
6.0
0.0
0.8238583207130432
-0.6360906958580017
-1.4626059532165527
10.0
0.0
0.9003241658210754
-0.9574284553527832
3.0742921829223633
3.0
0.0
0.9010068774223328
-0.4354885220527649
2.3384625911712646
4.0
0.0
0.8191961050033569
-0.005160774104297161
2.768409252166748
2.0
0.0
1.1480886936187744
0.1108395978808403
-0.8274482488632202
9.0
1.0
1.0967042446136475
0.25210246443748474
2.0431387424468994
4.0
1.0
1.1577106714248657
0.09074237942695618
2.5414745807647705
3.0
1.0
1.0979700088500977
0.24748118221759796
3.6078784465789795
3.0
1.0
1.085365653038025
0.2988019585609436
4.495150089263916
4.0
1.0
1.1573824882507324
0.4841059446334839
4.26727294921875
5.0
1.0
1.0913165807724
1.4510573148727417
-0.5837815999984741
3.0
1.0
1.0883818864822388
1.4633724689483643
2.146453380584717
2.0
1.0
1.1128950119018555
1.3770264387130737
4.0726318359375
4.0
1.0
1.0696178674697876
2.7543816566467285
2.601741313934326
4.0
1.0
1.1478095054626465
-3.0301496982574463
0.1739780157804489
6.0
1.0
1.1083064079284668
-2.928741693496704
0.26364731788635254
6.0
1.0
1.1642001867294312
-3.063708543777466
2.4773526191711426
2.0
1.0
1.15741765499115
-2.2648587226867676
1.912045955657959
2.0
1.0
1.1179707050323486
-2.1718335151672363
2.8751354217529297
2.0
1.0
1.124285101890564
-2.188910961151123
3.4545745849609375
2.0
1.0
1.0716907978057861
-1.9763166904449463
3.7475807666778564
2.0
1.0
1.1015998125076294
-2.121464252471924
4.032670497894287
4.0
1.0
1.155339002609253
-1.475219964981079
-2.5825188159942627
9.0
1.0
1.0801975727081299
-1.2461576461791992
-2.567140579223633
10.0
1.0
1.0681171417236328
-1.1567438840866089
-0.30702000856399536
4.0
1.0
1.167577862739563
-1.499403953552246
-0.04410367086529732
4.0
1.0
1.1142518520355225
-0.9831427335739136
3.1571388244628906
3.0
1.0
1.1602479219436646
-1.0924445390701294
3.2021360397338867
4.0
1.0
1.1345947980880737
-0.6439179182052612
-2.975038766860962
12.0
1.0
1.080046534538269
-0.4599418342113495
2.2302746772766113
4.0
1.0
1.0926944017410278
-0.1252722293138504
-1.8414639234542847
12.0
1.0
1.0682624578475952
0.019681278616189957
2.7640233039855957
2.0
1.0
1.4089691638946533
0.11184781044721603
-1.5920768976211548
7.0
2.0
1.3521839380264282
0.254599004983902
1.9217926263809204
4.0
2.0
1.42205810546875
0.08754932135343552
2.5359513759613037
2.0
2.0
1.452475905418396
0.037604644894599915
2.756226062774658
2.0
2.0
1.3561087846755981
0.24134790897369385
3.8538193702697754
4.0
2.0
1.3505812883377075
1.5169150829315186
-0.6200066804885864
2.0
2.0
1.3685457706451416
1.4607751369476318
2.0382652282714844
4.0
2.0
1.402673602104187
1.3809367418289185
4.465260028839111
3.0
2.0
1.3566533327102661
2.752850294113159
2.6119754314422607
1.0
2.0
1.4068745374679565
-3.0256617069244385
-0.3657923936843872
5.0
2.0
1.3658521175384521
-2.9299087524414062
-0.2702750563621521
5.0
2.0
1.426373839378357
-3.0616397857666016
2.4578592777252197
2.0
2.0
1.3524165153503418
-2.2594852447509766
1.8026397228240967
4.0
2.0
1.3322534561157227
-2.1689088344573975
2.9345901012420654
2.0
2.0
1.3363163471221924
-2.1921017169952393
3.619574546813965
3.0
2.0
1.4561364650726318
-2.167020797729492
2.9690282344818115
3.0
2.0
1.363085150718689
-1.9794093370437622
4.068733215332031
2.0
2.0
1.33621084690094
-1.2490707635879517
-3.774871349334717
10.0
2.0
1.4166078567504883
-1.4733706712722778
-3.740340232849121
7.0
2.0
1.4324499368667603
-1.5012274980545044
-0.6323849558830261
5.0
2.0
1.3321298360824585
-1.2256519794464111
-0.27176955342292786
3.0
2.0
1.3526966571807861
-1.0038200616836548
3.24891996383667
4.0
2.0
1.385412573814392
-1.095021367073059
3.3254313468933105
2.0
2.0
1.3424345254898071
-0.6502339839935303
-3.9855077266693115
9.0
2.0
1.3927924633026123
-0.4832884967327118
2.0431387424468994
4.0
2.0
2.403045654296875
1.6536611318588257
-0.8333333134651184
3.0
3.0
2.415038585662842
-3.012040138244629
-2.433333396911621
2.0
3.0
2.3997080326080322
-1.5068283081054688
-2.9666666984558105
2.0
3.0
2.412282943725586
0.12046778202056885
-4.699999809265137
1.0
3.0
2.4020044803619385
0.07747115939855576
2.433333396911621
1.0
3.0
2.400219202041626
-0.06721112132072449
2.9666666984558105
2.0
3.0
2.4119718074798584
1.4513987302780151
1.3666666746139526
1.0
3.0
2.4013173580169678
1.4971033334732056
1.3666666746139526
4.0
3.0
2.4119718074798584
1.4513987302780151
1.899999976158142
1.0
3.0
2.394859552383423
1.563739538192749
1.899999976158142
1.0
3.0
2.4135549068450928
2.74273943901062
2.433333396911621
7.0
3.0
2.403371572494507
-3.0571107864379883
2.433333396911621
2.0
3.0
2.4171032905578613
-2.2303476333618164
1.3666666746139526
2.0
3.0
2.3991434574127197
-2.1545779705047607
2.9666666984558105
1.0
3.0
2.394970655441284
-1.0591394901275635
3.5
2.0
3.0
2.3989884853363037
-1.106298565864563
4.0333333015441895
1.0
3.0
2.3955793380737305
-0.4980906844139099
1.3666666746139526
1.0
3.0
2.417634963989258
0.38604795932769775
6.699999809265137
1.0
3.0
2.4020044803619385
1.493325114250183
6.0333333015441895
1.0
3.0
2.4160585403442383
-2.22714900970459
4.699999809265137
2.0
3.0
2.4112062454223633
-2.211116075515747
4.699999809265137
2.0
3.0
2.40763783454895
-1.9910812377929688
5.366666793823242
1.0
3.0
2.3983967304229736
-1.101969838142395
6.699999809265137
1.0
3.0
2.5806195735931396
-2.9387667179107666
-2.9666666984558105
1.0
4.0
2.583503007888794
-1.3845477104187012
-0.30000001192092896
2.0
4.0
2.576188802719116
0.268359512090683
1.3666666746139526
1.0
4.0
2.5807740688323975
1.2490177154541016
5.366666793823242
3.0
4.0
2.5866217613220215
1.3990815877914429
6.0333333015441895
1.0
4.0
2.5967161655426025
-2.2302026748657227
4.699999809265137
1.0
4.0
3.2309701442718506
-1.5124216079711914
-4.699999809265137
1.0
5.0
3.233297824859619
0.06961367279291153
2.433333396911621
1.0
5.0
3.2256052494049072
2.739623785018921
2.433333396911621
1.0
5.0
3.238007068634033
-3.0535545349121094
2.433333396911621
1.0
5.0
3.2387020587921143
-1.0876600742340088
4.0333333015441895
1.0
5.0
3.238938093185425
-0.48393571376800537
0.8333333134651184
1.0
5.0
3.2319176197052
1.5076029300689697
7.366666793823242
1.0
5.0
3.2276833057403564
-2.000558376312256
6.0333333015441895
2.0
5.0
3.422189950942993
1.7272485494613647
-0.8333333134651184
1.0
6.0
3.426684856414795
0.1314307600259781
-7.366666793823242
1.0
6.0
3.424516201019287
-2.9995548725128174
-4.699999809265137
1.0
6.0
3.419468879699707
-2.9463837146759033
-4.699999809265137
1.0
6.0
3.430976629257202
0.2782837748527527
0.8333333134651184
2.0
6.0
3.4271998405456543
1.4416366815567017
1.3666666746139526
1.0
6.0
3.4198620319366455
-2.175050735473633
0.30000001192092896
8.0
6.0
3.420241594314575
-2.1385583877563477
0.30000001192092896
4.0
6.0
3.4228477478027344
-2.204296350479126
0.8333333134651184
1.0
6.0
3.4201607704162598
-2.1396982669830322
3.5
1.0
6.0
3.421743392944336
-0.15986880660057068
2.9666666984558105
2.0
6.0
3.419466733932495
0.19634954631328583
6.0333333015441895
2.0
6.0
3.4221384525299072
1.4139645099639893
7.366666793823242
2.0
6.0
3.4318435192108154
-2.2447993755340576
5.366666793823242
4.0
6.0
3.4290435314178467
-2.234600067138672
5.366666793823242
1.0
6.0
3.427642345428467
-2.22892689704895
5.366666793823242
2.0
6.0
