370
0.8231714963912964
0.942823052406311
-3.250138282775879
4.0
0.0
0.8272662162780762
0.9013497233390808
2.9333553314208984
15.0
0.0
0.8281546831130981
0.8939214944839478
3.175527572631836
5.0
0.0
0.8255427479743958
0.9170638918876648
3.183504819869995
13.0
0.0
0.8216750025749207
2.0106406211853027
-2.8814706802368164
2.0
0.0
0.8289969563484192
1.9344191551208496
-2.722437620162964
3.0
0.0
0.8959171175956726
1.6714853048324585
-2.61132550239563
3.0
0.0
0.8646745085716248
1.7625703811645508
-1.2806682586669922
3.0
0.0
0.8196035623550415
2.0567967891693115
4.483129024505615
3.0
0.0
0.8727282881736755
2.2598717212677
1.7623372077941895
10.0
0.0
0.8196130394935608
3.1036300659179688
-2.1357319355010986
6.0
0.0
0.8435702323913574
-1.8178236484527588
-2.2770586013793945
4.0
0.0
0.8272703886032104
-0.6694823503494263
-3.115878105163574
2.0
0.0
0.8620810508728027
-0.8463971018791199
-1.2067559957504272
4.0
0.0
0.8235735297203064
-0.632803738117218
2.382585048675537
13.0
0.0
0.8209103941917419
-0.07069592922925949
-2.924355983734131
2.0
0.0
1.1383557319641113
0.91801518201828
-3.3376147747039795
4.0
1.0
1.0731028318405151
1.939752221107483
-2.6321184635162354
3.0
1.0
1.1528987884521484
1.6714258193969727
-2.491485357284546
4.0
1.0
1.0924429893493652
1.8392220735549927
-1.2905772924423218
2.0
1.0
1.175015926361084
2.02103853225708
-2.8160057067871094
3.0
1.0
1.0879374742507935
2.250704050064087
2.9639275074005127
10.0
1.0
1.1484802961349487
2.073490858078003
4.449828147888184
4.0
1.0
1.1484802961349487
2.858889102935791
-2.071403980255127
4.0
1.0
1.0820658206939697
-1.6486506462097168
-2.314095973968506
4.0
1.0
1.096062421798706
-0.923613965511322
-1.1945726871490479
2.0
1.0
1.1454256772994995
-0.668755292892456
-3.1496665477752686
3.0
1.0
1.1298154592514038
-0.6322476267814636
4.39316463470459
11.0
1.0
1.08174729347229
-0.07622437924146652
-2.8912172317504883
4.0
1.0
1.3481943607330322
0.8973843455314636
-3.396094560623169
4.0
2.0
1.4149430990219116
1.6713052988052368
-2.3686773777008057
4.0
2.0
1.3355860710144043
1.8958426713943481
-1.296912670135498
2.0
2.0
1.3942008018493652
2.0269336700439453
-2.7752320766448975
4.0
2.0
1.4373440742492676
1.946407437324524
-2.497333288192749
4.0
2.0
1.4555130004882812
1.9179816246032715
-1.300486445426941
3.0
2.0
1.3706345558166504
2.083406686782837
4.4269232749938965
2.0
2.0
1.3449311256408691
2.7950868606567383
-2.038752794265747
5.0
2.0
1.3349759578704834
-1.556585431098938
-2.360879898071289
4.0
2.0
1.4515522718429565
-1.5317862033843994
-2.3835411071777344
4.0
2.0
1.347661018371582
-0.9855489730834961
-1.3770302534103394
5.0
2.0
1.3461188077926636
-0.9795706868171692
-1.181049108505249
8.0
2.0
1.3465772867202759
-0.6672096252441406
-3.1709465980529785
2.0
2.0
1.3588740825653076
-0.08165539056062698
-2.8571040630340576
2.0
2.0
2.4073710441589355
-0.10223956406116486
-2.9666666984558105
1.0
3.0
2.406331777572632
1.668736457824707
-1.899999976158142
1.0
3.0
2.3968911170959473
2.0526204109191895
-2.433333396911621
1.0
3.0
2.4164040088653564
1.9605746269226074
-1.899999976158142
2.0
3.0
2.3994619846343994
2.0320491790771484
-1.3666666746139526
1.0
3.0
2.400940179824829
-1.1187305450439453
-1.3666666746139526
2.0
3.0
2.4157156944274902
-0.6552858948707581
-3.5
2.0
3.0
2.4067163467407227
2.1939480304718018
-6.699999809265137
2.0
3.0
2.3969457149505615
2.0520787239074707
-5.366666793823242
2.0
3.0
2.401510238647461
-1.1219701766967773
-6.699999809265137
2.0
3.0
2.3968911170959473
-1.0054229497909546
-5.366666793823242
1.0
3.0
2.400132179260254
2.027724504470825
7.366666793823242
3.0
3.0
2.40533709526062
-0.6172359585762024
6.699999809265137
3.0
3.0
2.576141595840454
0.7828750014305115
-3.5
1.0
4.0
2.588831901550293
-1.2099099159240723
4.699999809265137
1.0
4.0
3.230451822280884
0.729835569858551
-4.0333333015441895
2.0
5.0
3.2400248050689697
1.6656290292739868
-1.3666666746139526
2.0
5.0
3.2255611419677734
1.9711530208587646
-1.899999976158142
1.0
5.0
3.2255043983459473
-1.1829336881637573
-0.8333333134651184
2.0
5.0
3.2417988777160645
2.255772829055786
-6.699999809265137
2.0
5.0
3.2387020587921143
-1.0876600742340088
-5.366666793823242
1.0
5.0
3.2308945655822754
-1.2360702753067017
4.699999809265137
2.0
5.0
3.2332077026367188
-0.7161855697631836
6.699999809265137
2.0
5.0
3.4197869300842285
2.1461594104766846
-2.433333396911621
2.0
6.0
3.4195756912231445
2.1518614292144775
-2.433333396911621
1.0
6.0
3.4195151329040527
2.15452241897583
-1.3666666746139526
2.0
6.0
3.4235763549804688
-0.6380521059036255
-3.5
1.0
6.0
3.4288504123687744
-0.1223505362868309
-2.433333396911621
1.0
6.0
3.419586181640625
2.1514811515808105
-5.366666793823242
2.0
6.0
3.4198050498962402
2.173910617828369
4.0333333015441895
1.0
6.0
3.4198620319366455
2.144639015197754
7.366666793823242
2.0
6.0
