365
0.857768177986145
0.2165173590183258
-4.045016288757324
6.0
0.0
0.8245482444763184
0.40354323387145996
-2.050935983657837
4.0
0.0
0.8237636089324951
0.41218841075897217
-1.448473334312439
4.0
0.0
0.9070694446563721
0.07374007999897003
0.07407466322183609
4.0
0.0
0.9031169414520264
0.08303628861904144
0.08126282691955566
8.0
0.0
0.8200064301490784
0.9966752529144287
-0.5844313502311707
6.0
0.0
0.8683733344078064
1.750187873840332
-1.1247215270996094
3.0
0.0
0.8201736211776733
2.0395073890686035
2.340411901473999
12.0
0.0
0.8203999996185303
2.1425321102142334
3.2977075576782227
9.0
0.0
0.8205547332763672
2.5543808937072754
-4.162301540374756
8.0
0.0
0.866215705871582
2.280942678451538
-1.998304009437561
2.0
0.0
0.8282998204231262
2.46354079246521
0.3503926694393158
6.0
0.0
0.8203125596046448
3.0833539962768555
-4.420379161834717
7.0
0.0
0.8509896993637085
-2.3746588230133057
-4.1155171394348145
4.0
0.0
0.833679735660553
-2.287123441696167
0.5352106690406799
8.0
0.0
0.8192033171653748
-1.5811524391174316
-3.1285486221313477
4.0
0.0
0.8402642607688904
-1.8012545108795166
1.2199139595031738
10.0
0.0
0.8957962393760681
-0.9462036490440369
-1.419070839881897
3.0
0.0
0.8593323826789856
-0.3128901720046997
-2.264388084411621
4.0
0.0
1.0687944889068604
0.40653175115585327
-2.067992687225342
2.0
1.0
1.0683485269546509
0.41140520572662354
-1.2865161895751953
3.0
1.0
1.163151502609253
0.07992704212665558
0.6807283759117126
5.0
1.0
1.1060930490493774
1.005252718925476
-0.08723267167806625
6.0
1.0
1.1190693378448486
1.7521071434020996
-0.8748820424079895
2.0
1.0
1.082226276397705
2.2775256633758545
-1.9997659921646118
2.0
1.0
1.1644805669784546
2.0408358573913574
4.144536018371582
11.0
1.0
1.147742509841919
2.4677822589874268
1.2521754503250122
10.0
1.0
1.1705571413040161
-2.2904207706451416
1.5557079315185547
5.0
1.0
1.0702157020568848
-1.5709333419799805
-3.480403423309326
4.0
1.0
1.1258620023727417
-1.800315022468567
2.31577467918396
9.0
1.0
1.102992296218872
-0.9480776190757751
-1.2857040166854858
4.0
1.0
1.1649264097213745
-0.31622177362442017
-2.360879898071289
4.0
1.0
1.4287879467010498
0.07578479498624802
1.29447603225708
6.0
2.0
1.417663812637329
0.4096457064151764
-2.092846632003784
2.0
2.0
1.4178786277770996
0.4092526137828827
-1.0555201768875122
3.0
2.0
1.4307713508605957
1.0148804187774658
0.47758665680885315
4.0
2.0
1.376461386680603
1.7540642023086548
-0.618219792842865
3.0
2.0
1.4300894737243652
2.2726759910583496
-2.0017154216766357
2.0
2.0
1.3474408388137817
2.4710443019866943
1.8166369199752808
9.0
2.0
1.3626110553741455
-2.2921648025512695
2.1366090774536133
5.0
2.0
1.3352181911468506
-1.5579153299331665
-3.8513827323913574
4.0
2.0
1.4230467081069946
-1.7991633415222168
3.4584732055664062
8.0
2.0
1.3321651220321655
-0.9117153286933899
-1.151362419128418
3.0
2.0
1.3393909931182861
-0.9506961703300476
-1.1338183879852295
3.0
2.0
1.338581919670105
-0.31852126121520996
-2.4159486293792725
2.0
2.0
2.408454656600952
0.4170636236667633
-1.899999976158142
1.0
3.0
2.4124395847320557
0.40259602665901184
-0.30000001192092896
2.0
3.0
2.4037036895751953
-0.9610989093780518
-0.30000001192092896
1.0
3.0
2.3982558250427246
-1.517106533050537
-5.366666793823242
1.0
3.0
2.3983967304229736
0.05477228760719299
3.5
1.0
3.0
2.3948285579681396
1.0423120260238647
1.899999976158142
1.0
3.0
2.4148709774017334
2.4889750480651855
4.699999809265137
1.0
3.0
2.588960647583008
2.2566077709198
-1.899999976158142
2.0
4.0
2.582832098007202
-0.33383694291114807
-2.9666666984558105
1.0
4.0
2.582646369934082
1.7615622282028198
0.8333333134651184
1.0
4.0
2.587214708328247
2.4487812519073486
5.366666793823242
2.0
4.0
2.5800275802612305
-2.3012449741363525
6.0333333015441895
1.0
4.0
3.2269399166107178
0.42291805148124695
-2.433333396911621
1.0
5.0
3.229557514190674
-0.34236133098602295
-2.9666666984558105
1.0
5.0
3.2388198375701904
-1.4799593687057495
-6.699999809265137
2.0
5.0
3.2254984378814697
0.3971325159072876
0.30000001192092896
1.0
5.0
3.227060079574585
0.031426962465047836
5.366666793823242
2.0
5.0
3.4315147399902344
2.2436671257019043
-1.899999976158142
1.0
6.0
3.432288646697998
-3.031707286834717
-4.699999809265137
2.0
6.0
3.427375316619873
-3.0131897926330566
-4.699999809265137
5.0
6.0
3.435497760772705
-1.4710897207260132
-6.699999809265137
1.0
6.0
3.432514190673828
1.0689663887023926
4.0333333015441895
2.0
6.0
3.419466972351074
1.7667657136917114
1.3666666746139526
1.0
6.0
3.4198050498962402
-0.9676821231842041
0.30000001192092896
1.0
6.0
3.4271128177642822
0.12953810393810272
7.366666793823242
2.0
6.0
3.420856475830078
0.1678440421819687
7.366666793823242
3.0
6.0
3.419989585876465
0.21383586525917053
7.366666793823242
2.0
6.0
3.42044734954834
0.22029606997966766
7.366666793823242
1.0
6.0
