285
0.8257462382316589
0.3915049135684967
-0.8170517683029175
3.0
0.0
0.8200657367706299
0.5636139512062073
-0.05441888049244881
3.0
0.0
0.8289642930030823
0.887475848197937
-3.330583095550537
7.0
0.0
0.8209763765335083
1.1070197820663452
-0.6029499769210815
2.0
0.0
0.913118839263916
1.1072012186050415
-0.5858933329582214
2.0
0.0
0.8538374900817871
2.326112985610962
-0.16812999546527863
2.0
0.0
0.835301399230957
2.415252208709717
1.9829181432724
7.0
0.0
0.8192163705825806
3.1284475326538086
4.000799179077148
10.0
0.0
0.8322207927703857
-2.277601957321167
-0.6585060358047485
2.0
0.0
0.8315966725349426
-2.273359537124634
3.2152938842773438
10.0
0.0
0.8328598737716675
-1.7582390308380127
0.9435960054397583
4.0
0.0
0.8658006191253662
-1.3828506469726562
1.9659311771392822
7.0
0.0
0.8193426132202148
-1.034313678741455
2.8546674251556396
10.0
0.0
0.8577238917350769
-0.8305138945579529
0.06042933464050293
4.0
0.0
1.0700126886367798
0.3944363594055176
-0.8354080319404602
2.0
1.0
1.1250067949295044
0.5580970644950867
0.2085786610841751
4.0
1.0
1.1572420597076416
0.8770899176597595
-4.353335857391357
6.0
1.0
1.0808088779449463
1.1067683696746826
-0.5542166829109192
2.0
1.0
1.0738273859024048
2.3272082805633545
-0.0151073532178998
1.0
1.0
1.1780238151550293
2.4083008766174316
3.110788106918335
9.0
1.0
1.1700735092163086
-2.289515495300293
-0.6161080002784729
4.0
1.0
1.114075779914856
-1.3753294944763184
2.746966600418091
4.0
1.0
1.0755974054336548
-0.8263605237007141
0.2660839557647705
4.0
1.0
1.140912413597107
-1.051356315612793
4.2651286125183105
10.0
1.0
1.423377275466919
0.3993662893772125
-0.8612366914749146
2.0
2.0
1.356388807296753
0.5545943379402161
0.4085477590560913
3.0
2.0
1.3840880393981934
1.1071841716766357
-0.4975673258304596
2.0
2.0
1.4005513191223145
2.3277385234832764
0.21198995411396027
2.0
2.0
1.3761727809906006
2.383112668991089
0.2933746576309204
10.0
2.0
1.3799386024475098
2.3737504482269287
0.30214667320251465
4.0
2.0
1.3687756061553955
2.4026200771331787
3.737346649169922
8.0
2.0
1.3640632629394531
-2.2964372634887695
-0.5927160382270813
4.0
2.0
1.396194338798523
-1.7472398281097412
2.086998701095581
4.0
2.0
1.369275689125061
-1.3686611652374268
3.5547590255737305
6.0
2.0
1.402971863746643
-0.8187803626060486
0.5720855593681335
3.0
2.0
2.4094393253326416
0.41330820322036743
-0.8333333134651184
2.0
3.0
2.399543285369873
1.1100842952728271
-0.30000001192092896
2.0
3.0
2.395184278488159
0.5415107011795044
1.3666666746139526
1.0
3.0
2.5763723850250244
-2.3425703048706055
-0.30000001192092896
1.0
4.0
2.577434778213501
2.324413299560547
0.8333333134651184
1.0
4.0
2.576159954071045
-0.789939820766449
1.899999976158142
1.0
4.0
2.5765583515167236
1.8507604598999023
6.0333333015441895
4.0
4.0
2.5908334255218506
-1.726019024848938
4.699999809265137
2.0
4.0
2.5918173789978027
-1.942663550376892
6.699999809265137
3.0
4.0
2.577274799346924
-1.3387614488601685
7.366666793823242
1.0
4.0
2.5813355445861816
-1.245498776435852
7.366666793823242
4.0
4.0
3.227185010910034
0.4253339171409607
-0.8333333134651184
1.0
5.0
3.232250213623047
1.1132982969284058
-0.30000001192092896
1.0
5.0
3.2257184982299805
-2.3686881065368652
-0.30000001192092896
1.0
5.0
3.2273147106170654
2.3223519325256348
1.3666666746139526
2.0
5.0
3.2257518768310547
-0.7720985412597656
2.433333396911621
1.0
5.0
3.419468879699707
-2.1587045192718506
-4.0333333015441895
1.0
6.0
3.426600933074951
-2.0953047275543213
-4.0333333015441895
4.0
6.0
3.425171136856079
0.5313260555267334
2.433333396911621
2.0
6.0
3.419823408126831
1.7527002096176147
6.0333333015441895
2.0
6.0
3.4250965118408203
-1.7098021507263184
6.0333333015441895
1.0
6.0
3.423264265060425
-1.8142528533935547
7.366666793823242
2.0
6.0
