505
0.8193261623382568
0.5353893041610718
1.0483726263046265
2.0
0.0
0.8194478750228882
1.016338586807251
-2.98429799079895
10.0
0.0
0.8250876665115356
1.4451664686203003
1.0379762649536133
3.0
0.0
0.8319264054298401
1.91317617893219
-2.0416767597198486
8.0
0.0
0.8852616548538208
1.6995612382888794
1.9009997844696045
3.0
0.0
0.8406447172164917
-2.3268277645111084
-0.4447403848171234
5.0
0.0
0.8391814231872559
-1.7955293655395508
-0.7496373057365417
6.0
0.0
0.8248060345649719
-1.6935499906539917
-0.6114783883094788
4.0
0.0
0.8667997717857361
-1.909802794456482
-0.29727333784103394
6.0
0.0
0.8193294405937195
-1.5949136018753052
-0.28184109926223755
3.0
0.0
0.8322546482086182
-1.7542301416397095
-0.22521762549877167
7.0
0.0
0.8450889587402344
-1.8250309228897095
0.028265317901968956
4.0
0.0
0.8335967063903809
-1.7629965543746948
1.372449278831482
2.0
0.0
0.8205408453941345
-1.5195820331573486
2.622501850128174
5.0
0.0
0.8745339512825012
-1.4108976125717163
-0.3104313313961029
2.0
0.0
0.9121315479278564
-1.508589506149292
-0.2719320058822632
4.0
0.0
0.8193489909172058
-1.0725903511047363
0.012670655734837055
4.0
0.0
0.8197394013404846
-0.49322861433029175
-0.6935940384864807
6.0
0.0
0.842827320098877
-0.7670127749443054
-0.10234000533819199
2.0
0.0
0.8292503952980042
-0.16193348169326782
4.354797840118408
10.0
0.0
1.0797020196914673
0.7200369238853455
-2.397235155105591
5.0
1.0
1.1142077445983887
0.5877816677093506
-1.4197206497192383
4.0
1.0
1.1105313301086426
0.5987036824226379
-0.7459011673927307
3.0
1.0
1.0682501792907715
0.8052187561988831
-0.4026997983455658
3.0
1.0
1.0675002336502075
0.8142813444137573
-0.38012000918388367
4.0
1.0
1.0947974920272827
0.6519522070884705
-0.03508800268173218
4.0
1.0
1.1367778778076172
0.5290020108222961
1.1390166282653809
2.0
1.0
1.1031876802444458
1.014764428138733
-4.3095574378967285
12.0
1.0
1.1032658815383911
1.0145032405853271
-2.052722930908203
3.0
1.0
1.070238471031189
1.1777520179748535
-1.787775993347168
4.0
1.0
1.1570664644241333
0.877446174621582
-0.3669619858264923
2.0
1.0
1.1693931818008423
0.8533554077148438
-0.240580216050148
3.0
1.0
1.1751422882080078
1.235410213470459
-1.835534691810608
2.0
1.0
1.092543363571167
1.4461233615875244
1.111238718032837
4.0
1.0
1.0794497728347778
1.8995256423950195
-2.9126601219177246
8.0
1.0
1.1411540508270264
1.6969877481460571
2.2190659046173096
4.0
1.0
1.18942129611969
-2.323908805847168
-0.9648762345314026
3.0
1.0
1.126315951347351
-1.801485300064087
-0.25243866443634033
6.0
1.0
1.1334123611450195
-1.8191715478897095
-0.23700644075870514
3.0
1.0
1.0833688974380493
-1.6551607847213745
-0.22709733247756958
4.0
1.0
1.1452054977416992
-1.8463677167892456
-0.1707291156053543
3.0
1.0
1.1142077445983887
-1.7684128284454346
1.5582419633865356
2.0
1.0
1.1080577373504639
-1.3571685552597046
-0.3450319766998291
4.0
1.0
1.175047516822815
-1.5133106708526611
3.392439603805542
4.0
1.0
1.068392038345337
-0.7671796083450317
-0.3445446491241455
4.0
1.0
1.156365990638733
-1.0846233367919922
-0.3148173391819
4.0
1.0
1.0867664813995361
-0.49299880862236023
-1.1786531209945679
6.0
1.0
1.3614798784255981
0.5386548638343811
-1.2769320011138916
4.0
2.0
1.3365287780761719
0.634225606918335
-0.9367733597755432
2.0
2.0
1.3577889204025269
0.5500892996788025
-0.3312242329120636
3.0
2.0
1.3336857557296753
0.6498523950576782
-0.04239801689982414
2.0
2.0
1.3656070232391357
0.5265421271324158
1.2043192386627197
2.0
2.0
1.453649878501892
0.6641455292701721
-2.651611804962158
3.0
2.0
1.4245378971099854
0.711479663848877
-1.0576319694519043
2.0
2.0
1.3552106618881226
0.8726223707199097
-0.3653375506401062
3.0
2.0
1.334204912185669
1.2751734256744385
-1.8871920108795166
2.0
2.0
1.402475118637085
1.0671792030334473
-1.6516151428222656
5.0
2.0
1.4549528360366821
1.2905025482177734
-0.3700484335422516
6.0
2.0
1.373608946800232
1.447218656539917
1.1882373094558716
2.0
2.0
1.3371102809906006
1.8878780603408813
-3.820193290710449
8.0
2.0
1.402951955795288
1.6945339441299438
2.5435538291931152
5.0
2.0
1.3737698793411255
-2.3231112957000732
-1.239732265472412
3.0
2.0
1.4317976236343384
-1.8142887353897095
-0.5123060345649719
4.0
2.0
1.410539984703064
-1.776132345199585
1.7526880502700806
4.0
2.0
1.4373440742492676
-1.5093445777893066
3.963956594467163
6.0
2.0
1.3847485780715942
-1.0934767723083496
-0.5361853241920471
2.0
2.0
1.379429578781128
-0.766596794128418
-0.678486704826355
4.0
2.0
1.3966249227523804
-0.4915144741535187
-1.7419666051864624
2.0
2.0
2.403153657913208
-1.130601406097412
-1.3666666746139526
2.0
3.0
2.396578073501587
-0.48507601022720337
-3.5
1.0
3.0
2.400219202041626
0.45638763904571533
-6.0333333015441895
2.0
3.0
2.394859552383423
-2.101451873779297
-6.0333333015441895
1.0
3.0
2.410904884338379
-1.1628475189208984
-7.366666793823242
2.0
3.0
2.401127338409424
-0.596211850643158
-7.366666793823242
2.0
3.0
2.394822597503662
0.519256055355072
1.3666666746139526
2.0
3.0
2.4119718074798584
1.4513987302780151
1.3666666746139526
1.0
3.0
2.410163402557373
1.6837674379348755
4.0333333015441895
1.0
3.0
2.4014134407043457
-1.4965635538101196
6.0333333015441895
1.0
3.0
2.5970442295074463
1.705610752105713
-0.30000001192092896
3.0
4.0
2.5815019607543945
2.4206979274749756
-1.3666666746139526
2.0
4.0
2.59590744972229
2.4797022342681885
-0.8333333134651184
2.0
4.0
2.5775187015533447
-2.3234052658081055
-2.9666666984558105
1.0
4.0
2.5776944160461426
-1.7977901697158813
-1.3666666746139526
1.0
4.0
2.576857805252075
-0.7616848945617676
-1.899999976158142
1.0
4.0
2.576207160949707
-0.2693687379360199
-4.0333333015441895
3.0
4.0
2.584103584289551
-1.9111562967300415
-6.699999809265137
2.0
4.0
2.5771987438201904
-1.8038395643234253
2.433333396911621
1.0
4.0
3.2265396118164062
2.3304054737091064
-3.5
2.0
5.0
3.2255337238311768
-2.349745988845825
-4.0333333015441895
2.0
5.0
3.225687026977539
-2.3445067405700684
-4.0333333015441895
3.0
5.0
3.2269399166107178
-2.3259754180908203
-4.0333333015441895
3.0
5.0
3.2262589931488037
-1.1559334993362427
-2.433333396911621
1.0
5.0
3.2265732288360596
-0.7592064142227173
-2.433333396911621
1.0
5.0
3.4222421646118164
2.5122671127319336
-0.8333333134651184
2.0
6.0
3.4200124740600586
-1.7850122451782227
-2.433333396911621
1.0
6.0
3.429238796234131
0.5135374069213867
-6.0333333015441895
1.0
6.0
3.4196743965148926
-2.148820400238037
-6.699999809265137
1.0
6.0
3.4203267097473145
-0.17392289638519287
-7.366666793823242
1.0
6.0
3.4289467334747314
0.5146715044975281
1.899999976158142
2.0
6.0
3.430659770965576
1.4552479982376099
1.899999976158142
1.0
6.0
3.4250965118408203
-1.8244895935058594
2.9666666984558105
1.0
6.0
