560
0.8497875332832336
0.24841007590293884
-4.363570213317871
1.0
0.0
0.8780328035354614
0.14938373863697052
-3.532179355621338
2.0
0.0
0.8649616837501526
0.19079266488552094
-2.857266426086426
3.0
0.0
0.8388908505439758
0.30042970180511475
-2.230762004852295
6.0
0.0
0.8430384397506714
0.8027505278587341
-4.487840175628662
2.0
0.0
0.8194079995155334
1.0639079809188843
-3.5823745727539062
2.0
0.0
0.9050913453102112
1.1255569458007812
-4.094886779785156
3.0
0.0
0.8194433450698853
1.589328646659851
-3.7842931747436523
3.0
0.0
0.8496685028076172
1.2961158752441406
-2.109903335571289
6.0
0.0
0.8192382454872131
2.6221296787261963
-3.2230913639068604
2.0
0.0
0.8474490642547607
2.876596450805664
-3.9873485565185547
1.0
0.0
0.819258451461792
-3.1352696418762207
-3.0505752563476562
2.0
0.0
0.8364590406417847
2.9320223331451416
-2.9238686561584473
2.0
0.0
0.8256340622901917
-2.7490110397338867
-3.268575668334961
3.0
0.0
0.8204317688941956
-2.5691471099853516
-0.5344448685646057
7.0
0.0
0.8287015557289124
-2.252056121826172
-4.375753402709961
4.0
0.0
0.8482962250709534
-2.3631350994110107
-3.133746862411499
3.0
0.0
0.8733168244361877
-2.4543471336364746
-1.8703303337097168
5.0
0.0
0.8195657134056091
-1.5467993021011353
-3.0762414932250977
3.0
0.0
0.8296821117401123
-1.736006498336792
-0.9808421730995178
7.0
0.0
0.8213071823120117
-0.6013711094856262
-3.533154010772705
2.0
0.0
0.8976792693138123
-0.4273209273815155
-2.5793240070343018
4.0
0.0
1.1287742853164673
0.15575727820396423
-3.492424249649048
3.0
1.0
1.119900107383728
0.17902731895446777
-2.6173360347747803
4.0
1.0
1.0843762159347534
0.30346250534057617
-1.8101933002471924
4.0
1.0
1.0775212049484253
1.125199794769287
-4.173997402191162
2.0
1.0
1.0893839597702026
1.0663822889328003
-3.5529723167419434
3.0
1.0
1.0710898637771606
1.5629613399505615
-3.769998073577881
2.0
1.0
1.1464751958847046
1.2924398183822632
-1.5679887533187866
6.0
1.0
1.1486109495162964
2.073209762573242
-1.4504767656326294
9.0
1.0
1.0941400527954102
2.617969512939453
-3.072342872619629
3.0
1.0
1.1393098831176758
2.8793039321899414
-4.0950493812561035
4.0
1.0
1.0698646306991577
-3.1384665966033936
-2.85921573638916
3.0
1.0
1.118472933769226
2.9318556785583496
-2.671754837036133
3.0
1.0
1.0693769454956055
-2.7410426139831543
-3.1496665477752686
3.0
1.0
1.0707834959030151
-2.3613955974578857
-2.9904708862304688
3.0
1.0
1.0878270864486694
-2.4612011909484863
-1.4226446151733398
3.0
1.0
1.1196423768997192
-2.569159746170044
0.6158991456031799
7.0
1.0
1.1060930490493774
-1.7436408996582031
-0.06920134276151657
8.0
1.0
1.119900107383728
-0.6063708662986755
-3.4808907508850098
4.0
1.0
1.074662685394287
-0.4274718165397644
-2.3628294467926025
2.0
1.0
1.385412573814392
0.1616157442331314
-3.4511632919311523
2.0
2.0
1.3822559118270874
0.16904307901859283
-2.369652032852173
4.0
2.0
1.3392882347106934
0.30642542243003845
-1.3721569776535034
5.0
2.0
1.3771237134933472
1.1240782737731934
-4.311587810516357
3.0
2.0
1.3477637767791748
1.5273336172103882
-3.7159039974212646
2.0
2.0
1.4569865465164185
1.2874646186828613
-1.0037329196929932
5.0
2.0
1.400502324104309
2.0136799812316895
-1.2153655290603638
3.0
2.0
1.3662769794464111
2.095432758331299
-0.9401846528053284
6.0
2.0
1.4146252870559692
2.614375352859497
-2.8960907459259033
4.0
2.0
1.4409313201904297
2.8830668926239014
-4.207948207855225
3.0
2.0
1.3375707864761353
-3.1409897804260254
-2.655348062515259
2.0
2.0
1.4127293825149536
2.9320931434631348
-2.4076640605926514
4.0
2.0
1.416218876838684
-2.729290246963501
-2.9813740253448486
2.0
2.0
1.3883730173110962
-2.3584368228912354
-2.7859532833099365
4.0
2.0
1.4487987756729126
-2.4700369834899902
-0.6682526469230652
6.0
2.0
1.3976545333862305
-1.7503200769424438
0.8956284523010254
7.0
2.0
1.334204912185669
-0.6097821593284607
-3.4438533782958984
2.0
2.0
1.3700498342514038
-0.4282894432544708
-2.0031774044036865
2.0
2.0
2.411358118057251
0.1172565296292305
-1.3666666746139526
1.0
3.0
2.412282943725586
0.12046778202056885
-1.3666666746139526
1.0
3.0
2.395867109298706
1.0770450830459595
-3.5
1.0
3.0
2.40533709526062
1.4771591424942017
-3.5
1.0
3.0
2.394955635070801
2.6065945625305176
-2.433333396911621
1.0
3.0
2.39513897895813
3.1247661113739014
-1.899999976158142
9.0
3.0
2.394859552383423
3.134535789489746
-1.899999976158142
3.0
3.0
2.3976564407348633
-3.092775583267212
-1.899999976158142
2.0
3.0
2.4020044803619385
-2.695465087890625
-2.433333396911621
1.0
3.0
2.4083168506622314
-0.6295971870422363
-3.5
2.0
3.0
2.4043869972229004
-0.4342680871486664
-0.8333333134651184
1.0
3.0
2.4008476734161377
1.1181904077529907
-4.699999809265137
1.0
3.0
2.399543285369873
1.6336830854415894
-7.366666793823242
2.0
3.0
2.4112062454223633
-2.211116075515747
-6.699999809265137
2.0
3.0
2.4029383659362793
0.9648719429969788
0.8333333134651184
8.0
3.0
2.3986868858337402
2.151331901550293
1.3666666746139526
1.0
3.0
2.4148709774017334
-2.4889750480651855
1.3666666746139526
1.0
3.0
2.3981175422668457
-2.5653867721557617
5.366666793823242
5.0
3.0
2.5840017795562744
0.18374031782150269
-3.5
1.0
4.0
2.5776495933532715
1.8668972253799438
-0.30000001192092896
2.0
4.0
2.5803182125091553
2.9367549419403076
-1.3666666746139526
1.0
4.0
2.5763723850250244
-2.3425703048706055
-1.899999976158142
1.0
4.0
2.57673978805542
2.901489019393921
-4.699999809265137
1.0
4.0
2.5967161655426025
-2.2302026748657227
-7.366666793823242
1.0
4.0
2.5781795978546143
-2.3960392475128174
-6.699999809265137
1.0
4.0
2.589747905731201
-0.3643830120563507
-6.699999809265137
2.0
4.0
2.579956531524658
0.31624579429626465
0.8333333134651184
2.0
4.0
2.578284502029419
1.2681444883346558
0.8333333134651184
1.0
4.0
2.579092025756836
-1.7846922874450684
4.699999809265137
1.0
4.0
3.2397797107696533
1.0840634107589722
-3.5
2.0
5.0
3.2423243522644043
1.4687789678573608
-3.5
2.0
5.0
3.2256052494049072
3.1323230266571045
-1.3666666746139526
1.0
5.0
3.235928773880005
-2.668458938598633
-1.899999976158142
2.0
5.0
3.227587938308716
-2.319936513900757
-1.3666666746139526
2.0
5.0
3.238236665725708
0.303861141204834
-6.0333333015441895
1.0
5.0
3.232250213623047
1.1132982969284058
-5.366666793823242
1.0
5.0
3.2267136573791504
-2.3839972019195557
-7.366666793823242
1.0
5.0
3.2256720066070557
-0.38141438364982605
-7.366666793823242
2.0
5.0
3.2338497638702393
0.320679247379303
1.899999976158142
1.0
5.0
3.235413074493408
1.2565293312072754
2.433333396911621
1.0
5.0
3.2291743755340576
-0.4406244158744812
0.30000001192092896
1.0
5.0
3.419466972351074
0.19672971963882446
-2.9666666984558105
1.0
6.0
3.434509754180908
1.4680757522583008
-3.5
1.0
6.0
3.423203229904175
2.599271774291992
-1.899999976158142
1.0
6.0
3.4194867610931396
2.941821575164795
-0.8333333134651184
1.0
6.0
3.4256300926208496
-0.649044394493103
-2.9666666984558105
2.0
6.0
3.419719696044922
-0.1841845065355301
-1.3666666746139526
4.0
6.0
3.420931577682495
2.915977954864502
-4.699999809265137
1.0
6.0
3.434147357940674
-1.674647569656372
-6.0333333015441895
8.0
6.0
3.4221384525299072
1.8066636323928833
0.8333333134651184
2.0
6.0
3.420677423477173
2.186450958251953
4.0333333015441895
2.0
6.0
3.4237048625946045
-2.502782106399536
3.5
1.0
6.0
3.422905683517456
-1.8119765520095825
7.366666793823242
2.0
6.0
