880
0.8454754948616028
0.26756638288497925
-2.805933952331543
4.0
0.0
0.8193668127059937
0.49711260199546814
-0.563476026058197
4.0
0.0
0.8354417681694031
0.3200155794620514
0.4141358435153961
5.0
0.0
0.8328464031219482
0.8598430752754211
3.8243355751037598
12.0
0.0
0.8866835236549377
1.1720662117004395
-3.124650001525879
6.0
0.0
0.8604673743247986
1.253770112991333
-2.4552602767944336
3.0
0.0
0.8289740681648254
1.4109983444213867
-2.082125425338745
4.0
0.0
0.8193855881690979
1.5432168245315552
-0.7579219937324524
2.0
0.0
0.8193188905715942
1.5474079847335815
0.9710491299629211
3.0
0.0
0.8252852559089661
1.4431902170181274
2.2687740325927734
10.0
0.0
0.8253943920135498
1.442112684249878
2.2829065322875977
8.0
0.0
0.8192073106765747
2.083036422729492
-2.1345949172973633
3.0
0.0
0.8192429542541504
2.0990777015686035
-1.8540533781051636
2.0
0.0
0.8381261229515076
1.8754018545150757
-1.4782006740570068
2.0
0.0
0.823592483997345
1.9849681854248047
2.1248481273651123
3.0
0.0
0.8294000029563904
2.4549169540405273
-3.6630630493164062
7.0
0.0
0.8755312561988831
2.251258134841919
-2.249605655670166
3.0
0.0
0.8532921671867371
2.3282957077026367
2.1267974376678467
3.0
0.0
0.8880611658096313
2.2155351638793945
2.9984307289123535
4.0
0.0
0.8193946480751038
-2.6020121574401855
-3.981987953186035
6.0
0.0
0.8198416829109192
-2.5843472480773926
0.2992226183414459
4.0
0.0
0.8679777383804321
-2.4373040199279785
-2.880983352661133
7.0
0.0
0.820561408996582
-2.0427446365356445
2.2697486877441406
1.0
0.0
0.8329949378967285
-1.7591207027435303
0.9112695455551147
3.0
0.0
0.8499067425727844
-1.846493124961853
2.1371939182281494
2.0
0.0
0.9063014388084412
-2.018869400024414
2.281444549560547
2.0
0.0
0.8196448087692261
-1.543745517730713
3.994171380996704
13.0
0.0
0.8532086610794067
-1.3365596532821655
-0.8724453449249268
2.0
0.0
0.8649616837501526
-1.3800036907196045
-0.6074984669685364
3.0
0.0
0.8937539458274841
-1.4646072387695312
2.854017496109009
3.0
0.0
0.8249588012695312
-1.1715203523635864
3.4788084030151367
11.0
0.0
0.8991507887840271
-0.9545572400093079
-1.6298800706863403
4.0
0.0
0.8264279961585999
-0.13844498991966248
-4.231293678283691
7.0
0.0
0.8262432813644409
-0.1367558091878891
-2.2361226081848145
2.0
0.0
0.8195222020149231
0.02217559702694416
-1.2642613649368286
2.0
0.0
1.0913987159729004
0.2726263105869293
-3.165585994720459
4.0
1.0
1.0794497728347778
0.3287292718887329
0.992816686630249
6.0
1.0
1.152612566947937
0.4939267635345459
-0.15610912442207336
3.0
1.0
1.0711783170700073
1.1695139408111572
-3.4460949897766113
5.0
1.0
1.1174932718276978
1.3637943267822266
-4.135863304138184
8.0
1.0
1.162814974784851
1.2586826086044312
-2.763373613357544
3.0
1.0
1.1036977767944336
1.4057660102844238
-2.249768018722534
4.0
1.0
1.0691285133361816
1.5811505317687988
0.9788464307785034
3.0
1.0
1.0765069723129272
1.9167659282684326
-1.4908713102340698
2.0
1.0
1.0852352380752563
1.8702057600021362
-1.4513972997665405
4.0
1.0
1.1720012426376343
1.6338812112808228
-0.7342051267623901
3.0
1.0
1.0692795515060425
1.9723197221755981
2.119649887084961
2.0
1.0
1.0875520706176758
2.252397298812866
-2.4135119915008545
4.0
1.0
1.1483123302459717
2.0738525390625
-2.3589305877685547
2.0
1.0
1.1365163326263428
2.1004135608673096
-1.964028239250183
3.0
1.0
1.0833688974380493
2.2718300819396973
2.108928680419922
2.0
1.0
1.0995570421218872
2.2053136825561523
3.0174367427825928
2.0
1.0
1.1532182693481445
2.456157684326172
-4.476352691650391
7.0
1.0
1.0832860469818115
-2.440152406692505
-3.2074966430664062
3.0
1.0
1.124986171722412
-2.583441734313965
0.9983862042427063
7.0
1.0
1.0743602514266968
-1.9962025880813599
2.2999632358551025
2.0
1.0
1.1252965927124023
-1.7988510131835938
0.8972993493080139
2.0
1.0
1.1393630504608154
-1.8332074880599976
2.135894536972046
3.0
1.0
1.1251516342163086
-1.4057751893997192
-0.890476644039154
1.0
1.0
1.1174253225326538
-1.3849081993103027
-0.3226146697998047
4.0
1.0
1.1441633701324463
-1.451363205909729
2.826401948928833
2.0
1.0
1.105608582496643
-0.956682562828064
-1.644012689590454
2.0
1.0
1.0958852767944336
-0.13755400478839874
-2.4526610374450684
3.0
1.0
1.0681051015853882
0.021492714062333107
-1.1708557605743408
3.0
1.0
1.3459945917129517
0.27755698561668396
-3.535590648651123
4.0
2.0
1.332957148551941
0.3400268256664276
1.5923553705215454
3.0
2.0
1.3791505098342896
0.490725576877594
0.12154092639684677
5.0
2.0
1.457324743270874
0.34448447823524475
1.8847553730010986
6.0
2.0
1.3582617044448853
1.176908254623413
-3.989298105239868
7.0
2.0
1.3616708517074585
1.1663979291915894
-3.952455520629883
5.0
2.0
1.3367213010787964
1.2615489959716797
-2.939950704574585
4.0
2.0
1.3939181566238403
1.399225115776062
-2.426182746887207
4.0
2.0
1.3419126272201538
1.8653063774108887
-1.4232944250106812
3.0
2.0
1.4122581481933594
1.6763471364974976
-0.7189353704452515
1.0
2.0
1.4406945705413818
1.6268105506896973
0.9884306788444519
2.0
2.0
1.3640997409820557
2.1016862392425537
-2.0423264503479004
3.0
2.0
1.4502640962600708
1.9259363412857056
-1.4879473447799683
2.0
2.0
1.4391021728515625
1.9435423612594604
-1.4367773532867432
4.0
2.0
1.4158991575241089
1.9836896657943726
2.1084413528442383
4.0
2.0
1.3363375663757324
2.206017255783081
3.03887939453125
2.0
2.0
1.4409313201904297
2.2547483444213867
-2.687349557876587
3.0
2.0
1.4429519176483154
2.2515180110931396
2.0832624435424805
3.0
2.0
1.3332158327102661
-2.803122043609619
1.8844304084777832
3.0
2.0
1.3550033569335938
-2.5824410915374756
1.5258830785751343
5.0
2.0
1.4086830615997314
-2.715031147003174
1.8818312883377075
2.0
2.0
1.4327938556671143
-2.4442827701568604
-3.7380290031433105
5.0
2.0
1.3680495023727417
-1.993605136871338
2.3279037475585938
3.0
2.0
1.4473408460617065
-1.8394575119018555
0.8797553181648254
2.0
2.0
1.4517368078231812
-1.846226692199707
2.1323206424713135
2.0
2.0
1.4081192016601562
-1.4572985172271729
-0.9122442603111267
3.0
2.0
1.3779151439666748
-1.3911738395690918
-0.02826533652842045
4.0
2.0
1.4057797193527222
-1.4527080059051514
2.7991113662719727
1.0
2.0
1.3412164449691772
-0.9590536952018738
-1.6596072912216187
1.0
2.0
1.37981116771698
-0.13921235501766205
-2.6806893348693848
2.0
2.0
1.3338192701339722
0.020756501704454422
-1.0714397430419922
3.0
2.0
2.395096778869629
0.015741141512989998
-0.8333333134651184
1.0
3.0
2.406845808029175
0.6236891150474548
-3.5
3.0
3.0
2.3980495929718018
2.0423293113708496
-2.9666666984558105
2.0
3.0
2.3950204849243164
2.1079652309417725
-2.433333396911621
1.0
3.0
2.4119718074798584
1.9749975204467773
-1.3666666746139526
1.0
3.0
2.4007556438446045
2.023942232131958
-1.3666666746139526
2.0
3.0
2.394890308380127
-1.579481601715088
-0.8333333134651184
2.0
3.0
2.4020044803619385
-0.9697263836860657
-1.899999976158142
1.0
3.0
2.400484323501587
-3.072760581970215
-5.366666793823242
3.0
3.0
2.397347927093506
0.4774898290634155
1.3666666746139526
1.0
3.0
2.394850730895996
2.1009092330932617
1.899999976158142
2.0
3.0
2.3950204849243164
2.6044235229492188
1.899999976158142
1.0
3.0
2.3997914791107178
-2.553485155105591
1.899999976158142
1.0
3.0
2.4059536457061768
-2.521667003631592
1.899999976158142
4.0
3.0
2.3968372344970703
-2.576761245727539
4.0333333015441895
2.0
3.0
2.417457103729248
-1.9573769569396973
0.8333333134651184
2.0
3.0
2.3954522609710693
-2.1177330017089844
2.433333396911621
3.0
3.0
2.3986868858337402
-1.5138593912124634
2.433333396911621
1.0
3.0
2.3986868858337402
-2.5610570907592773
5.366666793823242
3.0
3.0
2.577125310897827
1.2812492847442627
-4.0333333015441895
1.0
4.0
2.580099105834961
1.3644496202468872
-2.9666666984558105
4.0
4.0
2.582282543182373
1.3780217170715332
-2.9666666984558105
1.0
4.0
2.576228141784668
1.8411742448806763
-1.3666666746139526
1.0
4.0
2.5762174129486084
1.824521780014038
-0.8333333134651184
2.0
4.0
2.5873351097106934
2.2631072998046875
-3.5
1.0
4.0
2.5928328037261963
-0.14824312925338745
-3.5
2.0
4.0
2.5776944160461426
0.2966049611568451
-5.366666793823242
1.0
4.0
2.5887036323547363
-2.4547817707061768
-5.366666793823242
2.0
4.0
2.5800275802612305
1.7776461839675903
0.8333333134651184
3.0
4.0
2.576188802719116
2.3496344089508057
1.899999976158142
1.0
4.0
2.576138496398926
2.3541760444641113
1.899999976158142
2.0
4.0
2.5839006900787354
2.278636932373047
2.9666666984558105
2.0
4.0
2.5766069889068604
2.86061954498291
2.9666666984558105
2.0
4.0
2.5761542320251465
-2.8838303089141846
4.0333333015441895
4.0
4.0
2.5905582904815674
-2.461773157119751
1.899999976158142
2.0
4.0
2.5916748046875
-1.4185662269592285
1.3666666746139526
2.0
4.0
2.596553087234497
0.3872944712638855
4.699999809265137
2.0
4.0
2.5858190059661865
-2.4427742958068848
6.0333333015441895
4.0
4.0
3.2256577014923096
0.010881716385483742
-0.30000001192092896
1.0
5.0
3.2309701442718506
2.0218701362609863
-4.0333333015441895
1.0
5.0
3.2320828437805176
2.027491569519043
-1.3666666746139526
3.0
5.0
3.2335715293884277
1.8926784992218018
-0.30000001192092896
2.0
5.0
3.2378928661346436
2.2685563564300537
-4.0333333015441895
2.0
5.0
3.231046199798584
-1.6295727491378784
-0.8333333134651184
2.0
5.0
3.237779378890991
0.3054608404636383
-6.0333333015441895
1.0
5.0
3.2338497638702393
0.46471890807151794
2.433333396911621
1.0
5.0
3.2399020195007324
1.8690621852874756
0.8333333134651184
3.0
5.0
3.226288080215454
2.333627939224243
2.9666666984558105
2.0
5.0
3.232419729232788
2.6832919120788574
1.899999976158142
3.0
5.0
3.2289295196533203
3.09527587890625
4.0333333015441895
3.0
5.0
3.241929531097412
-2.8497142791748047
3.5
3.0
5.0
3.2362444400787354
-2.2745587825775146
2.433333396911621
3.0
5.0
3.2360334396362305
-2.044330358505249
0.8333333134651184
3.0
5.0
3.225769519805908
-1.5844988822937012
2.433333396911621
2.0
5.0
3.226473569869995
0.4176825284957886
6.0333333015441895
2.0
5.0
3.237666368484497
-2.443032741546631
6.699999809265137
2.0
5.0
3.226750135421753
-1.9917008876800537
6.699999809265137
2.0
5.0
3.2408993244171143
-2.0611233711242676
7.366666793823242
1.0
5.0
3.4195756912231445
1.366463303565979
-3.5
1.0
6.0
3.426351547241211
1.830550193786621
-1.3666666746139526
1.0
6.0
3.4230828285217285
2.1138761043548584
-2.9666666984558105
1.0
6.0
3.424034357070923
2.108186960220337
-1.3666666746139526
2.0
6.0
3.419468879699707
-0.9806071519851685
-1.899999976158142
1.0
6.0
3.4208195209503174
-2.9733686447143555
-6.0333333015441895
2.0
6.0
3.4335529804229736
-2.461930751800537
-6.699999809265137
1.0
6.0
3.4298360347747803
-1.0595265626907349
-7.366666793823242
3.0
6.0
3.42164945602417
2.516822576522827
1.899999976158142
4.0
6.0
3.419689178466797
2.9566478729248047
2.9666666984558105
2.0
6.0
3.4209697246551514
2.9748880863189697
2.9666666984558105
10.0
6.0
3.423264265060425
2.9923501014709473
2.9666666984558105
6.0
6.0
3.426269292831421
-2.8822174072265625
3.5
4.0
6.0
3.434999942779541
-2.6476802825927734
1.899999976158142
5.0
6.0
3.421008586883545
-2.522519111633301
1.899999976158142
3.0
6.0
3.434631586074829
-2.0658390522003174
0.8333333134651184
2.0
6.0
3.4230828285217285
-2.1138761043548584
1.899999976158142
3.0
6.0
3.42586612701416
-1.4355789422988892
2.433333396911621
1.0
6.0
3.4269402027130127
-2.618598461151123
5.366666793823242
2.0
6.0
3.4199235439300537
-2.56889009475708
6.0333333015441895
1.0
6.0
3.4228477478027344
-2.5080926418304443
6.0333333015441895
3.0
6.0
3.4199025630950928
-1.7831119298934937
5.366666793823242
2.0
6.0
3.430450916290283
-1.6871000528335571
5.366666793823242
1.0
6.0
