365
0.8508684635162354
0.24384194612503052
0.48879531025886536
6.0
0.0
0.8615245819091797
1.2499744892120361
0.2319706231355667
4.0
0.0
0.8213827610015869
1.4917546510696411
1.1606217622756958
6.0
0.0
0.851997971534729
1.2863566875457764
1.6265904903411865
8.0
0.0
0.8202996850013733
2.1402297019958496
-0.5301749110221863
3.0
0.0
0.8596034646034241
1.7805112600326538
2.196648597717285
14.0
0.0
0.8726664781570435
1.7364656925201416
3.981987953186035
12.0
0.0
0.821118950843811
2.5434868335723877
-3.8172693252563477
8.0
0.0
0.8198549747467041
2.571838855743408
-0.0731000080704689
4.0
0.0
0.8440715670585632
2.892159938812256
-0.9364484548568726
6.0
0.0
0.8205087780952454
3.07896089553833
0.3833363950252533
5.0
0.0
0.868522047996521
2.79689884185791
2.895765781402588
6.0
0.0
0.8995205163955688
-3.0498597621917725
-3.813370704650879
8.0
0.0
0.8536608815193176
-2.909169912338257
-3.1981399059295654
5.0
0.0
0.8920902609825134
-1.9839099645614624
-1.1302446126937866
5.0
0.0
0.8320372104644775
-1.2291675806045532
-1.4642304182052612
3.0
0.0
0.8267936110496521
-0.6653239727020264
-4.279748439788818
8.0
0.0
0.8193761110305786
-0.02703282982110977
-1.9685766696929932
1.0
0.0
0.8284996151924133
-0.1560574620962143
-0.36355066299438477
2.0
0.0
1.1147109270095825
0.19362324476242065
0.9910622835159302
5.0
1.0
1.0941743850708008
1.439739465713501
0.36647462844848633
4.0
1.0
1.0833688974380493
1.4864319562911987
1.9037612676620483
4.0
1.0
1.0734232664108276
1.5447067022323608
1.9213052988052368
16.0
1.0
1.1220026016235352
2.136828660964966
-0.26121068000793457
2.0
1.0
1.1050667762756348
2.5793659687042236
0.34259533882141113
4.0
1.0
1.133054256439209
2.8940839767456055
-0.8246866464614868
4.0
1.0
1.079731822013855
3.0760676860809326
0.9072409272193909
5.0
1.0
1.080182433128357
3.0736138820648193
3.1790363788604736
5.0
1.0
1.1041951179504395
-2.915567636489868
-3.77175235748291
5.0
1.0
1.073404312133789
-1.989446997642517
-1.1045784950256348
3.0
1.0
1.077020287513733
-1.2279807329177856
-1.522504210472107
3.0
1.0
1.0735570192337036
-0.027055390179157257
-2.1872267723083496
3.0
1.0
1.1004958152770996
-0.15416553616523743
-0.07228778302669525
3.0
1.0
1.4460712671279907
1.3041173219680786
1.8452813625335693
6.0
2.0
1.4509994983673096
1.6106505393981934
0.5586026906967163
4.0
2.0
1.353481650352478
2.135075092315674
-0.05474376678466797
3.0
2.0
1.4294945001602173
2.5878498554229736
0.815427303314209
4.0
2.0
1.4328283071517944
2.896367073059082
-0.7087013125419617
4.0
2.0
1.3546936511993408
3.0734589099884033
1.4626059532165527
3.0
2.0
1.3631932735443115
-2.922206163406372
-4.364544868469238
6.0
2.0
1.3699722290039062
-1.9988752603530884
-1.062667727470398
3.0
2.0
1.3323067426681519
-1.2267650365829468
-1.5830960273742676
2.0
2.0
1.4571367502212524
-1.2260327339172363
-1.6128233671188354
1.0
2.0
1.3437082767486572
-0.02731814980506897
-2.4191975593566895
3.0
2.0
1.3855457305908203
-0.15285226702690125
0.23294532299041748
2.0
2.0
2.395867109298706
-0.029847489669919014
-3.5
1.0
3.0
2.3991434574127197
-2.034212350845337
-0.8333333134651184
1.0
3.0
2.4050955772399902
0.09256087243556976
3.5
1.0
3.0
2.398613452911377
1.103593349456787
1.899999976158142
2.0
3.0
2.396199941635132
2.1285808086395264
0.8333333134651184
1.0
3.0
2.3948004245758057
2.6174509525299072
2.433333396911621
1.0
3.0
2.4020044803619385
3.0641214847564697
3.5
1.0
3.0
2.576920747756958
2.904515266418457
-0.30000001192092896
1.0
4.0
2.586505174636841
-1.2194128036499023
-1.899999976158142
2.0
4.0
2.582554340362549
-2.950324535369873
-7.366666793823242
2.0
4.0
2.5780773162841797
1.871432900428772
1.3666666746139526
3.0
4.0
2.5931286811828613
-0.14724694192409515
1.3666666746139526
2.0
4.0
2.5918173789978027
-2.7697255611419678
4.699999809265137
1.0
4.0
3.2271013259887695
-0.0318295992910862
-4.0333333015441895
1.0
5.0
3.241539239883423
-2.0631189346313477
-0.8333333134651184
2.0
5.0
3.227731704711914
-1.2155627012252808
-1.899999976158142
1.0
5.0
3.225865125656128
1.979212760925293
1.3666666746139526
3.0
5.0
3.2411537170410156
2.6504671573638916
3.5
1.0
5.0
3.2317545413970947
0.06239050254225731
4.699999809265137
1.0
5.0
3.236999273300171
3.057154893875122
5.366666793823242
2.0
5.0
3.2301673889160156
-2.6949381828308105
5.366666793823242
2.0
5.0
3.419633626937866
2.169729232788086
-0.30000001192092896
2.0
6.0
3.433318853378296
-2.069985866546631
-0.8333333134651184
1.0
6.0
3.4209697246551514
1.0113927125930786
1.3666666746139526
2.0
6.0
3.4289467334747314
1.3000696897506714
1.3666666746139526
8.0
6.0
3.4218392372131348
2.1226048469543457
1.899999976158142
2.0
6.0
3.4214234352111816
2.9114203453063965
0.30000001192092896
1.0
6.0
3.4242377281188965
-0.14355415105819702
2.433333396911621
1.0
6.0
