405
0.8383567333221436
0.303337037563324
-2.18550968170166
7.0
0.0
0.8206882476806641
1.101463794708252
-3.1861515045166016
10.0
0.0
0.883293628692627
0.6578393578529358
-1.2233253717422485
8.0
0.0
0.8424913883209229
1.3290362358093262
-0.3613089323043823
5.0
0.0
0.8250520825386047
1.969124674797058
1.8792321681976318
3.0
0.0
0.8757158517837524
1.7271009683609009
3.346508502960205
8.0
0.0
0.819873034954071
2.5712928771972656
1.8345600366592407
2.0
0.0
0.8584727644920349
2.831878662109375
-3.251206636428833
13.0
0.0
0.8195138573646545
-3.119781255722046
-0.763932466506958
6.0
0.0
0.9070694446563721
2.6917340755462646
0.7145493626594543
4.0
0.0
0.8292272090911865
-2.7797493934631348
1.9932682514190674
3.0
0.0
0.8392056822776794
-1.7956596612930298
-2.1866583824157715
8.0
0.0
0.8229689002037048
-1.1490439176559448
0.9395349025726318
3.0
0.0
0.8193904757499695
-1.0750503540039062
2.815680742263794
4.0
0.0
0.8197515606880188
-0.5664774775505066
-2.8073959350585938
12.0
0.0
0.819196879863739
-0.5313116312026978
1.7323824167251587
3.0
0.0
0.8943760991096497
-0.41900137066841125
3.312955617904663
5.0
0.0
1.084754467010498
0.3016667664051056
-3.218078851699829
7.0
1.0
1.0916950702667236
0.6641244292259216
-1.821036458015442
8.0
1.0
1.13149893283844
1.3270825147628784
-0.9394049644470215
5.0
1.0
1.0702537298202515
1.963011384010315
2.0449254512786865
3.0
1.0
1.121861219406128
1.7445086240768433
3.9191219806671143
6.0
1.0
1.0780788660049438
2.692711353302002
0.5985640287399292
2.0
1.0
1.1049269437789917
2.5798215866088867
2.006913661956787
3.0
1.0
1.0685619115829468
-3.1252541542053223
-1.3987653255462646
8.0
1.0
1.0734423398971558
-2.7751212120056152
2.189176082611084
3.0
1.0
1.1232813596725464
-1.7935681343078613
-3.3761138916015625
10.0
1.0
1.0676432847976685
-1.1510275602340698
0.8228997588157654
3.0
1.0
1.0834518671035767
-0.870168924331665
-1.9256913661956787
5.0
1.0
1.1592175960540771
-1.0903877019882202
3.4305002689361572
5.0
1.0
1.1026030778884888
-0.5540712475776672
-4.244335651397705
6.0
1.0
1.102992296218872
-0.5553785562515259
-4.235888481140137
10.0
1.0
1.0969195365905762
-0.534088671207428
1.8701353073120117
2.0
1.0
1.0734347105026245
-0.4188714921474457
3.7113230228424072
5.0
1.0
1.3408801555633545
0.29908978939056396
-4.292001724243164
7.0
2.0
1.4458644390106201
0.6761226654052734
-2.8514647483825684
7.0
2.0
1.4332072734832764
1.324935793876648
-1.5424524545669556
5.0
2.0
1.373247504234314
1.7623205184936523
4.504896640777588
6.0
2.0
1.4338632822036743
1.9521584510803223
2.2907040119171143
4.0
2.0
1.3774147033691406
2.694145679473877
0.395714670419693
4.0
2.0
1.4283932447433472
2.5897364616394043
2.202984094619751
4.0
2.0
1.335598349571228
-3.130772113800049
-2.0824177265167236
5.0
2.0
1.439455270767212
-2.769418716430664
2.482713222503662
4.0
2.0
1.3357186317443848
-1.2464618682861328
0.1982053965330124
7.0
2.0
1.3868848085403442
-1.0984141826629639
0.24171733856201172
6.0
2.0
1.41367506980896
-1.1537578105926514
0.6585059762001038
2.0
2.0
1.3877623081207275
-1.100415587425232
3.837249994277954
4.0
2.0
1.4584546089172363
-0.9138255715370178
0.3089693486690521
4.0
2.0
1.4210193157196045
-0.8530710935592651
0.34909310936927795
3.0
2.0
1.420350193977356
-0.5377093553543091
2.0299806594848633
7.0
2.0
1.366951823234558
-0.41974538564682007
4.364544868469238
6.0
2.0
2.4027259349823
2.6992411613464355
-0.30000001192092896
2.0
3.0
2.398468255996704
-2.56268048286438
-0.30000001192092896
4.0
3.0
2.4152069091796875
-3.0115063190460205
-5.366666793823242
1.0
3.0
2.3948285579681396
3.136707067489624
-4.699999809265137
1.0
3.0
2.3948004245758057
2.6185367107391357
2.9666666984558105
3.0
3.0
2.416752338409424
-2.752880573272705
3.5
2.0
3.0
2.4104578495025635
-1.1612403392791748
0.30000001192092896
1.0
3.0
2.395057201385498
-1.0325418710708618
1.899999976158142
1.0
3.0
2.3956470489501953
-0.5501918196678162
2.433333396911621
1.0
3.0
2.404156446456909
2.1826486587524414
7.366666793823242
3.0
3.0
2.40533709526062
-1.1408346891403198
5.366666793823242
1.0
3.0
2.4069762229919434
-0.42297104001045227
6.699999809265137
2.0
3.0
2.576207160949707
1.3165662288665771
-4.0333333015441895
1.0
4.0
2.582104444503784
1.3770171403884888
-4.0333333015441895
9.0
4.0
2.5778331756591797
0.22548183798789978
-7.366666793823242
2.0
4.0
2.584103584289551
0.70683753490448
-6.0333333015441895
2.0
4.0
2.585047960281372
1.9156683683395386
2.9666666984558105
1.0
4.0
2.5780272483825684
-0.3001326620578766
0.8333333134651184
4.0
4.0
2.5761451721191406
1.8356235027313232
7.366666793823242
2.0
4.0
3.2288100719451904
2.703381299972534
-0.8333333134651184
1.0
5.0
3.2287511825561523
-2.79400372505188
-0.30000001192092896
4.0
5.0
3.2256577014923096
-1.1672155857086182
-0.30000001192092896
1.0
5.0
3.2417988777160645
0.29227739572525024
-7.366666793823242
2.0
5.0
3.225865125656128
3.125875234603882
-6.699999809265137
1.0
5.0
3.2345173358917236
-3.0667667388916016
-5.366666793823242
2.0
5.0
3.2330288887023926
1.895085096359253
3.5
2.0
5.0
3.2254984378814697
-2.744460105895996
4.0333333015441895
1.0
5.0
3.2255043983459473
-1.1829336881637573
7.366666793823242
2.0
5.0
3.4269402027130127
1.3083924055099487
-5.366666793823242
2.0
6.0
3.4210875034332275
-0.5582640767097473
2.9666666984558105
1.0
6.0
