250
0.820527195930481
1.098121166229248
3.0686066150665283
6.0
0.0
0.8273329138755798
1.4243764877319336
1.4065626859664917
2.0
0.0
0.8406984210014343
1.8616856336593628
4.355447769165039
3.0
0.0
0.8196761012077332
2.64617919921875
1.200420618057251
2.0
0.0
0.8195568323135376
-3.117959976196289
1.8542157411575317
3.0
0.0
0.851111114025116
2.8608222007751465
3.221142053604126
6.0
0.0
0.81929612159729
-2.084791421890259
0.5498306751251221
4.0
0.0
0.8251950144767761
-2.2211029529571533
1.66480553150177
3.0
0.0
0.8467996716499329
-1.309282660484314
4.355547904968262
13.0
0.0
0.8839653730392456
-0.914837121963501
1.1487632989883423
2.0
0.0
0.8212434649467468
-0.07668408006429672
-2.4676060676574707
10.0
0.0
0.840900182723999
-0.23374779522418976
2.2353103160858154
3.0
0.0
1.0817314386367798
1.1019543409347534
3.5967023372650146
5.0
1.0
1.0977513790130615
1.4263699054718018
1.4067250490188599
3.0
1.0
1.086289644241333
2.6507487297058105
1.1331686973571777
2.0
1.0
1.0684481859207153
-3.1240007877349854
1.990506649017334
2.0
1.0
1.1451834440231323
2.866069793701172
3.8497257232666016
5.0
1.0
1.090084433555603
-2.078155755996704
0.26803335547447205
2.0
1.0
1.1316810846328735
-2.207656145095825
1.7595106363296509
2.0
1.0
1.0943814516067505
-0.917251706123352
1.0883339643478394
2.0
1.0
1.0830163955688477
-0.08262746781110764
-3.7006194591522217
11.0
1.0
1.1295702457427979
-0.23893694579601288
2.5179200172424316
2.0
1.0
1.3831686973571777
1.1093510389328003
4.210108757019043
20.0
2.0
1.3769909143447876
1.1244115829467773
4.225557327270508
5.0
2.0
1.3810060024261475
1.4286812543869019
1.4073748588562012
3.0
2.0
1.3943424224853516
2.654947280883789
1.05568265914917
2.0
2.0
1.3365031480789185
-3.1355528831481934
2.124913215637207
5.0
2.0
1.335524320602417
-3.130373239517212
2.136706590652466
2.0
2.0
1.448470115661621
2.8711788654327393
4.495929718017578
5.0
2.0
1.3377926349639893
-2.199615955352783
1.82172691822052
3.0
2.0
1.401190161705017
-2.0717997550964355
-0.05539355054497719
3.0
2.0
1.3333463668823242
-0.9189443588256836
1.0196199417114258
4.0
2.0
1.4318548440933228
-0.24358874559402466
2.815030813217163
3.0
2.0
2.396578073501587
-2.0558724403381348
-0.8333333134651184
1.0
3.0
2.416752338409424
1.435909628868103
1.3666666746139526
2.0
3.0
2.3975307941436768
2.6657278537750244
0.8333333134651184
2.0
3.0
2.395184278488159
3.123680830001831
2.9666666984558105
1.0
3.0
2.3989884853363037
-2.153496026992798
1.899999976158142
1.0
3.0
2.4125967025756836
-0.9256598949432373
0.8333333134651184
1.0
3.0
2.4025163650512695
1.127366065979004
6.0333333015441895
2.0
3.0
2.597374677658081
1.4369748830795288
1.3666666746139526
1.0
4.0
2.57613468170166
-0.2607901096343994
4.0333333015441895
2.0
4.0
2.576207160949707
2.8873627185821533
6.699999809265137
1.0
4.0
3.2350096702575684
-2.0403249263763428
-1.899999976158142
1.0
5.0
3.234811305999756
2.672865390777588
0.8333333134651184
1.0
5.0
3.2282989025115967
3.099700689315796
2.9666666984558105
2.0
5.0
3.4278228282928467
1.4442853927612305
1.3666666746139526
2.0
6.0
3.423142671585083
-2.113496780395508
2.433333396911621
2.0
6.0
3.4237048625946045
-0.9319857358932495
0.30000001192092896
1.0
6.0
3.42914080619812
-0.2714827358722687
4.699999809265137
2.0
6.0
