260
0.819258451461792
0.5299217700958252
-3.178744077682495
4.0
0.0
0.8193578124046326
1.021257996559143
-4.264153957366943
3.0
0.0
0.8933364748954773
0.6308603286743164
1.1029540300369263
10.0
0.0
0.8200265169143677
1.519728183746338
-2.1951866149902344
2.0
0.0
0.8206067681312561
2.0296919345855713
-4.198363780975342
4.0
0.0
0.8192095756530762
2.094156265258789
-4.051189422607422
4.0
0.0
0.9121315479278564
-2.5557870864868164
-3.276698112487793
2.0
0.0
0.8551114797592163
-1.8677037954330444
-2.851743459701538
2.0
0.0
0.8195446133613586
-1.6060271263122559
-0.28070399165153503
8.0
0.0
0.8291348218917847
-1.2082414627075195
-2.763373613357544
3.0
0.0
0.8207390904426575
-0.9919142127037048
-2.6584343910217285
3.0
0.0
0.821371853351593
-0.6024591326713562
-1.8062946796417236
4.0
0.0
1.1393098831176758
0.523109495639801
-3.265976667404175
2.0
1.0
1.101370096206665
0.6282156109809875
2.043626070022583
10.0
1.0
1.077985167503357
1.5151612758636475
-1.9581801891326904
3.0
1.0
1.1384085416793823
2.09598970413208
-4.479880332946777
3.0
1.0
1.114428162574768
-2.5544512271881104
-3.3484983444213867
3.0
1.0
1.1539326906204224
-1.8650171756744385
-2.8171427249908447
4.0
1.0
1.0739054679870605
-1.6003340482711792
0.5410586595535278
6.0
1.0
1.073404312133789
-1.2040488719940186
-2.707817554473877
3.0
1.0
1.121861219406128
-1.004384994506836
-2.551058769226074
4.0
1.0
1.1194839477539062
-0.6052294969558716
-1.3919426202774048
2.0
1.0
1.3688907623291016
0.5173482894897461
-3.3293299674987793
1.0
2.0
1.3384389877319336
0.6246481537818909
3.1175615787506104
11.0
2.0
1.352137565612793
1.5113980770111084
-1.7059040069580078
4.0
2.0
1.34666109085083
-2.5524919033050537
-3.431182622909546
4.0
2.0
1.3336668014526367
-1.863310694694519
-2.7965123653411865
3.0
2.0
1.3431094884872437
-1.5955969095230103
1.413385272026062
8.0
2.0
1.4391021728515625
-1.1980503797531128
-2.6241586208343506
4.0
2.0
1.3563228845596313
-1.0159872770309448
-2.46695613861084
3.0
2.0
1.3337428569793701
-0.6071178317070007
-1.0946693420410156
2.0
2.0
2.3957910537719727
0.4948360323905945
-3.5
1.0
3.0
2.4008476734161377
1.4998034238815308
-0.8333333134651184
1.0
3.0
2.4013173580169678
-2.5443010330200195
-4.0333333015441895
2.0
3.0
2.417634963989258
-1.1847484111785889
-2.433333396911621
1.0
3.0
2.3956127166748047
-1.0732481479644775
-1.899999976158142
2.0
3.0
2.3967838287353516
1.0065068006515503
-6.699999809265137
1.0
3.0
2.4094393253326416
1.9841045141220093
-6.699999809265137
2.0
3.0
2.3949272632598877
2.104708671569824
-6.0333333015441895
1.0
3.0
2.40545916557312
-0.6177740097045898
0.30000001192092896
2.0
3.0
2.394859552383423
-1.5778532028198242
4.699999809265137
1.0
3.0
2.57673978805542
-1.8542914390563965
-2.433333396911621
1.0
4.0
2.596879720687866
-1.1825085878372192
-2.433333396911621
2.0
4.0
2.592393636703491
-1.7205342054367065
6.699999809265137
1.0
4.0
3.2368898391723633
0.47673657536506653
-4.0333333015441895
1.0
5.0
3.2254879474639893
-1.1744698286056519
-2.433333396911621
1.0
5.0
3.2307448387145996
-1.1209275722503662
-1.899999976158142
2.0
5.0
3.2358245849609375
1.4907622337341309
0.30000001192092896
1.0
5.0
3.2255935668945312
-1.5619295835494995
7.366666793823242
2.0
5.0
3.430976629257202
-1.8490800857543945
-2.433333396911621
2.0
6.0
3.423835039138794
2.1093244552612305
-7.366666793823242
1.0
6.0
3.4222946166992188
-0.6297050714492798
1.899999976158142
1.0
6.0
