330
0.8193979263305664
0.539762556552887
3.1699719429016113
12.0
0.0
0.8296719789505005
0.3584647476673126
3.9283814430236816
12.0
0.0
0.819299042224884
1.0252671241760254
-0.6747504472732544
3.0
0.0
0.8226920366287231
1.996117353439331
-3.766099452972412
8.0
0.0
0.8803095817565918
2.237131357192993
-1.7838773727416992
4.0
0.0
0.832082986831665
-2.8002731800079346
-3.857717990875244
8.0
0.0
0.9025049805641174
-3.0570929050445557
-1.6971319913864136
4.0
0.0
0.8213394284248352
-2.69631028175354
-0.6857966780662537
1.0
0.0
0.8192338347434998
-2.090806245803833
-3.0768914222717285
3.0
0.0
0.8203945755958557
-0.9991816282272339
-0.6900202035903931
3.0
0.0
0.8291117548942566
-0.684464693069458
-0.8315092921257019
4.0
0.0
0.8702723979949951
-0.8739573359489441
1.1908364295959473
6.0
0.0
0.8981072306632996
-0.42838311195373535
-1.8090561628341675
3.0
0.0
0.8284996151924133
-0.1560574620962143
-0.8680593371391296
1.0
0.0
0.8196609020233154
0.027639126405119896
0.20760400593280792
2.0
0.0
1.166385531425476
0.07366900891065598
0.5917413234710693
4.0
1.0
1.1901946067810059
0.030982809141278267
0.7918403744697571
5.0
1.0
1.1885570287704468
0.03374764323234558
0.8110413551330566
4.0
1.0
1.0691149234771729
0.4031923711299896
1.0810240507125854
4.0
1.0
1.1312261819839478
0.14965608716011047
1.4353153705596924
2.0
1.0
1.070688247680664
0.3883301019668579
1.8210771083831787
3.0
1.0
1.1380388736724854
0.13335338234901428
2.09089732170105
4.0
1.0
1.0909570455551147
1.0598270893096924
-0.5352106690406799
4.0
1.0
1.0931497812271118
2.2291252613067627
-1.9529820680618286
6.0
1.0
1.1593594551086426
-3.0541670322418213
-1.8735467195510864
2.0
1.0
1.174952745437622
-2.691235065460205
-0.5176666975021362
4.0
1.0
1.092342734336853
-2.087368965148926
-3.7368593215942383
6.0
1.0
1.1219083070755005
-1.0045112371444702
-0.5470691323280334
3.0
1.0
1.086112141609192
-0.8827345371246338
1.7531753778457642
6.0
1.0
1.074460506439209
-0.4260948896408081
-1.9523322582244873
3.0
1.0
1.1545672416687012
-0.6882326006889343
-0.7358295321464539
3.0
1.0
1.1020997762680054
-0.15967127680778503
-0.7985331416130066
3.0
1.0
1.0679631233215332
0.02316528931260109
0.46962690353393555
3.0
1.0
1.0674355030059814
0.02972033992409706
0.5980767011642456
6.0
1.0
1.4554133415222168
0.033175211399793625
1.210362195968628
5.0
2.0
1.39481520652771
1.0831353664398193
-0.37995755672454834
3.0
2.0
1.3331230878829956
2.2239818572998047
-2.137681245803833
4.0
2.0
1.4209102392196655
-3.051990270614624
-2.0523979663848877
1.0
2.0
1.395822286605835
-2.688926935195923
-0.41238144040107727
5.0
2.0
1.4063262939453125
-2.0821056365966797
-4.490666389465332
5.0
2.0
1.3541805744171143
-1.0088887214660645
-0.4374628961086273
3.0
2.0
1.3526966571807861
-0.6896607875823975
-0.6770246624946594
2.0
2.0
1.4463609457015991
-0.8954509496688843
2.688389301300049
5.0
2.0
1.36744225025177
-0.42111924290657043
-2.1901509761810303
3.0
2.0
1.3900146484375
-0.1630069464445114
-0.725270688533783
4.0
2.0
2.406079053878784
2.1912598609924316
-2.9666666984558105
1.0
3.0
2.4058289527893066
-3.0458035469055176
-2.9666666984558105
1.0
3.0
2.412282943725586
-0.40313097834587097
-2.9666666984558105
1.0
3.0
2.3955793380737305
-2.0688869953155518
-6.699999809265137
1.0
3.0
2.3968911170959473
0.041774578392505646
2.433333396911621
1.0
3.0
2.3968911170959473
0.041774578392505646
2.9666666984558105
1.0
3.0
2.4014134407043457
1.1214303970336914
0.30000001192092896
1.0
3.0
2.3992221355438232
-2.678717613220215
0.30000001192092896
2.0
3.0
2.395393133163452
-1.0249446630477905
0.30000001192092896
1.0
3.0
2.408179759979248
-0.9417359232902527
5.366666793823242
1.0
3.0
2.586045026779175
-0.697816789150238
-0.30000001192092896
2.0
4.0
2.5859317779541016
-0.17471878230571747
-0.30000001192092896
1.0
4.0
3.241410255432129
-3.042368173599243
-3.5
1.0
5.0
3.2371091842651367
-0.7005603313446045
-0.30000001192092896
1.0
5.0
3.2254879474639893
-0.3890717029571533
-3.5
1.0
5.0
3.229689359664917
0.051141757518053055
4.0333333015441895
1.0
5.0
3.227930784225464
1.1390219926834106
0.30000001192092896
1.0
5.0
3.235109806060791
-2.671663284301758
0.30000001192092896
2.0
5.0
3.4353725910186768
-3.0415093898773193
-3.5
2.0
6.0
3.419842481613159
-0.18152375519275665
-0.30000001192092896
1.0
6.0
3.425171136856079
-1.0394703149795532
0.30000001192092896
2.0
6.0
