170
0.9047107100486755
0.6028544902801514
-1.045123815536499
3.0
0.0
0.8192595839500427
1.5772286653518677
-2.0808582305908203
5.0
0.0
0.821426510810852
2.0146281719207764
-0.28249087929725647
3.0
0.0
0.8575912714004517
2.311577558517456
-4.5098676681518555
10.0
0.0
0.8216059803962708
3.0589253902435303
-0.630728006362915
2.0
0.0
0.8473835587501526
-0.7883029580116272
-3.4276320934295654
7.0
0.0
0.8341827988624573
-0.7194933891296387
-3.4029173851013184
8.0
0.0
0.819299042224884
-0.5455291271209717
0.25617489218711853
3.0
0.0
0.8987818360328674
-0.43005016446113586
-0.11354867368936539
2.0
0.0
1.109559416770935
0.6016713976860046
-1.1843386888504028
4.0
1.0
1.070238471031189
1.570451021194458
-2.583709955215454
6.0
1.0
1.175902009010315
2.01942777633667
-0.21637599170207977
2.0
1.0
1.0815627574920654
3.066319465637207
-0.6919695734977722
3.0
1.0
1.0809170007705688
3.0696921348571777
-0.6912547945976257
5.0
1.0
1.0718896389007568
-0.7998210191726685
-4.2264204025268555
7.0
1.0
1.075344204902649
-0.4320119321346283
-0.05019533634185791
2.0
1.0
1.0997251272201538
-0.5441715121269226
0.4926939904689789
4.0
1.0
1.3437607288360596
0.6007815599441528
-1.3433717489242554
3.0
2.0
1.3388570547103882
1.5651116371154785
-3.1217260360717773
6.0
2.0
1.3966249227523804
2.0217597484588623
-0.1749526709318161
1.0
2.0
1.3549516201019287
3.0725979804992676
-0.7562975287437439
3.0
2.0
1.3727675676345825
-0.4355368912220001
0.05604330822825432
2.0
2.0
1.422771692276001
-0.5420385003089905
0.7650695443153381
3.0
2.0
2.4008476734161377
0.5945916771888733
-1.899999976158142
1.0
3.0
2.397113800048828
3.0976507663726807
-0.8333333134651184
1.0
3.0
2.3957910537719727
1.5420335531234741
-5.366666793823242
1.0
3.0
2.4020044803619385
-0.44612762331962585
0.30000001192092896
1.0
3.0
2.394986629486084
-0.5360835194587708
1.3666666746139526
1.0
3.0
3.22660756111145
3.1149981021881104
-1.3666666746139526
2.0
5.0
3.2297561168670654
1.5192525386810303
-6.699999809265137
2.0
5.0
3.2361388206481934
2.0447309017181396
0.30000001192092896
2.0
5.0
3.2318358421325684
-0.4554910361766815
0.8333333134651184
2.0
5.0
3.4194676876068115
0.5882882475852966
-2.9666666984558105
2.0
6.0
3.4254751205444336
-0.5298104882240295
2.433333396911621
2.0
6.0
