240
0.8194507360458374
0.5424954295158386
4.022923946380615
2.0
0.0
0.8445415496826172
0.7955340147018433
1.7039546966552734
2.0
0.0
0.8206135630607605
1.0999380350112915
2.3111720085144043
2.0
0.0
0.8192089200019836
-2.6297171115875244
1.375373363494873
2.0
0.0
0.8343523144721985
-2.8149430751800537
1.466017246246338
4.0
0.0
0.8601754307746887
-2.4103636741638184
4.025165557861328
5.0
0.0
0.8926231861114502
-1.9852925539016724
1.7385553121566772
2.0
0.0
0.8293899893760681
-1.7337970733642578
2.9716272354125977
2.0
0.0
0.8209491968154907
-1.1186195611953735
3.7206149101257324
3.0
0.0
0.8377304673194885
-1.2639955282211304
3.938420295715332
5.0
0.0
0.8721017241477966
-0.8797600269317627
2.6961214542388916
3.0
0.0
1.068913221359253
0.7979783415794373
1.5533686876296997
1.0
1.0
1.1217906475067139
0.5666008591651917
4.466884613037109
4.0
1.0
1.0816681385040283
1.1022804975509644
2.3277413845062256
2.0
1.0
1.0806804895401
-2.8195416927337646
1.2312850952148438
3.0
1.0
1.1464751958847046
-2.6345510482788086
1.022544026374817
4.0
1.0
1.0785906314849854
-2.415330171585083
4.4676642417907715
5.0
1.0
1.0729725360870361
-1.9862719774246216
1.6323167085647583
2.0
1.0
1.1021770238876343
-1.730729341506958
3.204085350036621
6.0
1.0
1.0841642618179321
-1.2663195133209229
4.433745861053467
4.0
1.0
1.0864678621292114
-0.884351372718811
2.803497314453125
4.0
1.0
1.1701107025146484
-1.111487865447998
4.3409576416015625
5.0
1.0
1.3811776638031006
0.7999484539031982
1.3440215587615967
3.0
2.0
1.3856345415115356
1.103579044342041
2.347072124481201
3.0
2.0
1.3370016813278198
-2.823958396911621
0.9876184463500977
3.0
2.0
1.3737295866012573
-2.6371657848358154
0.7769280076026917
4.0
2.0
1.3659414052963257
-1.9876850843429565
1.4601693153381348
2.0
2.0
1.387019395828247
-1.7270407676696777
3.44677734375
4.0
2.0
1.4440276622772217
-0.8917810916900635
2.9836483001708984
3.0
2.0
2.3957910537719727
-2.646756649017334
-0.30000001192092896
1.0
3.0
2.3986868858337402
1.104134440422058
2.433333396911621
1.0
3.0
2.408454656600952
-1.9878599643707275
0.8333333134651184
1.0
3.0
2.417634963989258
-0.90964674949646
3.5
1.0
3.0
2.396479368209839
-1.0846362113952637
6.699999809265137
1.0
3.0
2.5779776573181152
-2.84196400642395
-0.30000001192092896
1.0
4.0
2.576632261276245
0.8050763010978699
0.30000001192092896
1.0
4.0
2.5972089767456055
-0.9128796458244324
3.5
2.0
4.0
2.5847272872924805
-2.4377634525299072
7.366666793823242
2.0
4.0
2.596228837966919
-1.7080942392349243
4.699999809265137
2.0
4.0
2.5776052474975586
-1.2751994132995605
7.366666793823242
1.0
4.0
3.240272045135498
-2.653262138366699
-1.3666666746139526
2.0
5.0
3.242060661315918
-2.8501131534576416
-0.8333333134651184
2.0
5.0
3.2262589931488037
0.8075618743896484
0.30000001192092896
1.0
5.0
3.234614849090576
1.1028705835342407
2.433333396911621
1.0
5.0
3.2263784408569336
-1.987270474433899
0.30000001192092896
1.0
5.0
3.434147357940674
-2.8527448177337646
-0.8333333134651184
2.0
6.0
3.4246582984924316
-0.9266778826713562
4.0333333015441895
1.0
6.0
3.428658962249756
-1.6939030885696411
5.366666793823242
1.0
6.0
