260
0.821721613407135
0.4391196072101593
-3.85349440574646
3.0
0.0
0.893622636795044
0.10652600973844528
-0.13879254460334778
10.0
0.0
0.8244467973709106
1.975419282913208
-3.3264060020446777
2.0
0.0
0.8192847967147827
2.6266863346099854
-3.2909932136535645
3.0
0.0
0.81968754529953
2.5772998332977295
2.42520809173584
4.0
0.0
0.9050913453102112
2.6963531970977783
-3.2029483318328857
3.0
0.0
0.8455679416656494
-1.3036577701568604
-2.8169803619384766
3.0
0.0
0.8721017241477966
-0.8797600269317627
-2.8056092262268066
3.0
0.0
0.8769090175628662
-0.3708784878253937
2.2587835788726807
4.0
0.0
1.1508280038833618
0.10498332232236862
0.7610625624656677
9.0
1.0
1.181864857673645
0.437991738319397
-4.1130805015563965
2.0
1.0
1.0691149234771729
1.973988652229309
-3.3449246883392334
2.0
1.0
1.1428556442260742
2.0858466625213623
-2.217603921890259
4.0
1.0
1.09164559841156
2.6278200149536133
-3.3000900745391846
1.0
1.0
1.0761128664016724
2.704634428024292
-3.1904399394989014
4.0
1.0
1.0920429229736328
2.6262195110321045
2.4559099674224854
1.0
1.0
1.0933194160461426
-1.3058315515518188
-2.6854002475738525
3.0
1.0
1.0852642059326172
-0.8788228631019592
-2.6925477981567383
3.0
1.0
1.071707844734192
-0.4056587815284729
2.2392091751098633
3.0
1.0
1.413376808166504
0.10343945771455765
1.6818081140518188
9.0
2.0
1.4035199880599976
0.43675312399864197
-4.272925853729248
2.0
2.0
1.4225518703460693
1.9716260433197021
-3.37172794342041
2.0
2.0
1.3682019710540771
2.090043067932129
-2.0138986110687256
2.0
2.0
1.4065901041030884
2.6297640800476074
-3.311136245727539
3.0
2.0
1.3683545589447021
2.717939615249634
-3.1691598892211914
3.0
2.0
1.3901522159576416
2.6641197204589844
2.4905107021331787
2.0
2.0
1.349922776222229
-1.30813467502594
-2.5499215126037598
3.0
2.0
1.434989333152771
-0.8771470785140991
-2.5075674057006836
4.0
2.0
1.3766679763793945
-0.4455718696117401
2.2093193531036377
2.0
2.0
2.4153757095336914
1.9637751579284668
-3.5
2.0
3.0
2.394986629486084
2.106879949569702
-0.8333333134651184
1.0
3.0
2.3952322006225586
2.636991024017334
-3.5
1.0
3.0
2.415038585662842
2.747546434402466
2.433333396911621
2.0
3.0
2.395003318786621
-0.5366262793540955
1.899999976158142
2.0
3.0
2.3954224586486816
0.022795449942350388
5.366666793823242
2.0
3.0
2.3981175422668457
0.05260717123746872
5.366666793823242
5.0
3.0
2.40545916557312
0.09417524933815002
5.366666793823242
4.0
3.0
2.407504081726074
0.10277672111988068
5.366666793823242
4.0
3.0
2.5918173789978027
2.7697255611419678
-2.9666666984558105
1.0
4.0
2.576228141784668
-1.317575454711914
-1.899999976158142
1.0
4.0
2.585484743118286
-0.870475172996521
-1.899999976158142
1.0
4.0
2.5954298973083496
2.7577767372131348
2.433333396911621
1.0
4.0
3.2255423069000244
1.95664381980896
-3.5
1.0
5.0
3.2287511825561523
2.79400372505188
-2.9666666984558105
2.0
5.0
3.2362444400787354
-0.8670339584350586
-1.3666666746139526
1.0
5.0
3.2269399166107178
0.42291805148124695
-5.366666793823242
1.0
5.0
3.2293636798858643
2.798025131225586
2.433333396911621
2.0
5.0
3.4213366508483887
2.126781702041626
-0.30000001192092896
1.0
6.0
3.433908224105835
2.6442883014678955
-3.5
2.0
6.0
3.42376971244812
-1.324305534362793
-1.3666666746139526
2.0
6.0
3.4332022666931152
-0.8922656774520874
-1.3666666746139526
2.0
6.0
3.4196603298187256
-0.5996931791305542
1.899999976158142
2.0
6.0
