240
0.8742086887359619
0.16089573502540588
-3.5602946281433105
13.0
0.0
0.8297430872917175
0.35793164372444153
1.7921619415283203
5.0
0.0
0.8192048668861389
2.093062400817871
1.8462560176849365
4.0
0.0
0.8826805949211121
1.7067629098892212
2.569739818572998
3.0
0.0
0.8310628533363342
2.442746639251709
2.682638645172119
2.0
0.0
0.8192397952079773
-2.613675832748413
1.989369511604309
3.0
0.0
0.81968754529953
-2.135089159011841
3.5018460750579834
6.0
0.0
0.8219001293182373
-1.6579924821853638
-3.9806883335113525
12.0
0.0
0.8385476469993591
-1.2685034275054932
-1.0277653932571411
7.0
0.0
0.8301020264625549
-0.6919301152229309
-0.047271329909563065
6.0
0.0
1.0736531019210815
0.36495399475097656
1.6776386499404907
4.0
1.0
1.1377227306365967
1.7048864364624023
2.6836133003234863
4.0
1.0
1.1407514810562134
2.0906028747558594
1.71711266040802
1.0
1.0
1.1602479219436646
2.441847085952759
2.882932662963867
2.0
1.0
1.1349048614501953
-2.608154058456421
1.9178940057754517
2.0
1.0
1.1044330596923828
-2.1309516429901123
3.9608378410339355
5.0
1.0
1.086534857749939
-1.2773535251617432
-1.9771050214767456
8.0
1.0
1.1553444862365723
-0.6898331642150879
-0.919995129108429
7.0
1.0
1.3987946510314941
1.7030500173568726
2.80008602142334
2.0
2.0
1.3687756061553955
2.088460922241211
1.6254940032958984
2.0
2.0
1.3559610843658447
2.440946102142334
3.0018420219421387
2.0
2.0
1.36222505569458
-2.6051745414733887
1.8667240142822266
6.0
2.0
1.4304301738739014
-2.1261332035064697
4.485890865325928
4.0
2.0
1.344555377960205
-1.2874541282653809
-3.0648703575134277
3.0
2.0
1.3442291021347046
-1.2861151695251465
-2.9546926021575928
8.0
2.0
1.3523234128952026
-0.6883649230003357
-1.4489606618881226
6.0
2.0
2.4132328033447266
0.3999222218990326
0.8333333134651184
1.0
3.0
2.4132328033447266
1.6944729089736938
3.5
1.0
3.0
2.395057201385498
2.0797393321990967
1.3666666746139526
1.0
3.0
2.3956470489501953
-2.5914008617401123
1.3666666746139526
1.0
3.0
2.3956470489501953
-2.5914008617401123
1.899999976158142
1.0
3.0
2.3952322006225586
-2.1133923530578613
6.0333333015441895
1.0
3.0
2.587947368621826
-0.6898102164268494
-4.699999809265137
6.0
4.0
2.591111421585083
-0.6778237223625183
-4.699999809265137
2.0
4.0
2.5846216678619385
2.4372622966766357
3.5
1.0
4.0
3.2308945655822754
-0.4506721496582031
-1.899999976158142
4.0
5.0
3.227587938308716
-1.2143551111221313
-6.0333333015441895
6.0
5.0
3.241410255432129
-0.6861736178398132
-4.699999809265137
1.0
5.0
3.2256052494049072
-0.4019688069820404
-6.699999809265137
5.0
5.0
3.2264413833618164
0.4172797203063965
0.8333333134651184
1.0
5.0
3.2356178760528564
2.435427665710449
4.0333333015441895
1.0
5.0
3.433670997619629
-1.2834564447402954
-6.0333333015441895
4.0
6.0
3.4305551052093506
1.6867223978042603
3.5
2.0
6.0
3.4335529804229736
2.0692317485809326
0.8333333134651184
1.0
6.0
3.42044734954834
-2.576490640640259
1.3666666746139526
1.0
6.0
3.43076491355896
2.471365213394165
4.699999809265137
2.0
6.0
3.4272873401641846
2.484975576400757
4.699999809265137
4.0
6.0
3.4310832023620605
2.4702322483062744
7.366666793823242
5.0
6.0
