180
0.9036362767219543
0.08179958164691925
-1.6825120449066162
4.0
0.0
0.821709930896759
0.4393007755279541
-1.2009079456329346
4.0
0.0
0.8208625316619873
2.548205614089966
-0.60798579454422
6.0
0.0
0.8758267164230347
-2.9856228828430176
-2.0668230056762695
5.0
0.0
0.8266578912734985
-2.7585108280181885
0.47173866629600525
4.0
0.0
0.8393111824989319
-1.7962241172790527
-0.7137371301651001
3.0
0.0
0.8199710249900818
-0.5731385946273804
-2.3904123306274414
5.0
0.0
0.9051548838615417
-0.9689875245094299
-1.0845328569412231
10.0
0.0
0.8460244536399841
-0.2585611045360565
-1.4843270778656006
7.0
0.0
0.8218519687652588
-0.08647175878286362
3.740757942199707
2.0
0.0
0.822223961353302
-0.09190281480550766
3.773409366607666
12.0
0.0
0.8206667304039001
0.0538303442299366
3.855281352996826
2.0
0.0
1.1282297372817993
0.5498296618461609
-2.0138986110687256
4.0
1.0
1.1836209297180176
0.43492305278778076
-1.415334701538086
2.0
1.0
1.069661021232605
2.3612656593322754
-0.8510026931762695
6.0
1.0
1.1212977170944214
-2.9663636684417725
-2.458833932876587
6.0
1.0
1.068569540977478
-2.7326385974884033
0.8399889469146729
5.0
1.0
1.1239018440246582
-1.7952053546905518
-0.716336190700531
3.0
1.0
1.1088305711746216
-0.5741773247718811
-2.984102964401245
5.0
1.0
1.4056282043457031
0.43254756927490234
-1.5470333099365234
4.0
2.0
1.377789855003357
0.8082531690597534
-2.2819318771362305
4.0
2.0
1.332094669342041
2.2303225994110107
-1.0849226713180542
2.0
2.0
1.3720754384994507
-2.946986198425293
-2.8685076236724854
5.0
2.0
1.4053255319595337
-2.7084450721740723
1.3568546772003174
4.0
2.0
1.4202569723129272
-1.7941786050796509
-0.7194226980209351
2.0
2.0
1.4430115222930908
-0.5760102272033691
-3.6715567111968994
6.0
2.0
2.407238721847534
0.42189642786979675
-1.899999976158142
2.0
3.0
2.398836374282837
-0.5816177725791931
-5.366666793823242
1.0
3.0
2.3972883224487305
-2.6635611057281494
2.9666666984558105
2.0
3.0
2.582463026046753
1.9026248455047607
-1.899999976158142
1.0
4.0
2.5785021781921387
-1.7897282838821411
-0.8333333134651184
1.0
4.0
2.578446626663208
-2.8374295234680176
-4.699999809265137
2.0
4.0
3.226095676422119
0.412445604801178
-2.433333396911621
1.0
5.0
3.227060079574585
-2.780320644378662
-6.0333333015441895
2.0
5.0
3.4200599193573
-1.7857723236083984
-0.8333333134651184
1.0
6.0
3.4298360347747803
-2.6303229331970215
4.699999809265137
1.0
6.0
