595
0.8327147960662842
0.33710864186286926
-2.3855390548706055
5.0
0.0
0.8199670910835266
0.4741681218147278
0.8383319973945618
4.0
0.0
0.8317513465881348
0.8671719431877136
-0.006335338111966848
2.0
0.0
0.8635578155517578
0.719222903251648
1.2744953632354736
4.0
0.0
0.8667021989822388
0.7085167765617371
1.280884861946106
9.0
0.0
0.8518033027648926
0.763558566570282
1.3479201793670654
3.0
0.0
0.8899755477905273
0.6396309733390808
1.413385272026062
2.0
0.0
0.8500261902809143
1.2945914268493652
-1.0186452865600586
2.0
0.0
0.8199084997177124
1.6064449548721313
0.6851468682289124
3.0
0.0
0.8206400275230408
2.1476805210113525
-3.596994638442993
4.0
0.0
0.8880611658096313
1.6919363737106323
-1.0449613332748413
4.0
0.0
0.8194620609283447
2.1138381958007812
-0.40546131134033203
4.0
0.0
0.8225795030593872
1.9976086616516113
0.3547786474227905
2.0
0.0
0.8728983402252197
1.7357430458068848
3.443122386932373
12.0
0.0
0.8263018131256104
2.4807004928588867
2.1698453426361084
4.0
0.0
0.8192700743675232
2.625410556793213
2.3472347259521484
4.0
0.0
0.822223961353302
2.5260910987854004
2.396942615509033
8.0
0.0
0.8275220394134521
2.469965934753418
2.5364387035369873
4.0
0.0
0.9025425910949707
2.7024033069610596
-2.276376485824585
5.0
0.0
0.8206400275230408
-2.5647084712982178
-2.3136086463928223
6.0
0.0
0.8196102380752563
-2.5922420024871826
4.155877590179443
11.0
0.0
0.8880611658096313
-2.496853828430176
-0.4332393407821655
2.0
0.0
0.8995205163955688
-2.5262610912323
4.370880126953125
12.0
0.0
0.8204126358032227
-1.1077213287353516
-3.4635090827941895
3.0
0.0
0.8194677829742432
-1.0274810791015625
-1.7083406448364258
4.0
0.0
0.8194643259048462
-0.5040462613105774
2.551740884780884
5.0
0.0
0.819561243057251
-0.4997839033603668
2.560805320739746
8.0
0.0
0.8192046284675598
-0.5249922275543213
2.807666778564453
9.0
0.0
0.8204270601272583
0.04874291643500328
1.5879693031311035
6.0
0.0
0.8367317318916321
-0.21114332973957062
3.7522590160369873
5.0
0.0
1.0793269872665405
0.3294115960597992
-2.9838106632232666
6.0
1.0
1.1749906539916992
0.05758929252624512
2.42842435836792
5.0
1.0
1.1602834463119507
0.4782809019088745
1.3366791009902954
5.0
1.0
1.0806933641433716
0.71468186378479
1.6878726482391357
4.0
1.0
1.1602479219436646
0.8710508346557617
0.1306053251028061
4.0
1.0
1.1468077898025513
1.2917141914367676
-1.2467173337936401
4.0
1.0
1.1419352293014526
1.6952186822891235
-1.239732265472412
3.0
1.0
1.1769500970840454
1.624833106994629
1.145595669746399
4.0
1.0
1.1412347555160522
2.089503765106201
-3.6184372901916504
4.0
1.0
1.1411809921264648
2.089625835418701
-0.4218682050704956
3.0
1.0
1.1837514638900757
2.0054924488067627
0.669552206993103
3.0
1.0
1.0767735242843628
2.7005181312561035
-2.645601272583008
4.0
1.0
1.1219083070755005
2.529780387878418
3.402592420578003
6.0
1.0
1.117153525352478
-2.562241315841675
-3.0188987255096436
6.0
1.0
1.0969195365905762
-2.497584104537964
-0.44980868697166443
2.0
1.0
1.1412885189056396
-1.052211046218872
-3.4397921562194824
3.0
1.0
1.1285264492034912
-1.0217158794403076
-2.215167284011841
6.0
1.0
1.0763617753982544
-0.43852296471595764
2.9948244094848633
5.0
1.0
1.0886616706848145
-0.5013306140899658
3.522432565689087
6.0
1.0
1.0984582901000977
-0.5396746397018433
3.899412155151367
9.0
1.0
1.336248755455017
0.3215264081954956
-3.6056692600250244
5.0
2.0
1.4363198280334473
0.06313314288854599
3.050853729248047
7.0
2.0
1.3831686973571777
0.4810325503349304
1.663506031036377
3.0
2.0
1.354790210723877
0.8740211129188538
0.21198995411396027
2.0
2.0
1.427751898765564
0.705885112285614
2.3504509925842285
5.0
2.0
1.455824613571167
1.2891969680786133
-1.4835612773895264
4.0
2.0
1.4007967710494995
1.6989165544509888
-1.437914490699768
3.0
2.0
1.4331153631210327
1.6392489671707153
1.4795001745224
3.0
2.0
1.3321791887283325
1.9156290292739868
1.8695504665374756
5.0
2.0
1.3825160264968872
2.0533783435821533
-3.635981321334839
4.0
2.0
1.3734883069992065
2.0758514404296875
-0.4347013235092163
4.0
2.0
1.402029275894165
2.010561227798462
0.859774649143219
4.0
2.0
1.3527278900146484
2.137664556503296
1.0019135475158691
3.0
2.0
1.431283950805664
1.9564900398254395
1.2023699283599854
3.0
2.0
1.376643180847168
2.0677647590637207
1.5974236726760864
5.0
2.0
1.4462522268295288
1.9321523904800415
1.823838710784912
4.0
2.0
1.3960511684417725
2.022975444793701
1.868673324584961
2.0
2.0
1.3341273069381714
2.532254457473755
4.114542484283447
6.0
2.0
1.37592613697052
2.6978979110717773
-3.2786474227905273
6.0
2.0
1.3487157821655273
-2.5603229999542236
-3.569704055786133
6.0
2.0
1.3380385637283325
-2.514989137649536
-3.3278679847717285
4.0
2.0
1.3348357677459717
-2.4982872009277344
-0.46865221858024597
3.0
2.0
1.358465313911438
-1.0228490829467773
-3.4187557697296143
4.0
2.0
1.356732964515686
-1.0173183679580688
-2.5893630981445312
5.0
2.0
1.348890781402588
-0.676019012928009
-2.4232585430145264
4.0
2.0
1.4362947940826416
-0.5651443600654602
-2.431056022644043
4.0
2.0
2.410017251968384
-0.11243510991334915
-2.433333396911621
2.0
3.0
2.403371572494507
2.009913206100464
-0.30000001192092896
2.0
3.0
2.4112062454223633
-2.501272678375244
-0.30000001192092896
2.0
3.0
2.394986629486084
-2.0819103717803955
-2.433333396911621
3.0
3.0
2.397982358932495
-0.9956731200218201
-4.0333333015441895
1.0
3.0
2.401033401489258
2.6900668144226074
-5.366666793823242
1.0
3.0
2.399960517883301
-2.5524041652679443
-6.0333333015441895
1.0
3.0
2.3960280418395996
0.4915820062160492
2.9666666984558105
1.0
3.0
2.3954830169677734
1.0710780620574951
2.9666666984558105
2.0
3.0
2.411358118057251
1.6880528926849365
2.9666666984558105
1.0
3.0
2.3994619846343994
2.0320491790771484
1.899999976158142
1.0
3.0
2.407504081726074
-0.10277672111988068
4.699999809265137
2.0
3.0
2.402831792831421
0.08178642392158508
5.366666793823242
1.0
3.0
2.577274799346924
1.279232382774353
-2.433333396911621
1.0
4.0
2.5861592292785645
1.920677900314331
-3.5
1.0
4.0
2.5938796997070312
1.7155537605285645
-2.433333396911621
1.0
4.0
2.588575839996338
-0.8834856748580933
-3.5
1.0
4.0
2.5773534774780273
0.2925722301006317
-6.699999809265137
1.0
4.0
2.5919604301452637
0.895964503288269
0.8333333134651184
2.0
4.0
2.5852651596069336
0.8694730997085571
4.0333333015441895
11.0
4.0
2.5919604301452637
0.6748318076133728
4.699999809265137
2.0
4.0
2.5790300369262695
-0.3091993033885956
6.0333333015441895
2.0
4.0
3.225510835647583
0.005239503923803568
-2.433333396911621
3.0
5.0
3.240396499633789
1.2741280794143677
-2.9666666984558105
1.0
5.0
3.2255043983459473
1.9586589336395264
-0.30000001192092896
2.0
5.0
3.2291743755340576
-0.8333234786987305
-2.9666666984558105
1.0
5.0
3.232250213623047
2.6840946674346924
-7.366666793823242
1.0
5.0
3.2320828437805176
1.1141010522842407
3.5
1.0
5.0
3.239536762237549
2.056730270385742
2.433333396911621
2.0
5.0
3.225571393966675
0.00806067418307066
4.699999809265137
2.0
5.0
3.2407727241516113
0.09722872823476791
7.366666793823242
2.0
5.0
3.2268245220184326
0.814409077167511
5.366666793823242
2.0
5.0
3.426769495010376
1.8324432373046875
-3.5
2.0
6.0
3.4220871925354004
1.7280076742172241
-2.9666666984558105
1.0
6.0
3.423449993133545
-2.5042991638183594
-0.8333333134651184
1.0
6.0
3.426351547241211
-2.2232491970062256
-2.433333396911621
3.0
6.0
3.4353725910186768
-0.492782324552536
-1.3666666746139526
2.0
6.0
3.4195151329040527
-0.976425290107727
-6.0333333015441895
6.0
6.0
3.4282824993133545
0.9100176692008972
0.8333333134651184
3.0
6.0
3.420478582382202
1.7428194284439087
4.0333333015441895
2.0
6.0
3.4321765899658203
0.5029619336128235
4.699999809265137
1.0
6.0
3.4265172481536865
0.6532102227210999
6.0333333015441895
1.0
6.0
3.4255523681640625
-0.2559664845466614
7.366666793823242
1.0
6.0
