375
0.8837971687316895
0.6564289927482605
1.6220827102661133
2.0
0.0
0.8699200749397278
0.6979700922966003
2.481738567352295
4.0
0.0
0.8247022032737732
1.4491217136383057
1.9154573678970337
2.0
0.0
0.8242964148521423
1.4534406661987305
2.8907299041748047
1.0
0.0
0.819220781326294
1.5725624561309814
2.9664292335510254
3.0
0.0
0.8733168244361877
1.2108443975448608
3.877016305923462
5.0
0.0
0.866946280002594
1.2313015460968018
4.459087371826172
6.0
0.0
0.8439996838569641
1.8453059196472168
2.3569812774658203
4.0
0.0
0.8209236860275269
-2.5591518878936768
1.010555624961853
5.0
0.0
0.8854882121086121
-3.0134520530700684
2.689948558807373
1.0
0.0
0.8198975324630737
-2.141824245452881
2.7321841716766357
3.0
0.0
0.8201358914375305
-2.052561044692993
2.84102201461792
1.0
0.0
0.8283131122589111
-1.7253564596176147
4.224972248077393
5.0
0.0
0.8196167349815369
-1.0211973190307617
1.7692573070526123
4.0
0.0
0.8637706637382507
-1.3759101629257202
4.1301374435424805
4.0
0.0
0.8993355631828308
-1.4786098003387451
4.307039260864258
3.0
0.0
0.819873034954071
-0.5702998638153076
1.8452813625335693
2.0
0.0
1.0931497812271118
0.6583290100097656
1.3885313272476196
4.0
1.0
1.083701729774475
0.6994087100028992
2.4510366916656494
2.0
1.0
1.0933533906936646
1.4429290294647217
1.6898219585418701
2.0
1.0
1.089988350868225
1.4565373659133911
2.982348680496216
2.0
1.0
1.0708955526351929
1.5646246671676636
3.077378749847412
4.0
1.0
1.184454083442688
1.2188752889633179
4.370270729064941
8.0
1.0
1.0911529064178467
1.8444238901138306
2.283881425857544
4.0
1.0
1.1419352293014526
-3.0171704292297363
2.7146401405334473
3.0
1.0
1.117902398109436
-2.5643417835235596
0.43129000067710876
4.0
1.0
1.1084308624267578
-2.1437318325042725
2.7742574214935303
2.0
1.0
1.0836182832717896
-2.0490787029266357
2.9165587425231934
2.0
1.0
1.1296701431274414
-1.0245842933654785
1.45220947265625
3.0
1.0
1.1056488752365112
-0.5641135573387146
1.579359769821167
3.0
1.0
1.4554506540298462
0.6614378094673157
0.985019326210022
6.0
2.0
1.4302597045898438
0.7015899419784546
2.4013285636901855
1.0
2.0
1.3779151439666748
1.4362595081329346
1.4513972997665405
4.0
2.0
1.3691215515136719
1.4591937065124512
3.0783534049987793
2.0
2.0
1.3408732414245605
1.5557582378387451
3.195150852203369
3.0
2.0
1.347365140914917
1.8430159091949463
2.208019733428955
3.0
2.0
1.4047719240188599
-3.0215036869049072
2.7399816513061523
3.0
2.0
1.3508529663085938
-2.5681300163269043
-0.024854011833667755
6.0
2.0
1.4422965049743652
-2.145667552947998
2.8225033283233643
2.0
2.0
1.3887816667556763
-2.0451996326446533
3.0042786598205566
2.0
2.0
1.3595949411392212
-1.0263786315917969
1.2174773216247559
4.0
2.0
1.431283950805664
-0.5567840933799744
1.2759573459625244
2.0
2.0
2.395184278488159
-2.6359057426452637
-2.9666666984558105
5.0
3.0
2.40545916557312
-2.5238187313079834
-2.9666666984558105
8.0
3.0
2.395867109298706
-2.588146448135376
-1.899999976158142
1.0
3.0
2.4073710441589355
1.4685567617416382
3.5
1.0
3.0
2.398186445236206
1.5176478624343872
3.5
2.0
3.0
2.40763783454895
-3.038278818130493
2.9666666984558105
1.0
3.0
2.398540496826172
-2.150249719619751
2.9666666984558105
1.0
3.0
2.3997080326080322
-2.0304269790649414
3.5
2.0
3.0
2.3950204849243164
-1.0336272716522217
0.30000001192092896
1.0
3.0
2.3950204849243164
-0.5371690392494202
0.30000001192092896
1.0
3.0
2.3982558250427246
-1.517106533050537
7.366666793823242
1.0
3.0
2.59298038482666
0.6713438034057617
-0.30000001192092896
1.0
4.0
2.5840017795562744
0.7073391079902649
2.433333396911621
1.0
4.0
2.588449001312256
1.406584620475769
0.30000001192092896
2.0
4.0
2.576141595840454
1.8351188898086548
1.899999976158142
1.0
4.0
2.585047960281372
-2.796720504760742
2.9666666984558105
1.0
4.0
2.5866217613220215
-2.7897086143493652
2.9666666984558105
1.0
4.0
2.5789687633514404
1.2621005773544312
6.699999809265137
1.0
4.0
2.576953172683716
-1.2837706804275513
7.366666793823242
2.0
4.0
3.2311227321624756
-2.8080716133117676
-1.899999976158142
1.0
5.0
3.2344205379486084
0.7109730243682861
1.899999976158142
1.0
5.0
3.2399020195007324
1.4763630628585815
3.5
1.0
5.0
3.236999273300171
1.486358642578125
4.0333333015441895
2.0
5.0
3.238938093185425
-3.050355911254883
2.9666666984558105
1.0
5.0
3.230097532272339
-2.0170488357543945
3.5
1.0
5.0
3.4334356784820557
0.6792848706245422
-1.3666666746139526
2.0
6.0
3.4196743965148926
1.3854714632034302
-0.30000001192092896
1.0
6.0
3.424730062484741
-2.6079928874969482
-4.0333333015441895
2.0
6.0
3.4255523681640625
-1.0413646697998047
-0.8333333134651184
1.0
6.0
3.4287545680999756
-0.5154277086257935
-0.8333333134651184
2.0
6.0
3.426187753677368
1.829792857170105
1.3666666746139526
1.0
6.0
3.419508457183838
-2.154902696609497
2.9666666984558105
1.0
6.0
3.421603202819824
-1.7318042516708374
1.3666666746139526
5.0
6.0
