200
0.8861700892448425
0.1262698620557785
0.7532923221588135
4.0
0.0
0.819789469242096
1.079206109046936
0.3187159597873688
2.0
0.0
0.8192429542541504
1.5754789113998413
-4.339081287384033
8.0
0.0
0.842407763004303
1.8530486822128296
0.8799502849578857
5.0
0.0
0.8395066261291504
2.391524314880371
-0.3867802321910858
3.0
0.0
0.8373450636863708
-1.2618329524993896
0.0527944415807724
3.0
0.0
0.8919129967689514
-1.4598499536514282
0.6677653193473816
4.0
0.0
0.8484904766082764
-0.7931885719299316
0.43665066361427307
4.0
0.0
0.8276584148406982
-0.14917616546154022
-2.3869872093200684
7.0
0.0
1.091546654701233
0.6647248268127441
0.8475913405418396
2.0
1.0
1.08709716796875
1.0763171911239624
0.3737846314907074
1.0
1.0
1.091546654701233
1.8428220748901367
1.09661865234375
4.0
1.0
1.1867702007293701
2.3929855823516846
-0.6073359847068787
2.0
1.0
1.083396553993225
-1.2625970840454102
0.02550378069281578
3.0
1.0
1.1444369554519653
-1.4519703388214111
0.8118535876274109
3.0
1.0
1.0693910121917725
-0.7776861190795898
0.5345609188079834
6.0
1.0
1.0942364931106567
-0.13129591941833496
-3.200868844985962
5.0
1.0
1.3461604118347168
0.9052214026451111
0.9133813381195068
4.0
2.0
1.3992321491241455
1.073823094367981
0.43811264634132385
1.0
2.0
1.4561364650726318
0.9745717644691467
0.9385601878166199
3.0
2.0
1.349922776222229
1.8334580659866333
1.3219290971755981
3.0
2.0
1.3720515966415405
2.393784284591675
-0.725270688533783
4.0
2.0
1.3392043113708496
-1.2639744281768799
-0.0029240052681416273
2.0
2.0
1.4010916948318481
-1.4432801008224487
0.956429123878479
3.0
2.0
1.3694685697555542
-0.11255087703466415
-4.035107135772705
10.0
2.0
1.36744225025177
-0.1069599837064743
0.7855375409126282
3.0
2.0
2.3978497982025146
-0.05044155940413475
-7.366666793823242
1.0
3.0
2.395184278488159
1.0651094913482666
0.8333333134651184
1.0
3.0
2.5787887573242188
2.4015800952911377
-1.3666666746139526
2.0
4.0
2.5779776573181152
-1.271167516708374
-0.30000001192092896
1.0
4.0
2.576409101486206
1.3236302137374878
1.3666666746139526
3.0
4.0
2.5782318115234375
1.7922470569610596
2.433333396911621
2.0
4.0
2.5873351097106934
-1.4020841121673584
1.3666666746139526
1.0
4.0
3.2294275760650635
2.4057281017303467
-1.899999976158142
1.0
5.0
3.2406468391418457
-1.2749266624450684
-0.30000001192092896
1.0
5.0
3.234132766723633
0.46592167019844055
1.3666666746139526
2.0
5.0
3.4294357299804688
1.0580148696899414
0.8333333134651184
1.0
6.0
3.4271998405456543
1.4416366815567017
1.3666666746139526
3.0
6.0
3.4194676876068115
1.766385555267334
2.9666666984558105
2.0
6.0
3.419468879699707
-1.3755873441696167
1.899999976158142
1.0
6.0
