425
0.8289740681648254
0.3638007938861847
3.4448280334472656
4.0
0.0
0.8233944177627563
0.940115749835968
-1.4674793481826782
10.0
0.0
0.9118034243583679
0.5865410566329956
2.01503586769104
3.0
0.0
0.836823046207428
1.3591288328170776
-1.5231540203094482
10.0
0.0
0.8194943070411682
1.537751317024231
0.9167926907539368
2.0
0.0
0.8207137584686279
2.027512311935425
2.1045427322387695
4.0
0.0
0.8204934000968933
2.144591808319092
2.854992151260376
3.0
0.0
0.878420352935791
2.766235589981079
-3.454867124557495
10.0
0.0
0.8275431990623474
2.9933860301971436
0.408385306596756
6.0
0.0
0.8471059203147888
-2.8814563751220703
0.9684500098228455
2.0
0.0
0.8203563690185547
-2.6772453784942627
2.960418701171875
4.0
0.0
0.8197231888771057
-2.588169813156128
3.4857640266418457
2.0
0.0
0.8199606537818909
-2.143643856048584
2.1095783710479736
3.0
0.0
0.8235862851142883
-1.680151104927063
1.909316897392273
5.0
0.0
0.8836627006530762
-1.4375901222229004
1.0846302509307861
5.0
0.0
0.8770156502723694
-0.3711966276168823
2.6590843200683594
3.0
0.0
1.0736531019210815
0.36495399475097656
3.656449317932129
4.0
1.0
1.1142518520355225
0.5876535773277283
1.8571398258209229
3.0
1.0
1.1264622211456299
0.9470323324203491
-3.0198733806610107
12.0
1.0
1.1216073036193848
1.352491855621338
-2.965876817703247
10.0
1.0
1.1128950119018555
1.3770264387130737
0.9031473398208618
2.0
1.0
1.1784822940826416
2.0147809982299805
1.8301739692687988
4.0
1.0
1.1200391054153442
2.1421425342559814
2.899989366531372
2.0
1.0
1.0999901294708252
2.9891908168792725
-0.3608355224132538
7.0
1.0
1.071487545967102
-2.7600533962249756
0.9781966805458069
2.0
1.0
1.190755844116211
-2.718852996826172
0.9835573434829712
2.0
1.0
1.1629350185394287
-2.6685433387756348
3.056910753250122
2.0
1.0
1.126218557357788
-2.58663272857666
3.768373489379883
3.0
1.0
1.1098120212554932
-2.1479969024658203
1.8896286487579346
2.0
1.0
1.0953917503356934
-1.7064961194992065
1.6141228675842285
3.0
1.0
1.1346722841262817
-1.4295012950897217
0.6165953278541565
4.0
1.0
1.0679163932800293
-0.3689761757850647
2.6434895992279053
3.0
1.0
1.3466891050338745
0.5889917016029358
1.6748770475387573
3.0
2.0
1.4429519176483154
0.36656245589256287
3.975327730178833
3.0
2.0
1.3358341455459595
0.9520362019538879
-4.088226795196533
12.0
2.0
1.4223871231079102
1.3436003923416138
-4.492713451385498
12.0
2.0
1.4571367502212524
1.2872413396835327
0.8899893164634705
2.0
2.0
1.4033702611923218
2.007850408554077
1.6571706533432007
2.0
2.0
1.351952314376831
2.1403651237487793
2.9345901012420654
2.0
2.0
1.3870387077331543
2.985304355621338
-1.1685351133346558
7.0
2.0
1.3872891664505005
-2.6701345443725586
0.9908673167228699
2.0
2.0
1.3838247060775757
-2.6621081829071045
3.115878105163574
2.0
2.0
1.3559610843658447
-2.585602045059204
3.980038642883301
4.0
2.0
1.4466750621795654
-2.152578830718994
1.6339410543441772
3.0
2.0
1.388918161392212
-1.7313475608825684
1.2920392751693726
6.0
2.0
1.3909809589385986
-1.4217896461486816
0.136453315615654
2.0
2.0
1.3499524593353271
-0.36576521396636963
2.6207473278045654
2.0
2.0
2.4008476734161377
0.5945916771888733
0.8333333134651184
1.0
3.0
2.411510467529297
1.9766031503677368
0.8333333134651184
2.0
3.0
2.3965282440185547
2.132375717163086
2.9666666984558105
2.0
3.0
2.3965282440185547
-2.5800130367279053
0.8333333134651184
2.0
3.0
2.3950204849243164
-2.631564140319824
3.5
1.0
3.0
2.4008476734161377
-2.1653881072998047
0.8333333134651184
1.0
3.0
2.396578073501587
-2.5794711112976074
4.699999809265137
1.0
3.0
2.578446626663208
-1.8749594688415527
-0.30000001192092896
4.0
4.0
2.5844125747680664
-1.3890619277954102
-1.899999976158142
1.0
4.0
2.5858190059661865
2.9663729667663574
-4.699999809265137
2.0
4.0
2.595747470855713
0.38481006026268005
1.899999976158142
11.0
4.0
2.5786149501800537
0.2179245501756668
2.433333396911621
7.0
4.0
2.5896151065826416
1.206912636756897
0.8333333134651184
1.0
4.0
2.5951147079467773
1.1879749298095703
2.433333396911621
1.0
4.0
2.5878236293792725
-0.35688725113868713
2.433333396911621
1.0
4.0
2.5918173789978027
0.37186720967292786
4.699999809265137
1.0
4.0
3.231513738632202
-2.024681329727173
-0.8333333134651184
4.0
5.0
3.241929531097412
0.49351972341537476
2.433333396911621
3.0
5.0
3.2270195484161377
1.209121584892273
0.8333333134651184
1.0
5.0
3.2330288887023926
1.2465075254440308
1.899999976158142
2.0
5.0
3.2400248050689697
1.2729299068450928
1.899999976158142
2.0
5.0
3.241929531097412
1.278917908668518
1.899999976158142
3.0
5.0
3.225687026977539
1.1664094924926758
2.433333396911621
3.0
5.0
3.2257518768310547
1.1913968324661255
2.433333396911621
1.0
5.0
3.2257518768310547
1.9501957893371582
0.30000001192092896
1.0
5.0
3.2282447814941406
-0.35120952129364014
2.433333396911621
1.0
5.0
3.22599720954895
0.37456417083740234
5.366666793823242
1.0
5.0
3.43426775932312
-2.066969633102417
-0.8333333134651184
3.0
6.0
3.4197869300842285
-1.360761284828186
-3.5
2.0
6.0
3.4197869300842285
2.9315576553344727
-6.699999809265137
2.0
6.0
3.4256300926208496
0.1363537758588791
2.433333396911621
2.0
6.0
3.4196743965148926
0.6000732779502869
0.30000001192092896
1.0
6.0
3.424730062484741
1.4298956394195557
0.8333333134651184
2.0
6.0
3.4215123653411865
2.12526273727417
3.5
1.0
6.0
3.4211277961730957
-2.5837082862854004
0.8333333134651184
2.0
6.0
3.4242377281188965
-2.605339527130127
3.5
1.0
6.0
3.420109272003174
-2.1792314052581787
0.30000001192092896
1.0
6.0
3.4202141761779785
-2.5734505653381348
6.0333333015441895
1.0
6.0
