820
0.8678593635559082
0.1810797154903412
1.2717663049697876
5.0
0.0
0.8216196894645691
0.44071415066719055
1.5169161558151245
5.0
0.0
0.8191959857940674
0.5167973637580872
1.5709127187728882
6.0
0.0
0.8198441863059998
0.4777712821960449
1.7274441719055176
5.0
0.0
0.8207411170005798
0.45617109537124634
1.7692573070526123
6.0
0.0
0.8406648635864258
0.2910623550415039
1.7790039777755737
4.0
0.0
0.8191996216773987
0.5206254720687866
2.9233813285827637
2.0
0.0
0.8466514945030212
0.2621830701828003
3.1387827396392822
4.0
0.0
0.8471287488937378
0.7836326956748962
3.480208396911621
5.0
0.0
0.8348665237426758
1.3706859350204468
2.3915820121765137
2.0
0.0
0.8513749241828918
1.8125274181365967
-3.9344730377197266
12.0
0.0
0.9044573903083801
1.6506500244140625
2.828026533126831
3.0
0.0
0.8409676551818848
2.3839001655578613
2.0879733562469482
2.0
0.0
0.8477941751480103
2.3514652252197266
2.7825419902801514
2.0
0.0
0.8192309737205505
2.621218204498291
3.0002174377441406
3.0
0.0
0.8643405437469482
2.2873148918151855
4.267077922821045
6.0
0.0
0.8985669016838074
2.7120726108551025
-3.46951961517334
12.0
0.0
0.8243463039398193
3.0236968994140625
0.34746864438056946
6.0
0.0
0.8227161765098572
3.0429985523223877
2.019909143447876
3.0
0.0
0.8564069867134094
2.8396737575531006
3.212857246398926
4.0
0.0
0.8223012685775757
-2.710982322692871
-0.40546131134033203
8.0
0.0
0.911737859249115
-3.078503131866455
2.1674087047576904
2.0
0.0
0.8198370933532715
-2.6636030673980713
3.889394760131836
2.0
0.0
0.8250520825386047
-2.21966552734375
-4.509119987487793
3.0
0.0
0.8219978213310242
-2.183039903640747
-4.366006851196289
4.0
0.0
0.8429538607597351
-2.3384289741516113
3.5602498054504395
5.0
0.0
0.8554462194442749
-1.869008183479309
-1.6200358867645264
5.0
0.0
0.8582121133804321
-1.8795394897460938
-1.6131482124328613
3.0
0.0
0.8812421560287476
-1.9543395042419434
-1.3167308568954468
3.0
0.0
0.8388587236404419
-1.7937915325164795
-1.1364175081253052
3.0
0.0
0.8860725164413452
-1.9678581953048706
-0.9683107733726501
7.0
0.0
0.8375754952430725
-1.7867275476455688
-0.522331178188324
7.0
0.0
0.8401646614074707
-1.8007346391677856
2.5588560104370117
2.0
0.0
0.8198595643043518
-1.0130048990249634
1.2179646492004395
3.0
0.0
0.8598753809928894
-1.362074375152588
2.6953094005584717
4.0
0.0
0.8204953074455261
-1.1095386743545532
2.941737651824951
3.0
0.0
0.8234918117523193
-0.6318404078483582
-3.5049092769622803
14.0
0.0
0.8618023991584778
-0.8454091548919678
-0.6872586607933044
8.0
0.0
0.8493127822875977
-0.7967535257339478
2.0046393871307373
5.0
0.0
0.8201939463615417
0.04328896850347519
-0.4480217695236206
6.0
0.0
0.8291117548942566
-0.160865917801857
-0.14473800361156464
6.0
0.0
0.8826250433921814
-0.38747522234916687
2.2458693981170654
4.0
0.0
0.8667021989822388
-0.3386807441711426
2.4633824825286865
3.0
0.0
1.1857823133468628
0.03848569840192795
-1.7492766380310059
8.0
1.0
1.1173572540283203
0.18607909977436066
0.9323873519897461
4.0
1.0
1.0861417055130005
0.29522794485092163
1.5832583904266357
3.0
1.0
1.0937625169754028
0.263236403465271
3.3424880504608154
4.0
1.0
1.139868974685669
0.5218240022659302
3.111004590988159
4.0
1.0
1.070609450340271
0.7817226648330688
3.7548906803131104
4.0
1.0
1.1143399477005005
1.3727957010269165
2.373063325881958
1.0
1.0
1.166751742362976
1.6437643766403198
2.9355647563934326
2.0
1.0
1.0673396587371826
2.3871707916259766
1.9919686317443848
1.0
1.0
1.0707199573516846
2.351548194885254
2.87058687210083
3.0
1.0
1.1890220642089844
2.3891546726226807
1.9399864673614502
3.0
1.0
1.0919764041900635
2.626486301422119
3.183779716491699
3.0
1.0
1.0911529064178467
3.0225212574005127
-0.32992467284202576
6.0
1.0
1.0854382514953613
3.0473580360412598
1.8844304084777832
3.0
1.0
1.1177318096160889
2.933922290802002
1.9359253644943237
8.0
1.0
1.1588870286941528
2.837265968322754
3.4830024242401123
3.0
1.0
1.1725012063980103
-3.0794332027435303
2.238071918487549
2.0
1.0
1.187827706336975
-2.713907241821289
-1.665617823600769
6.0
1.0
1.0704922676086426
-2.3588294982910156
3.8557686805725098
4.0
1.0
1.1627548933029175
-2.6681907176971436
4.489302158355713
10.0
1.0
1.1685298681259155
-2.679307460784912
4.502622604370117
3.0
1.0
1.0708955526351929
-1.9696670770645142
-1.6776386499404907
8.0
1.0
1.122370719909668
-1.7911468744277954
-1.529099464416504
10.0
1.0
1.1247175931930542
-1.7973434925079346
2.5963807106018066
2.0
1.0
1.1032267808914185
-1.3415607213974
2.773282766342163
4.0
1.0
1.0797654390335083
-0.8511071801185608
-1.4850232601165771
8.0
1.0
1.0748200416564941
-0.8212327361106873
-1.3197476863861084
7.0
1.0
1.100844383239746
-0.9407711029052734
-1.2760547399520874
5.0
1.0
1.0921425819396973
-0.9084721207618713
-1.1780033111572266
2.0
1.0
1.0778683423995972
-0.8403490781784058
-1.1302446126937866
2.0
1.0
1.067893147468567
-0.7613964080810547
-0.970074474811554
3.0
1.0
1.1014848947525024
-0.9429739117622375
-0.429828017950058
2.0
1.0
1.12147855758667
-1.0033559799194336
0.7516562938690186
7.0
1.0
1.1244579553604126
-1.0112664699554443
0.7629902958869934
5.0
1.0
1.0713870525360107
-0.795727014541626
1.8901159763336182
4.0
1.0
1.1738183498382568
-1.118363857269287
3.152427911758423
4.0
1.0
1.0692933797836304
-0.3840137720108032
2.2018468379974365
3.0
1.0
1.1035797595977783
-0.1646387279033661
-1.0069493055343628
4.0
1.0
1.1787705421447754
-0.3419284522533417
2.469555377960205
2.0
1.0
1.4538853168487549
0.035471804440021515
-2.7046661376953125
10.0
2.0
1.373287558555603
0.19141942262649536
0.5841064453125
3.0
2.0
1.3407270908355713
0.2997804880142212
1.381058931350708
3.0
2.0
1.349419116973877
0.2645052671432495
3.5521600246429443
4.0
2.0
1.366839051246643
0.5230495929718018
3.244046688079834
2.0
2.0
1.3901522159576416
0.7791641354560852
4.148412227630615
4.0
2.0
1.4059314727783203
1.3744255304336548
2.3540573120117188
4.0
2.0
1.4344978332519531
1.636942744255066
3.045377016067505
3.0
2.0
1.3728872537612915
2.3915820121765137
1.861850619316101
2.0
2.0
1.389968752861023
2.350369453430176
2.9966437816619873
3.0
2.0
1.357856273651123
2.7489898204803467
1.7163004875183105
6.0
2.0
1.4059820175170898
2.630962610244751
3.3949575424194336
3.0
2.0
1.33621084690094
2.8349995613098145
3.6413419246673584
2.0
2.0
1.3723492622375488
3.0213160514831543
-1.044230341911316
4.0
2.0
1.3615151643753052
3.0518224239349365
1.7421290874481201
3.0
2.0
1.438045859336853
-3.0812876224517822
2.312633991241455
2.0
2.0
1.4090298414230347
-2.715702772140503
-2.4282538890838623
8.0
2.0
1.3998171091079712
-2.383139133453369
4.28345251083374
5.0
2.0
1.3607414960861206
-1.9723800420761108
-2.788111448287964
7.0
2.0
1.4207468032836914
-1.7950596809387207
-2.585171937942505
8.0
2.0
1.4197683334350586
-1.7932968139648438
2.635854721069336
4.0
2.0
1.3522924184799194
-1.3165754079818726
2.85239315032959
3.0
2.0
1.3545489311218262
-1.0101271867752075
0.4195939600467682
4.0
2.0
1.3983584642410278
-1.123474359512329
3.286444664001465
1.0
2.0
1.4247041940689087
-0.8596087098121643
-2.7484285831451416
10.0
2.0
1.3911194801330566
-0.793777346611023
1.7244226932525635
4.0
2.0
1.3532294034957886
-0.37733614444732666
2.1339449882507324
3.0
2.0
1.3442357778549194
-0.3436647355556488
2.472804307937622
3.0
2.0
1.3922326564788818
-0.16790671646595
-1.9135080575942993
8.0
2.0
2.4140431880950928
3.0152440071105957
-3.5
2.0
3.0
2.3972883224487305
-1.0016303062438965
-1.3666666746139526
2.0
3.0
2.3955793380737305
0.025508079677820206
-6.0333333015441895
1.0
3.0
2.4091546535491943
-2.7272117137908936
-6.0333333015441895
2.0
3.0
2.4106061458587646
-1.9798164367675781
-6.699999809265137
2.0
3.0
2.3948285579681396
0.5284843444824219
4.0333333015441895
1.0
3.0
2.396479368209839
1.6082350015640259
3.5
1.0
3.0
2.3955793380737305
2.6435019969940186
4.0333333015441895
1.0
3.0
2.4014134407043457
3.0673599243164062
1.3666666746139526
1.0
3.0
2.397982358932495
-3.0900683403015137
2.433333396911621
1.0
3.0
2.4059536457061768
-1.1435245275497437
4.0333333015441895
2.0
3.0
2.3997914791107178
-2.682502508163452
6.699999809265137
1.0
3.0
2.5789687633514404
0.21490299701690674
-0.8333333134651184
1.0
4.0
2.5912513732910156
-0.893471360206604
-1.899999976158142
1.0
4.0
2.5896151065826416
-0.8874824047088623
-1.899999976158142
1.0
4.0
2.5767974853515625
-1.8098912239074707
-6.699999809265137
5.0
4.0
2.5807740688323975
0.3217785954475403
0.30000001192092896
1.0
4.0
2.582646369934082
1.3800303936004639
2.433333396911621
1.0
4.0
2.578848123550415
2.4020838737487793
0.8333333134651184
3.0
4.0
2.5792176723480225
2.405104875564575
1.3666666746139526
1.0
4.0
2.5763068199157715
2.3445885181427
3.5
1.0
4.0
2.580392599105835
-1.7751309871673584
2.9666666984558105
2.0
4.0
2.5892205238342285
-1.2084110975265503
3.5
2.0
4.0
2.5761494636535645
-0.7818657755851746
1.3666666746139526
1.0
4.0
2.5866217613220215
-0.3518840968608856
1.899999976158142
1.0
4.0
2.586975574493408
-0.3533855080604553
2.433333396911621
2.0
4.0
2.576251745223999
0.27138710021972656
4.699999809265137
1.0
4.0
2.576409101486206
0.7707648873329163
5.366666793823242
1.0
4.0
2.5819289684295654
2.8127777576446533
4.699999809265137
1.0
4.0
2.5894830226898193
-2.4577794075012207
6.0333333015441895
2.0
4.0
3.2312777042388916
0.33271780610084534
-0.30000001192092896
1.0
5.0
3.2262024879455566
-0.8067561388015747
-3.5
3.0
5.0
3.2256052494049072
1.5800660848617554
4.0333333015441895
1.0
5.0
3.226473569869995
2.3312110900878906
0.30000001192092896
2.0
5.0
3.230451822280884
2.411756992340088
0.8333333134651184
2.0
5.0
3.225865125656128
2.340477228164673
3.5
1.0
5.0
3.2319176197052
3.078399181365967
0.8333333134651184
1.0
5.0
3.22835373878479
-3.0992984771728516
2.9666666984558105
1.0
5.0
3.22660756111145
-1.1515027284622192
3.5
2.0
5.0
3.2255821228027344
-0.7769344449043274
0.8333333134651184
1.0
5.0
3.229823350906372
-0.34075337648391724
1.899999976158142
1.0
5.0
3.2274489402770996
-0.3576487600803375
2.433333396911621
1.0
5.0
3.2397797107696533
2.654859781265259
4.699999809265137
2.0
5.0
3.229557514190674
2.7992312908172607
5.366666793823242
1.0
5.0
3.421743392944336
0.23283027112483978
-2.433333396911621
2.0
6.0
3.4280970096588135
-0.9107741713523865
-3.5
1.0
6.0
3.4196603298187256
-0.9923922419548035
-2.433333396911621
2.0
6.0
3.426187753677368
3.007890224456787
-6.0333333015441895
1.0
6.0
3.419620990753174
1.38395094871521
2.433333396911621
1.0
6.0
3.419522285461426
-1.7614432573318481
2.9666666984558105
1.0
6.0
3.430243968963623
0.2756398022174835
5.366666793823242
1.0
6.0
3.424516201019287
0.5347368717193604
4.699999809265137
1.0
6.0
3.422036647796631
-2.5137853622436523
6.699999809265137
2.0
6.0
