265
0.8206598162651062
0.45780572295188904
3.007202625274658
4.0
0.0
0.8375621438026428
0.8313411474227905
2.7435553073883057
2.0
0.0
0.819246232509613
1.5758434534072876
2.63179349899292
3.0
0.0
0.8209081888198853
2.152946710586548
2.596705675125122
3.0
0.0
0.8322471380233765
1.9110116958618164
3.1561641693115234
3.0
0.0
0.8761299848556519
-2.986536979675293
-1.9839547872543335
9.0
0.0
0.885999321937561
-2.4912564754486084
2.345285415649414
4.0
0.0
0.8218519687652588
-1.1336692571640015
2.6192853450775146
4.0
0.0
0.9021293520927429
-0.4381975829601288
-0.6945686936378479
8.0
0.0
0.8355356454849243
-0.20414398610591888
2.909573554992676
3.0
0.0
1.1757118701934814
0.4489763677120209
3.2167561054229736
4.0
1.0
1.1838167905807495
0.8272817134857178
2.8366360664367676
4.0
1.0
1.0694471597671509
1.577952265739441
2.6665565967559814
6.0
1.0
1.077315092086792
1.9118305444717407
3.345412015914917
4.0
1.0
1.1160732507705688
2.153208017349243
2.6251332759857178
4.0
1.0
1.1291518211364746
-2.986783504486084
-3.289466142654419
10.0
1.0
1.093968152999878
-2.486454486846924
2.3048367500305176
2.0
1.0
1.181023359298706
-1.1313238143920898
2.6623330116271973
3.0
1.0
1.1250067949295044
-0.6200001835823059
-1.6035640239715576
8.0
1.0
1.0765143632888794
-0.43947428464889526
-1.3093667030334473
9.0
1.0
1.1193732023239136
-0.21222589910030365
3.038684368133545
5.0
1.0
1.3998171091079712
0.4442943334579468
3.348823308944702
5.0
2.0
1.3711047172546387
0.8255082368850708
2.886831283569336
2.0
2.0
1.335709810256958
1.5810190439224243
2.7035939693450928
2.0
2.0
1.3325212001800537
1.9134923219680786
3.5424132347106934
2.0
2.0
1.3481943607330322
2.1540215015411377
2.648037910461426
2.0
2.0
1.4578890800476074
1.9144439697265625
3.6389052867889404
2.0
2.0
1.4550771713256836
-2.479595184326172
2.2336859703063965
2.0
2.0
1.4014365673065186
-1.1298249959945679
2.688973903656006
2.0
2.0
1.3359800577163696
-0.619534969329834
-2.371276378631592
6.0
2.0
1.3750667572021484
-0.44150203466415405
-2.36234188079834
5.0
2.0
1.4184707403182983
-0.22014637291431427
3.1748452186584473
4.0
2.0
2.406459331512451
-0.6220765709877014
-6.0333333015441895
2.0
3.0
2.396199941635132
-0.5577845573425293
-6.0333333015441895
1.0
3.0
2.3956470489501953
-0.49700576066970825
-6.0333333015441895
3.0
3.0
2.4018046855926514
-0.44720688462257385
-6.0333333015441895
1.0
3.0
2.4073710441589355
-0.42135921120643616
-6.0333333015441895
1.0
3.0
2.400219202041626
-0.5908098816871643
-5.366666793823242
6.0
3.0
2.4058289527893066
0.4278096556663513
4.0333333015441895
1.0
3.0
2.3954522609710693
1.5941343307495117
2.9666666984558105
1.0
3.0
2.3998756408691406
2.1594443321228027
2.9666666984558105
2.0
3.0
2.4016077518463135
-1.1225099563598633
2.9666666984558105
1.0
3.0
2.577434778213501
0.817179262638092
2.9666666984558105
1.0
4.0
2.59069561958313
-2.4622721672058105
1.899999976158142
1.0
4.0
2.576338291168213
-0.249184250831604
3.5
1.0
4.0
2.586505174636841
1.9221798181533813
4.699999809265137
2.0
4.0
2.5967161655426025
1.9585875272750854
4.699999809265137
5.0
4.0
3.2267136573791504
0.8132009506225586
3.5
1.0
5.0
3.2273147106170654
1.604638934135437
2.9666666984558105
2.0
5.0
3.2410261631011963
-2.454221725463867
1.899999976158142
2.0
5.0
3.231593370437622
-1.1165096759796143
2.9666666984558105
1.0
5.0
3.419555902481079
2.1670682430267334
2.9666666984558105
1.0
6.0
3.428189516067505
-0.26770132780075073
4.0333333015441895
2.0
6.0
