295
0.83539879322052
0.32027265429496765
3.9559426307678223
9.0
0.0
0.8888125419616699
0.6427240371704102
-0.4384375512599945
3.0
0.0
0.8204352855682373
1.0961222648620605
0.35380396246910095
4.0
0.0
0.8219978213310242
2.0057504177093506
0.40399932861328125
2.0
0.0
0.8192296028137207
2.6210360527038574
2.0645813941955566
4.0
0.0
0.89804607629776
-3.0462253093719482
0.5941780209541321
2.0
0.0
0.842407763004303
-2.3357415199279785
2.1084413528442383
2.0
0.0
0.8252852559089661
-1.6984024047851562
2.016822576522827
4.0
0.0
0.8781296014785767
-1.4216982126235962
-1.5752012729644775
5.0
0.0
0.8233493566513062
-0.10654044151306152
1.1580226421356201
2.0
0.0
0.8222625255584717
-0.09244564920663834
1.6103867292404175
2.0
0.0
1.0980064868927002
0.6400483846664429
-0.7447640299797058
4.0
1.0
1.082793116569519
1.0965790748596191
0.19200928509235382
2.0
1.0
1.182644009590149
2.007423162460327
0.20565462112426758
4.0
1.0
1.0943814516067505
2.617039918899536
2.4690680503845215
4.0
1.0
1.153242826461792
-3.0416808128356934
0.5186413526535034
4.0
1.0
1.081384539604187
-2.4305431842803955
-0.9336544275283813
10.0
1.0
1.0967401266098022
-2.4969232082366943
-0.6870962381362915
3.0
1.0
1.0684106349945068
-2.3381848335266113
2.4398279190063477
4.0
1.0
1.0915796756744385
-1.6916030645370483
2.390932083129883
3.0
1.0
1.132748007774353
-1.4248625040054321
-2.27510929107666
6.0
1.0
1.0885682106018066
-0.10822907835245132
1.2535400390625
2.0
1.0
1.0864678621292114
-0.09895318746566772
1.8511292934417725
4.0
1.0
1.3359382152557373
0.6373234391212463
-1.0938571691513062
3.0
2.0
1.3882371187210083
1.0976226329803467
0.003411332843825221
1.0
2.0
1.403071403503418
2.0084524154663086
0.08430866152048111
1.0
2.0
1.4153409004211426
2.6130433082580566
2.9414126873016357
4.0
2.0
1.412886619567871
-3.0372300148010254
0.441523939371109
2.0
2.0
1.3455171585083008
-2.547978401184082
-0.9487617611885071
5.0
2.0
1.415633201599121
-2.4140472412109375
-1.7825777530670166
6.0
2.0
1.3812206983566284
-2.341747760772705
2.8995020389556885
6.0
2.0
1.3699722290039062
-1.684715986251831
2.784816265106201
3.0
2.0
1.3939383029937744
-1.42825186252594
-2.9933485984802246
7.0
2.0
1.3685075044631958
-0.10991572588682175
1.3547428846359253
3.0
2.0
1.366951823234558
-0.10558611899614334
2.106492042541504
4.0
2.0
2.4073710441589355
0.6258383393287659
-2.433333396911621
1.0
3.0
2.3983967304229736
1.101969838142395
-0.8333333134651184
1.0
3.0
2.402620792388916
2.0136871337890625
-0.30000001192092896
1.0
3.0
2.3983259201049805
-2.672224998474121
-1.899999976158142
2.0
3.0
2.4152069091796875
-1.4407099485397339
-6.0333333015441895
1.0
3.0
2.4106061458587646
-0.11457862704992294
1.899999976158142
2.0
3.0
2.415886878967285
-0.1322205662727356
2.9666666984558105
1.0
3.0
2.412282943725586
-3.021124839782715
0.30000001192092896
1.0
3.0
2.4048566818237305
-1.6622806787490845
4.0333333015441895
1.0
3.0
2.576136350631714
-2.35770845413208
-4.699999809265137
1.0
4.0
2.596390724182129
-0.13680106401443481
2.9666666984558105
1.0
4.0
2.596390724182129
-0.13680106401443481
3.5
1.0
4.0
2.576136350631714
-2.35770845413208
4.699999809265137
1.0
4.0
3.2338497638702393
1.1060774326324463
-1.3666666746139526
1.0
5.0
3.2303085327148438
2.018254280090332
-0.8333333134651184
2.0
5.0
3.2257349491119385
-2.735996961593628
-2.9666666984558105
2.0
5.0
3.2269399166107178
-2.3259754180908203
-6.699999809265137
1.0
5.0
3.2256176471710205
-2.3658671379089355
5.366666793823242
2.0
5.0
3.2344205379486084
-1.645221471786499
5.366666793823242
1.0
5.0
3.4205758571624756
0.614514946937561
-4.0333333015441895
1.0
6.0
3.42586612701416
-3.006375312805176
-0.30000001192092896
1.0
6.0
3.4298360347747803
-0.11857063323259354
1.899999976158142
1.0
6.0
3.4222946166992188
-0.15569309890270233
4.0333333015441895
1.0
6.0
3.4215123653411865
2.5871262550354004
6.0333333015441895
1.0
6.0
