255
0.8211497068405151
0.9721460938453674
-0.573710024356842
3.0
0.0
0.822785496711731
1.4712985754013062
-3.105156660079956
10.0
0.0
0.8442157506942749
1.3206770420074463
1.291551947593689
4.0
0.0
0.8540145754814148
1.801809549331665
-1.944502353668213
10.0
0.0
0.8827084302902222
1.7066843509674072
2.221989870071411
4.0
0.0
0.8195884823799133
2.6429014205932617
1.0678659677505493
2.0
0.0
0.8382525444030762
2.3983042240142822
1.6929084062576294
6.0
0.0
0.8194375038146973
2.636234760284424
2.504448413848877
5.0
0.0
0.8201375007629395
3.0876142978668213
1.2026948928833008
3.0
0.0
0.8202630281448364
-2.6750638484954834
0.3966893255710602
4.0
0.0
0.8543444871902466
-1.8646897077560425
4.3002166748046875
10.0
0.0
0.8564214706420898
-1.3491721153259277
-2.7881734371185303
9.0
0.0
1.1177794933319092
0.970293402671814
-1.1559758186340332
5.0
1.0
1.0855636596679688
1.475980520248413
-4.424374103546143
13.0
1.0
1.136098861694336
1.3160005807876587
1.3804091215133667
3.0
1.0
1.101357340812683
1.8063565492630005
-2.8080999851226807
9.0
1.0
1.1350600719451904
1.7111655473709106
2.5617799758911133
2.0
1.0
1.0676320791244507
2.3834035396575928
1.8735467195510864
4.0
1.0
1.0886616706848145
2.6402621269226074
1.0790746212005615
4.0
1.0
1.0905869007110596
2.6321468353271484
2.988001823425293
5.0
1.0
1.0768853425979614
3.092531681060791
1.2543522119522095
3.0
1.0
1.1616770029067993
-2.666071891784668
0.12573198974132538
4.0
1.0
1.1041713953018188
-1.3446930646896362
-3.901577949523926
10.0
1.0
1.3328746557235718
0.9688457250595093
-1.5784662961959839
4.0
2.0
1.4424750804901123
1.3097995519638062
1.4740583896636963
4.0
2.0
1.3900604248046875
1.7218464612960815
-4.129324913024902
3.0
2.0
1.3892735242843628
1.7236058712005615
-4.125166416168213
5.0
2.0
1.4235426187515259
1.6557109355926514
-4.102846622467041
2.0
2.0
1.3565682172775269
1.8106485605239868
-3.697176456451416
7.0
2.0
1.3531036376953125
1.8222101926803589
-3.447589635848999
3.0
2.0
1.392512321472168
1.7164374589920044
2.9068119525909424
4.0
2.0
1.384307861328125
2.3633058071136475
2.131021022796631
3.0
2.0
1.402029275894165
2.6388797760009766
1.0922327041625977
2.0
2.0
1.407531499862671
2.627918243408203
3.5504543781280518
4.0
2.0
1.347935676574707
3.097477436065674
1.309583306312561
1.0
2.0
1.3835618495941162
-2.661489248275757
-0.050682663917541504
4.0
2.0
2.403371572494507
0.9627156257629395
-3.5
2.0
3.0
2.395867109298706
-2.647841453552246
-0.8333333134651184
1.0
3.0
2.39513897895813
2.6348204612731934
1.3666666746139526
1.0
3.0
2.395514488220215
3.1171696186065674
1.3666666746139526
1.0
3.0
2.394817352294922
2.614193916320801
5.366666793823242
1.0
3.0
2.576632261276245
1.2893187999725342
1.899999976158142
1.0
4.0
2.5823724269866943
2.286667585372925
2.9666666984558105
2.0
4.0
2.5878236293792725
1.7375078201293945
4.699999809265137
1.0
4.0
3.2411537170410156
1.2765235900878906
1.899999976158142
1.0
5.0
3.2255821228027344
3.1331288814544678
1.899999976158142
1.0
5.0
3.4317333698272705
-2.6371212005615234
-1.899999976158142
1.0
6.0
3.42914080619812
2.234978199005127
4.0333333015441895
2.0
6.0
3.430450916290283
2.632589817047119
1.3666666746139526
1.0
6.0
3.419842481613159
1.7523200511932373
5.366666793823242
1.0
6.0
3.423203229904175
2.599271774291992
7.366666793823242
1.0
6.0
