470
0.81919926404953
0.5146098732948303
-1.1356053352355957
4.0
0.0
0.8329408168792725
0.859225869178772
2.2604892253875732
2.0
0.0
0.8869695067405701
1.1712884902954102
-0.8557135462760925
3.0
0.0
0.8201501965522766
1.6129941940307617
2.6561601161956787
3.0
0.0
0.837843120098114
1.8769696950912476
-0.21540133655071259
2.0
0.0
0.8741685748100281
1.731815218925476
-0.18112556636333466
3.0
0.0
0.8660992980003357
2.8049328327178955
-2.3562991619110107
5.0
0.0
0.8209862112998962
-3.0815889835357666
-1.936087727546692
3.0
0.0
0.8195884823799133
-3.116685152053833
-1.7984973192214966
4.0
0.0
0.8608337044715881
-2.9363412857055664
-1.9432352781295776
1.0
0.0
0.8882342576980591
-3.0209178924560547
-1.1778408288955688
6.0
0.0
0.8866264224052429
-3.016568422317505
-1.1679317951202393
3.0
0.0
0.872306764125824
-2.9747984409332275
0.1882731169462204
3.0
0.0
0.8194983601570129
-2.6512210369110107
1.7097485065460205
9.0
0.0
0.8944720029830933
-2.513641119003296
-0.08008512109518051
3.0
0.0
0.9055999517440796
-2.5408284664154053
-0.04662156105041504
3.0
0.0
0.9068771600723267
-2.0202088356018066
-0.7554853558540344
2.0
0.0
0.8439350128173828
-1.2959775924682617
-2.4698476791381836
10.0
0.0
0.822869598865509
-1.1477793455123901
-1.0113353729248047
2.0
0.0
0.8202385902404785
-0.4792187511920929
-0.49724245071411133
3.0
0.0
0.8421300053596497
-0.7635656595230103
0.6120468974113464
3.0
0.0
1.1467523574829102
0.5064369440078735
-1.4252437353134155
3.0
1.0
1.1439993381500244
0.9051957130432129
2.099181890487671
1.0
1.0
1.1423677206039429
1.3015445470809937
-0.6326773762702942
2.0
1.0
1.0680456161499023
1.5929858684539795
2.7825419902801514
2.0
1.0
1.1528987884521484
1.2787266969680786
3.9269192218780518
6.0
1.0
1.0847176313400269
1.8726367950439453
-0.15545932948589325
2.0
1.0
1.1285264492034912
1.727177619934082
-0.1125740185379982
2.0
1.0
1.1374071836471558
1.7056236267089844
1.0352146625518799
4.0
1.0
1.1072421073913574
1.7869899272918701
1.1707907915115356
5.0
1.0
1.1743849515914917
2.807589054107666
-3.044970989227295
8.0
1.0
1.142801284790039
-3.0191197395324707
-1.3849575519561768
3.0
1.0
1.1235673427581787
-2.972421169281006
0.36355066299438477
4.0
1.0
1.0989993810653687
-2.5051016807556152
-0.003898660419508815
2.0
1.0
1.1078511476516724
-2.5346181392669678
0.03590020909905434
3.0
1.0
1.1306002140045166
-2.5976924896240234
2.431264877319336
7.0
1.0
1.0785046815872192
-2.022139072418213
-0.8198133707046509
2.0
1.0
1.1030089855194092
-1.3408327102661133
-3.1307764053344727
7.0
1.0
1.187430739402771
-1.1424344778060913
-1.2751450538635254
3.0
1.0
1.0676878690719604
-0.758886456489563
0.8878775238990784
3.0
1.0
1.0834850072860718
-0.4776323735713959
-0.5226374864578247
5.0
1.0
1.3749444484710693
0.5012892484664917
-1.6269559860229492
4.0
2.0
1.3780406713485718
1.1217881441116333
1.9466466903686523
6.0
2.0
1.4041948318481445
1.3778777122497559
-0.4166699945926666
4.0
2.0
1.4545179605484009
1.2911560535430908
1.7977663278579712
4.0
2.0
1.341587781906128
1.8667329549789429
-0.09259333461523056
4.0
2.0
1.3900146484375
1.7219486236572266
-0.04142332077026367
2.0
2.0
1.4058808088302612
1.6886848211288452
1.2839170694351196
3.0
2.0
1.3971045017242432
1.7065880298614502
1.3635149002075195
3.0
2.0
1.3415629863739014
2.8093204498291016
-3.4185121059417725
6.0
2.0
1.4046714305877686
-3.021303415298462
-1.606650471687317
3.0
2.0
1.3812636137008667
-2.97016978263855
0.5431704521179199
3.0
2.0
1.3343219757080078
-2.495403528213501
0.08382133394479752
2.0
2.0
1.3407270908355713
-2.5276529788970947
0.13044287264347076
3.0
2.0
1.3455007076263428
-2.547913074493408
2.9925825595855713
8.0
2.0
1.3804497718811035
-2.025723695755005
-0.9328746795654297
4.0
2.0
1.3719922304153442
-1.375969409942627
-3.8115432262420654
8.0
2.0
1.406387209892273
-1.1397477388381958
-1.4338533878326416
2.0
2.0
1.3737698793411255
-0.7523148655891418
1.2631242275238037
3.0
2.0
1.3897122144699097
-0.4764912724494934
-0.5524622797966003
5.0
2.0
2.3972294330596924
0.4785732626914978
-2.433333396911621
1.0
3.0
2.410163402557373
-3.0286216735839844
-2.433333396911621
1.0
3.0
2.398912191390991
-2.035835027694702
-1.3666666746139526
2.0
3.0
2.4024126529693604
-1.1268267631530762
-1.899999976158142
1.0
3.0
2.3978497982025146
-0.47315722703933716
-0.8333333134651184
1.0
3.0
2.397982358932495
-1.5192718505859375
-6.699999809265137
3.0
3.0
2.403262138366699
1.4868533611297607
0.30000001192092896
1.0
3.0
2.4145376682281494
1.6987472772598267
0.30000001192092896
5.0
3.0
2.413393497467041
-2.4937827587127686
0.30000001192092896
2.0
3.0
2.413393497467041
-2.4937827587127686
0.8333333134651184
2.0
3.0
2.4118173122406006
-2.2132575511932373
5.366666793823242
10.0
3.0
2.580467700958252
2.8218255043029785
-6.0333333015441895
1.0
4.0
2.576159954071045
1.8371373414993286
0.30000001192092896
1.0
4.0
2.589090347290039
1.7325094938278198
2.9666666984558105
1.0
4.0
2.5842058658599854
-2.958855390548706
1.3666666746139526
1.0
4.0
2.585484743118286
-2.4412715435028076
0.30000001192092896
1.0
4.0
2.5800275802612305
-0.7304486036300659
2.9666666984558105
1.0
4.0
3.232591152191162
0.4591033160686493
-3.5
1.0
5.0
3.2362444400787354
-2.045131206512451
-1.3666666746139526
1.0
5.0
3.2317545413970947
-1.1157068014144897
-2.9666666984558105
1.0
5.0
3.235413074493408
-0.4711311459541321
-0.8333333134651184
1.0
5.0
3.2332077026367188
1.5015838146209717
0.8333333134651184
2.0
5.0
3.2314345836639404
1.510011911392212
0.8333333134651184
1.0
5.0
3.241929531097412
1.671617031097412
1.3666666746139526
1.0
5.0
3.2305243015289307
-2.412158966064453
0.8333333134651184
1.0
5.0
3.232591152191162
-0.7189939618110657
3.5
1.0
5.0
3.433670997619629
-3.036233425140381
-3.5
2.0
6.0
3.434509754180908
-1.0753766298294067
-2.9666666984558105
9.0
6.0
3.4245870113372803
-1.0364384651184082
-2.9666666984558105
4.0
6.0
3.4242377281188965
1.8199412822723389
0.30000001192092896
1.0
6.0
3.421603202819824
1.7318042516708374
2.433333396911621
5.0
6.0
3.4196743965148926
1.7561211585998535
4.0333333015441895
1.0
6.0
3.419529914855957
-2.9513258934020996
1.899999976158142
2.0
6.0
3.432741641998291
-2.4645707607269287
0.8333333134651184
2.0
6.0
