510
0.8206636309623718
0.4577278792858124
-3.8925275802612305
7.0
0.0
0.8286918997764587
0.3660140633583069
0.7767191529273987
7.0
0.0
0.8199710249900818
0.47405895590782166
2.8011581897735596
10.0
0.0
0.832379162311554
1.3865300416946411
-3.107593297958374
4.0
0.0
0.8216750025749207
2.0106406211853027
-2.6309814453125
2.0
0.0
0.8213986158370972
2.015089750289917
1.9772601127624512
11.0
0.0
0.8196508884429932
2.6452689170837402
-2.042976140975952
3.0
0.0
0.909325897693634
2.1629440784454346
-1.9065228700637817
3.0
0.0
0.9021293520927429
2.1797962188720703
-1.7829025983810425
8.0
0.0
0.852958619594574
2.3296403884887695
3.875749349594116
2.0
0.0
0.8717436790466309
2.786557912826538
-2.8151934146881104
4.0
0.0
0.9102678894996643
2.6843998432159424
-2.205420732498169
4.0
0.0
0.8740643858909607
2.7793328762054443
-2.061657428741455
2.0
0.0
0.8193356990814209
-2.6425275802612305
1.5519763231277466
7.0
0.0
0.8193288445472717
-1.0352247953414917
-2.1436917781829834
3.0
0.0
0.8877731561660767
-1.4488804340362549
-1.186450481414795
3.0
0.0
0.842407763004303
-1.288543939590454
-1.1550986766815186
2.0
0.0
0.8194412589073181
-0.5051705837249756
-3.809680938720703
7.0
0.0
0.8302618265151978
-0.6931015849113464
-0.32037293910980225
5.0
0.0
0.8761123418807983
-0.36848998069763184
-2.5530080795288086
4.0
0.0
0.8244467973709106
-0.11897578835487366
3.7753586769104004
4.0
0.0
1.0740118026733398
0.36241307854652405
1.638443112373352
7.0
1.0
1.1085805892944336
1.3900941610336304
-3.4363484382629395
5.0
1.0
1.1824489831924438
2.0077641010284424
-2.854180097579956
2.0
1.0
1.1119859218597412
2.1651225090026855
-1.8608759641647339
2.0
1.0
1.10756254196167
2.178677797317505
-1.7370933294296265
4.0
1.0
1.1825789213180542
2.0075366497039795
3.7569212913513184
12.0
1.0
1.1806358098983765
2.010952949523926
3.767723798751831
3.0
1.0
1.0673396587371826
2.3871707916259766
3.8884201049804688
2.0
1.0
1.089828610420227
2.6353037357330322
-2.022508144378662
3.0
1.0
1.1783863306045532
2.407651901245117
3.8947553634643555
2.0
1.0
1.1489007472991943
-2.6398017406463623
3.029376268386841
8.0
1.0
1.1430186033248901
-1.4488102197647095
-0.9192293286323547
2.0
1.0
1.0882889032363892
-1.2851184606552124
-0.8739073276519775
2.0
1.0
1.1345947980880737
-1.0366169214248657
-2.1576619148254395
2.0
1.0
1.090692400932312
-0.5098811388015747
-4.380557060241699
7.0
1.0
1.068873405456543
-0.3797014355659485
-2.6485254764556885
4.0
1.0
1.1715646982192993
-0.7215026617050171
0.33577266335487366
6.0
1.0
1.1142077445983887
-0.19761651754379272
3.7597639560699463
4.0
1.0
1.4502140283584595
0.3552168309688568
2.9636528491973877
11.0
2.0
1.3967686891555786
1.3931373357772827
-3.7802319526672363
4.0
2.0
1.4046714305877686
2.005244731903076
-2.992420196533203
3.0
2.0
1.3446892499923706
2.1677515506744385
-1.8092186450958252
4.0
2.0
1.3424938917160034
2.17694354057312
-1.6844613552093506
4.0
2.0
1.3587716817855835
2.4319396018981934
3.904989242553711
4.0
2.0
1.3504910469055176
2.773876905441284
-3.2026233673095703
2.0
2.0
1.409609317779541
2.6238856315612793
-1.9963546991348267
4.0
2.0
1.3737598657608032
-2.63724422454834
4.036691188812256
8.0
2.0
1.4035199880599976
-1.4482024908065796
-0.6463226675987244
4.0
2.0
1.3432389497756958
-1.2819851636886597
-0.5828068852424622
3.0
2.0
1.3635908365249634
-1.038419485092163
-2.167083740234375
3.0
2.0
1.3674272298812866
-0.7352362275123596
0.7089937329292297
5.0
2.0
1.3593538999557495
-0.39731186628341675
-2.7900145053863525
3.0
2.0
1.4311699867248535
-0.24243193864822388
3.7433571815490723
3.0
2.0
2.394901990890503
1.561568260192871
-4.0333333015441895
3.0
3.0
2.4085934162139893
1.98732328414917
-3.5
2.0
3.0
2.4018046855926514
2.1707870960235596
-1.3666666746139526
1.0
3.0
2.403262138366699
2.178338050842285
-1.3666666746139526
1.0
3.0
2.4155454635620117
2.749147415161133
-4.0333333015441895
1.0
3.0
2.395681858062744
2.5908584594726562
-1.899999976158142
2.0
3.0
2.394803285598755
-1.0455690622329712
-2.433333396911621
1.0
3.0
2.399625301361084
-0.4601713716983795
-3.5
1.0
3.0
2.397113800048828
0.47965681552886963
-7.366666793823242
1.0
3.0
2.4043869972229004
0.6129294633865356
-6.699999809265137
1.0
3.0
2.4040422439575195
1.6585111618041992
-6.0333333015441895
6.0
3.0
2.3952078819274902
-0.5420533418655396
-7.366666793823242
2.0
3.0
2.4171032905578613
2.482041358947754
4.0333333015441895
2.0
3.0
2.413393497467041
-1.4465851783752441
0.30000001192092896
2.0
3.0
2.582832098007202
1.9046332836151123
-4.0333333015441895
15.0
4.0
2.5866217613220215
1.922680377960205
-4.0333333015441895
7.0
4.0
2.582554340362549
1.238465666770935
-6.699999809265137
2.0
4.0
2.581171989440918
1.3714898824691772
-6.0333333015441895
2.0
4.0
2.5881969928741455
1.4055848121643066
-5.366666793823242
2.0
4.0
2.5861592292785645
1.920677900314331
-6.0333333015441895
7.0
4.0
2.57613468170166
1.831586480140686
-5.366666793823242
10.0
4.0
2.5972089767456055
2.483675956726074
4.0333333015441895
2.0
4.0
2.5786149501800537
-1.2651220560073853
0.8333333134651184
1.0
4.0
2.576251745223999
-0.7949858903884888
2.9666666984558105
1.0
4.0
2.577054500579834
-0.28853851556777954
3.5
1.0
4.0
2.582104444503784
0.3298196494579315
6.699999809265137
1.0
4.0
2.594646692276001
2.475724458694458
6.0333333015441895
2.0
4.0
2.5786149501800537
-0.2179245501756668
6.0333333015441895
1.0
4.0
3.2255935668945312
1.9723621606826782
-4.0333333015441895
2.0
5.0
3.232764720916748
0.7181914448738098
-6.699999809265137
3.0
5.0
3.241539239883423
1.2777209281921387
-6.699999809265137
4.0
5.0
3.2254691123962402
1.9622862339019775
-6.0333333015441895
3.0
5.0
3.225510835647583
1.968734860420227
-6.0333333015441895
3.0
5.0
3.22599720954895
2.7307586669921875
-4.699999809265137
1.0
5.0
3.235413074493408
-1.2565293312072754
1.3666666746139526
1.0
5.0
3.2276833057403564
-0.8224610686302185
4.0333333015441895
2.0
5.0
3.4194729328155518
2.16174578666687
-1.3666666746139526
1.0
6.0
3.421008586883545
2.1898698806762695
-1.3666666746139526
1.0
6.0
3.419496536254883
2.5483620166778564
-1.899999976158142
1.0
6.0
3.4280052185058594
-1.0523430109024048
-2.433333396911621
2.0
6.0
3.4283759593963623
-0.5169403553009033
-4.0333333015441895
2.0
6.0
3.434147357940674
0.6815469264984131
-6.699999809265137
2.0
6.0
3.42376971244812
1.324305534362793
-6.699999809265137
4.0
6.0
3.4220871925354004
1.4135849475860596
-6.0333333015441895
1.0
6.0
3.4283759593963623
2.480435848236084
4.0333333015441895
2.0
6.0
3.427642345428467
-1.4435287714004517
1.3666666746139526
2.0
6.0
3.432401180267334
-0.28319093585014343
3.5
1.0
6.0
3.4207475185394287
-0.2237153947353363
6.0333333015441895
2.0
6.0
