585
0.8305553197860718
0.35196712613105774
-4.248364448547363
5.0
0.0
0.851364016532898
0.2417764812707901
2.9909706115722656
13.0
0.0
0.8237541913986206
0.9358953237533569
-0.7961289286613464
5.0
0.0
0.8295305371284485
1.406728744506836
-2.6051526069641113
2.0
0.0
0.8208603262901306
1.628440260887146
-1.9797853231430054
4.0
0.0
0.8201663494110107
2.039689064025879
-3.477804183959961
3.0
0.0
0.8489758372306824
1.8226946592330933
0.4149991273880005
7.0
0.0
0.9070519804954529
1.644576907157898
1.3570761680603027
11.0
0.0
0.8201663494110107
2.5632879734039307
-0.4561440050601959
6.0
0.0
0.8193106651306152
2.6286909580230713
2.7162647247314453
14.0
0.0
0.8420954346656799
2.9017982482910156
-2.4315433502197266
2.0
0.0
0.8591071367263794
2.829530954360962
-2.3948309421539307
3.0
0.0
0.8197417259216309
-3.111144542694092
0.05729646235704422
7.0
0.0
0.8501458764076233
-2.8947064876556396
-0.7969086766242981
6.0
0.0
0.8406726121902466
-2.8505702018737793
2.9744014739990234
13.0
0.0
0.8199527859687805
-2.0574727058410645
-0.6604553461074829
6.0
0.0
0.8215766549110413
-2.176596164703369
0.015385803766548634
7.0
0.0
0.8191962242126465
-2.101524591445923
0.06617985665798187
5.0
0.0
0.828831136226654
-2.2530763149261475
1.779225468635559
11.0
0.0
0.8194963335990906
-2.127531051635742
3.4315075874328613
12.0
0.0
0.8201792240142822
-1.527871012687683
-2.7148027420043945
2.0
0.0
0.8195393085479736
-1.5478920936584473
-2.6876745223999023
3.0
0.0
0.8556455373764038
-1.8697818517684937
-0.08500485867261887
7.0
0.0
0.8194183111190796
-1.0299406051635742
-2.7713334560394287
4.0
0.0
0.8995205163955688
-1.4790635108947754
-2.656322717666626
4.0
0.0
0.8325225114822388
-1.232417106628418
-2.4707248210906982
5.0
0.0
0.8346942067146301
-1.2462546825408936
-2.2254014015197754
4.0
0.0
0.8933364748954773
-1.4635347127914429
-2.219553232192993
4.0
0.0
0.9013180136680603
-1.483439326286316
-1.8197776079177856
3.0
0.0
0.8340141773223877
-0.7184383869171143
-2.302887439727783
2.0
0.0
0.8200684785842896
-0.4835108518600464
-0.7542182803153992
5.0
0.0
1.1291966438293457
0.9400951862335205
-0.1868923306465149
4.0
1.0
1.1053674221038818
1.4002925157546997
-2.658759355545044
2.0
1.0
1.1715023517608643
1.6348077058792114
-1.78079092502594
3.0
1.0
1.0971510410308838
1.8212565183639526
1.2523565292358398
7.0
1.0
1.165335774421692
1.646483063697815
2.4409244060516357
8.0
1.0
1.1649264097213745
2.0399727821350098
-3.9127867221832275
4.0
1.0
1.1069881916046143
2.5731923580169678
0.23603177070617676
6.0
1.0
1.0911529064178467
2.629822015762329
4.428872585296631
14.0
1.0
1.1282297372817993
2.906024217605591
-2.427644729614258
2.0
1.0
1.1656547784805298
2.8239657878875732
-2.377936601638794
2.0
1.0
1.0682111978530884
-3.121326208114624
0.7893062829971313
5.0
1.0
1.098446011543274
-2.895825147628784
-0.3153046667575836
6.0
1.0
1.084889531135559
-2.0551645755767822
-0.08430866152048111
6.0
1.0
1.096062421798706
-2.1017112731933594
0.9133813381195068
8.0
1.0
1.1736297607421875
-2.296114921569824
0.9655259847640991
3.0
1.0
1.155006766319275
-2.259935140609741
3.4395647048950195
10.0
1.0
1.1588534116744995
-1.8750554323196411
0.7533271312713623
7.0
1.0
1.1838167905807495
-1.5289127826690674
-2.8356614112854004
4.0
1.0
1.1602479219436646
-1.4851436614990234
-1.6415760517120361
4.0
1.0
1.132748007774353
-1.0321635007858276
-2.8970654010772705
4.0
1.0
1.169146180152893
-0.716975748538971
-2.247331380844116
1.0
1.0
1.0866467952728271
-0.4924602806568146
-0.2090660035610199
6.0
1.0
1.3374384641647339
0.9437433481216431
0.22953398525714874
3.0
2.0
1.3954795598983765
1.395873785018921
-2.7157773971557617
2.0
2.0
1.4324842691421509
1.6403074264526367
-1.632804036140442
4.0
2.0
1.353819489479065
1.8197659254074097
2.1184587478637695
9.0
2.0
1.4277368783950806
1.6483887434005737
3.5426840782165527
9.0
2.0
1.388033390045166
2.0405616760253906
-4.1939778327941895
4.0
2.0
1.3389261960983276
2.821418046951294
-2.3677027225494385
2.0
2.0
1.4314550161361694
2.584519386291504
1.0162086486816406
6.0
2.0
1.4257044792175293
2.9085519313812256
-2.4232585430145264
4.0
2.0
1.3359681367874146
-3.1327457427978516
1.572165846824646
7.0
2.0
1.355158805847168
-2.8971166610717773
0.18294492363929749
5.0
2.0
1.3504730463027954
-2.252606153488159
1.44096839427948
5.0
2.0
1.3536587953567505
-2.263758420944214
4.450412750244141
10.0
2.0
1.3921629190444946
-2.0527093410491943
0.5834566950798035
4.0
2.0
1.3364648818969727
-1.8787167072296143
1.2423312664031982
6.0
2.0
1.416913390159607
-2.1022515296936035
1.8985631465911865
6.0
2.0
1.4504477977752686
-1.5300973653793335
-2.9238686561584473
1.0
2.0
1.4242056608200073
-1.487051010131836
-1.4601693153381348
2.0
2.0
1.3619048595428467
-1.0334199666976929
-2.9886839389801025
4.0
2.0
1.3608465194702148
-0.7160630226135254
-2.2156546115875244
4.0
2.0
1.4041197299957275
-0.5069275498390198
0.4244673252105713
6.0
2.0
2.404620409011841
1.6612039804458618
-0.8333333134651184
1.0
3.0
2.39638352394104
-1.5344418287277222
-3.5
1.0
3.0
2.4018046855926514
-1.4944044351577759
-0.8333333134651184
1.0
3.0
2.3948793411254883
-1.0390551090240479
-3.5
1.0
3.0
2.3978497982025146
2.0439536571502686
-5.366666793823242
1.0
3.0
2.403262138366699
0.9632546305656433
2.433333396911621
1.0
3.0
2.394801378250122
2.61907958984375
3.5
2.0
3.0
2.3978497982025146
-2.0439536571502686
2.9666666984558105
1.0
3.0
2.395681858062744
-0.550734281539917
2.433333396911621
2.0
3.0
2.4023094177246094
-0.6026884913444519
2.9666666984558105
4.0
3.0
2.403262138366699
1.654739260673523
7.366666793823242
1.0
3.0
2.3968372344970703
3.1003599166870117
4.699999809265137
2.0
3.0
2.403815984725952
-2.181032419204712
4.699999809265137
2.0
3.0
2.394955635070801
-2.1057941913604736
4.699999809265137
1.0
3.0
2.583211660385132
1.3830422163009644
-2.9666666984558105
1.0
4.0
2.584516763687134
2.799226760864258
-2.433333396911621
2.0
4.0
2.5777862071990967
2.915606737136841
-2.433333396911621
1.0
4.0
2.583307981491089
-0.7108510136604309
-1.899999976158142
2.0
4.0
2.5767974853515625
-0.7626935839653015
-0.8333333134651184
1.0
4.0
2.5808522701263428
-2.940275192260742
2.433333396911621
4.0
4.0
2.5773138999938965
-2.910061836242676
2.433333396911621
2.0
4.0
2.576857805252075
-2.9035065174102783
2.433333396911621
1.0
4.0
2.5761451721191406
-2.876765489578247
2.433333396911621
4.0
4.0
2.576582431793213
1.8139264583587646
6.0333333015441895
1.0
4.0
2.583211660385132
-1.9066410064697266
4.699999809265137
1.0
4.0
2.579092025756836
-0.7374947667121887
7.366666793823242
3.0
4.0
3.227731704711914
2.7863590717315674
-2.433333396911621
1.0
5.0
3.227185010910034
-1.5381615161895752
-3.5
1.0
5.0
3.2334797382354736
-1.500380516052246
-0.30000001192092896
1.0
5.0
3.235210418701172
-0.7077673077583313
-1.899999976158142
1.0
5.0
3.227060079574585
-0.8168251514434814
-0.30000001192092896
2.0
5.0
3.22863507270813
-0.7410925030708313
-0.30000001192092896
2.0
5.0
3.236564874649048
2.0463321208953857
-6.699999809265137
2.0
5.0
3.237330436706543
-2.049133539199829
4.0333333015441895
3.0
5.0
3.2408993244171143
2.6512656211853027
5.366666793823242
1.0
5.0
3.2340378761291504
-2.0363171100616455
4.699999809265137
1.0
5.0
3.2285776138305664
-1.919592022895813
6.699999809265137
1.0
5.0
3.4194676876068115
1.3752071857452393
-2.9666666984558105
2.0
6.0
3.4317333698272705
1.6825687885284424
-0.30000001192092896
1.0
6.0
3.4205758571624756
2.9197769165039062
-2.433333396911621
1.0
6.0
3.4265172481536865
-1.0459092855453491
-4.0333333015441895
1.0
6.0
3.422036647796631
-2.906484603881836
4.0333333015441895
2.0
6.0
3.4207475185394287
-0.616414487361908
2.9666666984558105
2.0
6.0
