1070
0.8530835509300232
0.2347409427165985
-2.929229259490967
4.0
0.0
0.8729757070541382
0.16470588743686676
-2.7284481525421143
4.0
0.0
0.8222367763519287
0.43151500821113586
-2.2076947689056396
3.0
0.0
0.8587824702262878
0.2127360701560974
2.8090829849243164
13.0
0.0
0.8387056589126587
0.3014327883720398
3.0757668018341064
13.0
0.0
0.8199527859687805
1.0841199159622192
-4.2037248611450195
6.0
0.0
0.8929794430732727
0.6317804455757141
-2.1844654083251953
4.0
0.0
0.82016921043396
0.9924188852310181
1.749861478805542
10.0
0.0
0.8319224715232849
1.389603853225708
-3.489954948425293
5.0
0.0
0.8225390315055847
1.4745522737503052
-3.2313759326934814
4.0
0.0
0.8663614392280579
1.2332559823989868
-2.3087353706359863
2.0
0.0
0.8640551567077637
1.2411001920700073
-1.4952573776245117
4.0
0.0
0.8613167405128479
1.2507164478302002
-0.9696683287620544
4.0
0.0
0.8193188905715942
2.0710067749023438
-3.768373489379883
3.0
0.0
0.8207687139511108
2.0264227390289307
-0.7101632952690125
6.0
0.0
0.8291255831718445
1.9334224462509155
-0.17709693312644958
5.0
0.0
0.9078789353370667
2.1662633419036865
-3.9052817821502686
5.0
0.0
0.8270430564880371
2.997675895690918
-2.4185478687286377
3.0
0.0
0.8973132967948914
2.7151830196380615
-1.6513227224349976
4.0
0.0
0.8208094239234924
-2.561330556869507
-4.187934875488281
5.0
0.0
0.8198950290679932
-2.6653501987457275
-3.703915596008301
5.0
0.0
0.8408328294754028
-2.851395606994629
-2.573638439178467
3.0
0.0
0.8334313035011292
-2.8091375827789307
-2.2156546115875244
2.0
0.0
0.824329674243927
-2.7357096672058105
-2.113152265548706
3.0
0.0
0.8785173892974854
-2.993636131286621
-1.9176503419876099
4.0
0.0
0.8234170079231262
-2.725346326828003
-0.9901363253593445
4.0
0.0
0.880407989025116
-2.999140501022339
-0.06169640272855759
5.0
0.0
0.8191969990730286
-2.625797986984253
3.5320169925689697
12.0
0.0
0.819657027721405
-2.1339964866638184
-1.6981066465377808
4.0
0.0
0.8397029638290405
-1.7983070611953735
-3.5695414543151855
3.0
0.0
0.8351267576217651
-1.7724858522415161
-3.314222574234009
2.0
0.0
0.8193489909172058
-1.5961891412734985
-2.270236015319824
4.0
0.0
0.8301020264625549
-1.7391276359558105
-2.0718913078308105
2.0
0.0
0.8199527859687805
-1.5338740348815918
-1.5226666927337646
4.0
0.0
0.8351485133171082
-1.7726174592971802
-0.918863832950592
8.0
0.0
0.8332123160362244
-1.2369319200515747
-2.9280922412872314
3.0
0.0
0.8668974041938782
-1.386529564857483
-2.424395799636841
3.0
0.0
0.8962196707725525
-1.4708690643310547
-2.0601954460144043
2.0
0.0
0.8681753873825073
-0.867156982421875
-3.1405694484710693
3.0
0.0
0.8907946348190308
-0.9333256483078003
-2.412374973297119
3.0
0.0
0.8338465094566345
-0.7173829674720764
-1.836509346961975
4.0
0.0
0.8496685028076172
-0.7982792258262634
-1.2437933683395386
4.0
0.0
0.8192534446716309
-0.5415194630622864
-1.162733554840088
3.0
0.0
0.8816900849342346
-0.9084212779998779
-0.6383426189422607
16.0
0.0
0.8648658990859985
-0.3324790298938751
-2.7237372398376465
3.0
0.0
0.8342674374580383
-0.19642196595668793
-1.8179906606674194
4.0
0.0
1.09929621219635
0.24273906648159027
-3.0947601795196533
3.0
1.0
1.1267552375793457
0.1608826071023941
-2.836148738861084
2.0
1.0
1.1640191078186035
0.07823605835437775
-2.2312493324279785
2.0
1.0
1.1083478927612305
0.2127215415239334
4.308013916015625
9.0
1.0
1.1032267808914185
0.6219347715377808
-2.142554759979248
4.0
1.0
1.182059407234192
0.43765032291412354
-2.1418237686157227
4.0
1.0
1.1073296070098877
1.0013151168823242
3.186812162399292
9.0
1.0
1.1093074083328247
1.3878445625305176
-3.8669774532318115
4.0
1.0
1.084206461906433
1.482371211051941
-3.50818133354187
4.0
1.0
1.1751422882080078
1.235410213470459
-2.2916786670684814
2.0
1.0
1.168222427368164
1.2482657432556152
-1.1960346698760986
4.0
1.0
1.1671797037124634
1.2502480745315552
-0.47872376441955566
3.0
1.0
1.0729645490646362
1.9407780170440674
0.4612261652946472
7.0
1.0
1.1532772779464722
2.063335657119751
-4.347780227661133
5.0
1.0
1.1105737686157227
2.1693711280822754
-4.25148344039917
6.0
1.0
1.1689611673355103
2.032266855239868
-0.014132671989500523
6.0
1.0
1.0963826179504395
3.0021860599517822
-2.4378786087036133
2.0
1.0
1.0877046585083008
-2.853362798690796
-2.637641668319702
3.0
1.0
1.0778917074203491
-2.803981304168701
-2.1911256313323975
3.0
1.0
1.0704070329666138
-2.750765562057495
-2.0374531745910645
3.0
1.0
1.1338225603103638
-2.998258590698242
-1.7897253036499023
2.0
1.0
1.067598819732666
-2.721266031265259
-0.5883299708366394
3.0
1.0
1.1330848932266235
-2.996476411819458
0.594957709312439
5.0
1.0
1.157329797744751
-2.6573798656463623
-4.259280681610107
4.0
1.0
1.1038947105407715
-2.129178285598755
-1.470078468322754
3.0
1.0
1.1241124868392944
-1.7957590818405151
-3.9816956520080566
5.0
1.0
1.1176977157592773
-1.7783710956573486
-3.6389052867889404
4.0
1.0
1.0741215944290161
-1.601850152015686
-2.2434327602386475
2.0
1.0
1.1050868034362793
-1.740389108657837
-1.9776735305786133
3.0
1.0
1.1202062368392944
-1.7853045463562012
-0.4295355975627899
5.0
1.0
1.0772467851638794
-1.2293510437011719
-3.096872091293335
2.0
1.0
1.1187937259674072
-1.3887234926223755
-2.444214105606079
2.0
1.0
1.1554936170578003
-1.4755375385284424
-1.9739373922348022
2.0
1.0
1.1894878149032593
-1.5386230945587158
-1.1586724519729614
6.0
1.0
1.0825221538543701
-0.8655599355697632
-3.3345282077789307
3.0
1.0
1.09933340549469
-0.9354897141456604
-2.4247207641601562
2.0
1.0
1.070992350578308
-0.7924014925956726
-0.9533426761627197
4.0
1.0
1.1771498918533325
-1.124420404434204
0.3211526572704315
11.0
1.0
1.17312753200531
-0.724394679069519
-1.6241945028305054
3.0
1.0
1.0981709957122803
-0.5386422276496887
-0.7569473385810852
4.0
1.0
1.170445442199707
-0.3267165720462799
-2.8536927700042725
2.0
1.0
1.0679864883422852
0.0228864923119545
-2.1193251609802246
3.0
1.0
1.1415576934814453
-0.26742300391197205
2.9862473011016846
10.0
1.0
1.3534184694290161
0.2503352165222168
-3.2633776664733887
3.0
2.0
1.3876043558120728
0.15658053755760193
-2.9469358921051025
3.0
2.0
1.3820395469665527
0.16956013441085815
-2.4708549976348877
3.0
2.0
1.4014365673065186
0.440971314907074
-2.101618766784668
4.0
2.0
1.3411426544189453
0.6120721101760864
-2.0947959423065186
4.0
2.0
1.3419628143310547
1.2367684841156006
-2.2829067707061768
2.0
2.0
1.3385133743286133
1.2526057958602905
-1.0274173021316528
2.0
2.0
1.3390997648239136
1.2497954368591309
-0.2032179981470108
4.0
2.0
1.3999637365341187
1.3864697217941284
-4.262691974639893
4.0
2.0
1.359045147895813
1.4886060953140259
-3.795501708984375
6.0
2.0
1.3900834321975708
2.035954475402832
0.429340660572052
4.0
2.0
1.4342092275619507
1.9515820741653442
1.3968160152435303
8.0
2.0
1.3635908365249634
2.7314915657043457
-1.2839170694351196
3.0
2.0
1.3779151439666748
3.0070559978485107
-2.457371950149536
4.0
2.0
1.3438133001327515
-2.855189085006714
-2.7035939693450928
1.0
2.0
1.333253026008606
-2.803344249725342
-2.1651344299316406
3.0
2.0
1.3953368663787842
-3.002051591873169
-1.6586326360702515
2.0
2.0
1.3916749954223633
-2.9941165447235107
1.2666980028152466
6.0
2.0
1.4412868022918701
-2.7723705768585205
-1.9195184707641602
3.0
2.0
1.4095577001571655
-2.716722249984741
-0.029077569022774696
3.0
2.0
1.4290703535079956
-2.1238138675689697
-1.210654616355896
4.0
2.0
1.4194107055664062
-1.7926498651504517
-4.409574031829834
5.0
2.0
1.4149430990219116
-1.7844465970993042
-3.980038642883301
4.0
2.0
1.3459945917129517
-1.6073986291885376
-2.216141939163208
2.0
2.0
1.3934011459350586
-1.7412488460540771
-1.8782575130462646
3.0
2.0
1.3324780464172363
-1.5419925451278687
-1.0193276405334473
5.0
2.0
1.425037145614624
-1.8026702404022217
0.08333399891853333
6.0
2.0
1.3779151439666748
-1.3911738395690918
-2.4641947746276855
4.0
2.0
1.4206923246383667
-1.4808025360107422
-1.8860548734664917
3.0
2.0
1.347336769104004
-1.298467993736267
1.2818052768707275
4.0
2.0
1.3330072164535522
-1.2310726642608643
2.3333678245544434
11.0
2.0
1.4515522718429565
-1.217626929283142
-3.3571081161499023
2.0
2.0
1.3369799852371216
-0.9388923048973083
-2.438365936279297
2.0
2.0
1.4523649215698242
-1.218863844871521
2.97279691696167
15.0
2.0
1.4267091751098633
-0.8631073832511902
-3.6462154388427734
6.0
2.0
1.365052580833435
-0.7285053730010986
-1.5035419464111328
1.0
2.0
1.3875592947006226
-0.7857946753501892
-0.5332613587379456
4.0
2.0
1.3395787477493286
-0.3232584595680237
-2.9254932403564453
3.0
2.0
1.4188483953475952
-0.5349926948547363
-0.2896384298801422
3.0
2.0
1.4540060758590698
-0.2788696885108948
4.241371154785156
8.0
2.0
1.3886680603027344
-0.1599878966808319
4.3508992195129395
12.0
2.0
2.4003069400787354
0.45584729313850403
-1.899999976158142
1.0
3.0
2.397113800048828
0.5675407648086548
-1.899999976158142
1.0
3.0
2.4119718074798584
3.0221951007843018
-2.433333396911621
1.0
3.0
2.4132328033447266
-3.017916202545166
-1.3666666746139526
1.0
3.0
2.395057201385498
-2.109050750732422
-0.30000001192092896
1.0
3.0
2.399381160736084
-1.6326016187667847
-1.899999976158142
2.0
3.0
2.400484323501587
-1.5019642114639282
-1.3666666746139526
1.0
3.0
2.40545916557312
-0.953022301197052
-2.433333396911621
2.0
3.0
2.396731376647949
0.4834499955177307
-6.0333333015441895
2.0
3.0
2.3997914791107178
1.506287693977356
-4.699999809265137
1.0
3.0
2.3986868858337402
2.0374581813812256
-6.699999809265137
1.0
3.0
2.4067163467407227
2.1939480304718018
-6.699999809265137
2.0
3.0
2.3969457149505615
-2.5756773948669434
-6.699999809265137
2.0
3.0
2.394955635070801
-2.6293931007385254
-6.0333333015441895
1.0
3.0
2.3967838287353516
2.053704261779785
2.433333396911621
1.0
3.0
2.410163402557373
1.9814239740371704
4.0333333015441895
1.0
3.0
2.4034817218780518
-2.703014850616455
1.3666666746139526
1.0
3.0
2.415886878967285
-1.4385757446289062
4.0333333015441895
1.0
3.0
2.4104578495025635
-0.40955594182014465
0.8333333134651184
5.0
3.0
2.394803285598755
-0.5252273082733154
1.3666666746139526
1.0
3.0
2.402620792388916
0.6043066382408142
7.366666793823242
1.0
3.0
2.5773534774780273
0.2925722301006317
-4.0333333015441895
1.0
4.0
2.596879720687866
0.13531097769737244
-3.5
2.0
4.0
2.587947368621826
0.35738733410835266
-3.5
2.0
4.0
2.581418514251709
1.244996190071106
-2.433333396911621
1.0
4.0
2.59069561958313
2.7737154960632324
-0.30000001192092896
1.0
4.0
2.5764904022216797
-2.8631420135498047
-2.9666666984558105
1.0
4.0
2.579885959625244
-2.825850009918213
-1.899999976158142
1.0
4.0
2.578284502029419
-2.8389408588409424
-1.3666666746139526
1.0
4.0
2.5859317779541016
-1.7455151081085205
-1.3666666746139526
1.0
4.0
2.5970442295074463
-1.1820119619369507
-4.0333333015441895
1.0
4.0
2.5878236293792725
-1.4040848016738892
-2.433333396911621
1.0
4.0
2.577274799346924
-0.7556336522102356
-0.8333333134651184
1.0
4.0
2.5779776573181152
-0.29962876439094543
-3.5
1.0
4.0
2.582646369934082
1.3800303936004639
-6.0333333015441895
1.0
4.0
2.5795435905456543
-1.7811685800552368
-6.0333333015441895
2.0
4.0
2.576920747756958
-1.8078737258911133
-5.366666793823242
1.0
4.0
2.582282543182373
-0.854422926902771
-4.699999809265137
1.0
4.0
2.576632261276245
1.2893187999725342
0.30000001192092896
1.0
4.0
2.5810108184814453
1.2475093603134155
1.899999976158142
2.0
4.0
2.5972089767456055
2.483675956726074
4.0333333015441895
2.0
4.0
2.5810108184814453
-1.8940832614898682
1.899999976158142
2.0
4.0
2.5761332511901855
-1.832595705986023
2.433333396911621
4.0
4.0
2.577880620956421
-1.3458184003829956
1.899999976158142
1.0
4.0
2.577054500579834
-0.7586590051651001
0.8333333134651184
1.0
4.0
2.5858190059661865
-0.3483791649341583
0.8333333134651184
4.0
4.0
3.2344205379486084
0.46712422370910645
-1.899999976158142
1.0
5.0
3.23366379737854
1.2493151426315308
-2.433333396911621
1.0
5.0
3.2390565872192383
-2.8405299186706543
-1.899999976158142
2.0
5.0
3.236781120300293
-1.6544336080551147
-1.899999976158142
2.0
5.0
3.229689359664917
-1.5196545124053955
-1.3666666746139526
1.0
5.0
3.2259509563446045
-0.7680690884590149
-0.30000001192092896
1.0
5.0
3.2360334396362305
0.31186407804489136
-4.699999809265137
1.0
5.0
3.225825309753418
-1.1631858348846436
-4.699999809265137
1.0
5.0
3.232250213623047
-0.8501971364021301
-5.366666793823242
1.0
5.0
3.232940435409546
1.2461063861846924
2.9666666984558105
1.0
5.0
3.229492425918579
2.7988293170928955
0.30000001192092896
2.0
5.0
3.2308194637298584
-2.691322088241577
2.9666666984558105
1.0
5.0
3.22617506980896
-1.5917514562606812
0.8333333134651184
2.0
5.0
3.228137969970703
-0.7447133660316467
1.899999976158142
1.0
5.0
3.229689359664917
2.0146372318267822
6.0333333015441895
1.0
5.0
3.228989839553833
-1.5240774154663086
6.0333333015441895
2.0
5.0
3.4294357299804688
0.12008233368396759
-4.0333333015441895
1.0
6.0
3.4271128177642822
0.5222371816635132
-1.899999976158142
2.0
6.0
3.4340274333953857
3.0373644828796387
-2.433333396911621
1.0
6.0
3.4298360347747803
-2.867464303970337
-3.5
1.0
6.0
3.4328560829162598
-2.8568925857543945
-2.9666666984558105
1.0
6.0
3.4269402027130127
-2.8791887760162354
-1.3666666746139526
2.0
6.0
3.433318853378296
-3.035102128982544
-0.8333333134651184
1.0
6.0
3.4200844764709473
-1.7481393814086914
-1.3666666746139526
2.0
6.0
3.422036647796631
-1.4132053852081299
-2.433333396911621
2.0
6.0
3.4198050498962402
-0.9676821231842041
-2.433333396911621
1.0
6.0
3.432401180267334
-0.28319093585014343
-4.0333333015441895
1.0
6.0
3.419529914855957
-1.773228645324707
-7.366666793823242
2.0
6.0
3.424875259399414
-1.8233526945114136
-6.0333333015441895
2.0
6.0
3.4255523681640625
1.3148298263549805
0.8333333134651184
1.0
6.0
3.4272873401641846
-2.0922765731811523
0.30000001192092896
2.0
6.0
3.422790288925171
-1.3303749561309814
1.899999976158142
2.0
6.0
3.4228477478027344
-1.3299955129623413
2.433333396911621
1.0
6.0
3.429535150527954
-0.5124034285545349
2.433333396911621
2.0
6.0
3.419945001602173
-0.17962335050106049
0.30000001192092896
2.0
6.0
3.419620990753174
0.5985527634620667
7.366666793823242
1.0
6.0
3.419633626937866
1.3645625114440918
4.699999809265137
2.0
6.0
3.421008586883545
-2.9752681255340576
6.699999809265137
3.0
6.0
