280
0.820386528968811
2.1422293186187744
-2.239046573638916
4.0
0.0
0.8207427263259888
2.1497511863708496
-2.236804962158203
5.0
0.0
0.8654903769493103
2.8069889545440674
0.9479820132255554
6.0
0.0
0.8406648635864258
-2.3269314765930176
-1.5879693031311035
4.0
0.0
0.9036993384361267
-2.536344051361084
-1.0477229356765747
3.0
0.0
0.820338785648346
-1.5240528583526611
-2.0129239559173584
4.0
0.0
0.8727179765701294
-1.9288864135742188
-0.6344642043113708
3.0
0.0
0.8223090767860413
-1.1402945518493652
-2.627764940261841
5.0
0.0
0.8252310156822205
-1.1742647886276245
-2.5968680381774902
6.0
0.0
0.8499783873558044
-1.3231991529464722
-2.587218761444092
5.0
0.0
0.8324189186096191
-1.2317286729812622
-2.3564939498901367
4.0
0.0
0.8193087577819824
-1.069856882095337
-0.9660133123397827
2.0
0.0
0.8604673743247986
-1.364223837852478
0.5311495661735535
3.0
0.0
1.1179707050323486
2.1478562355041504
-2.7869279384613037
4.0
1.0
1.171751618385315
2.81244158744812
1.5406980514526367
3.0
1.0
1.0674033164978027
-2.3260555267333984
-1.8189653158187866
2.0
1.0
1.1090143918991089
-2.5382416248321533
-1.1198482513427734
3.0
1.0
1.190555214881897
-2.325817584991455
-1.944697380065918
4.0
1.0
1.190622091293335
-1.9332306385040283
-0.6003509163856506
3.0
1.0
1.078255534172058
-1.2353053092956543
-2.837123394012451
4.0
1.0
1.176092267036438
-1.5152089595794678
-2.5686028003692627
4.0
1.0
1.1098120212554932
-1.3625987768173218
0.893887996673584
4.0
1.0
1.1505637168884277
-1.0725535154342651
-1.062342882156372
3.0
1.0
1.3487157821655273
2.1520657539367676
-3.211395263671875
6.0
2.0
1.3402680158615112
2.815143346786499
1.866236686706543
6.0
2.0
1.3435773849487305
-2.5400452613830566
-1.202370047569275
2.0
2.0
1.3744568824768066
-2.324889898300171
-2.13183331489563
4.0
2.0
1.3496851921081543
-1.9355857372283936
-0.5829693675041199
2.0
2.0
1.3343924283981323
-1.2391659021377563
-3.338881731033325
5.0
2.0
1.437694787979126
-1.5099180936813354
-2.980886697769165
4.0
2.0
1.3662545680999756
-1.3602557182312012
1.2678675651550293
5.0
2.0
1.3768749237060547
-1.0744115114212036
-1.127645492553711
3.0
2.0
2.4006645679473877
-2.548081398010254
-1.3666666746139526
1.0
3.0
2.396199941635132
-1.0813833475112915
-1.3666666746139526
1.0
3.0
2.402620792388916
2.175102949142456
-5.366666793823242
1.0
3.0
2.403153657913208
-1.4873924255371094
-4.699999809265137
2.0
3.0
2.5777862071990967
-2.320380926132202
-3.5
1.0
4.0
2.5949580669403076
-1.953120470046997
-0.30000001192092896
2.0
4.0
2.5938796997070312
-1.9496376514434814
-0.30000001192092896
1.0
4.0
2.579678773880005
-1.2565633058547974
-6.0333333015441895
2.0
4.0
2.579092025756836
2.8318898677825928
4.0333333015441895
1.0
4.0
2.5808522701263428
-1.8930777311325073
0.30000001192092896
6.0
4.0
2.5861592292785645
-1.7445136308670044
0.30000001192092896
1.0
4.0
2.5780773162841797
-1.3478341102600098
2.9666666984558105
1.0
4.0
2.576711893081665
-0.7642067670822144
6.0333333015441895
2.0
4.0
3.227830171585083
-2.3179242610931396
-4.0333333015441895
1.0
5.0
3.225473165512085
-1.9614801406860352
-0.30000001192092896
1.0
5.0
3.2384684085845947
-1.0884596109390259
-1.899999976158142
5.0
5.0
3.2397797107696533
2.8429274559020996
5.366666793823242
2.0
5.0
3.225510835647583
-0.7906376719474792
6.0333333015441895
1.0
5.0
3.4194867610931396
-2.5559656620025635
-1.899999976158142
1.0
6.0
3.4246582984924316
-0.9266778826713562
-0.30000001192092896
1.0
6.0
3.425171136856079
-0.9240251183509827
-0.30000001192092896
2.0
6.0
3.431298017501831
-1.4575138092041016
-6.0333333015441895
1.0
6.0
3.4217910766601562
-1.3375864028930664
4.0333333015441895
1.0
6.0
3.4202141761779785
0.9608410596847534
4.699999809265137
1.0
6.0
