520
0.8282998204231262
0.3691456913948059
2.976013422012329
4.0
0.0
0.8239539861679077
0.41002556681632996
3.4945359230041504
4.0
0.0
0.8237793445587158
0.412008136510849
3.5890347957611084
3.0
0.0
0.8297905921936035
0.35757628083229065
3.9126241207122803
3.0
0.0
0.8807201981544495
0.14155295491218567
4.307770252227783
4.0
0.0
0.8191971182823181
1.0393023490905762
1.7161380052566528
6.0
0.0
0.837843120098114
1.3533709049224854
2.435929298400879
2.0
0.0
0.8763508200645447
2.2487869262695312
1.7833900451660156
4.0
0.0
0.819703221321106
3.1003525257110596
1.4684540033340454
3.0
0.0
0.8542174100875854
2.8482022285461426
1.735144019126892
4.0
0.0
0.8242964148521423
3.0242369174957275
2.6499874591827393
1.0
0.0
0.9069412350654602
-3.0675551891326904
3.1326098442077637
6.0
0.0
0.845321774482727
-2.3497142791748047
-0.8795387744903564
9.0
0.0
0.8256340622901917
-2.225412368774414
1.8668864965438843
3.0
0.0
0.8339607119560242
-2.2888989448547363
2.7650866508483887
11.0
0.0
0.8640908002853394
-1.9006153345108032
-0.3500271737575531
8.0
0.0
0.8637706637382507
-1.8995089530944824
1.7780293226242065
4.0
0.0
0.8590891361236572
-1.359192967414856
-1.4558807611465454
10.0
0.0
0.8618178367614746
-1.3690627813339233
0.4178612530231476
9.0
0.0
0.8390843272209167
-1.2714093923568726
2.032904624938965
2.0
0.0
0.8702219724655151
-1.3973945379257202
2.17276930809021
4.0
0.0
0.8599207401275635
-1.3622398376464844
2.3308277130126953
3.0
0.0
0.8272703886032104
-0.6694823503494263
2.897552728652954
2.0
0.0
0.8357419967651367
-0.20537030696868896
2.832249879837036
2.0
0.0
1.0728431940078735
0.3708893060684204
3.0434277057647705
3.0
1.0
1.068993330001831
0.4044443964958191
3.7173659801483154
1.0
1.0
1.0679631233215332
0.41586437821388245
3.837899684906006
3.0
1.0
1.0748341083526611
0.3567701280117035
4.255577087402344
5.0
1.0
1.0943607091903687
1.046323299407959
1.3707923889160156
5.0
1.0
1.1215791702270508
1.3525676727294922
2.3311526775360107
2.0
1.0
1.090084433555603
2.2415339946746826
1.5480079650878906
2.0
1.0
1.085935354232788
2.6523659229278564
1.5562926530838013
4.0
1.0
1.0741809606552124
3.1101253032684326
1.078587293624878
3.0
1.0
1.0925098657608032
3.0170528888702393
2.6200976371765137
3.0
1.0
1.1885570287704468
-3.1078450679779053
3.2591540813446045
6.0
1.0
1.0693397521972656
-2.3479726314544678
-1.844252586364746
9.0
1.0
1.1425844430923462
-2.233234405517578
1.5296517610549927
3.0
1.0
1.174120306968689
-1.904315710067749
-1.4597795009613037
10.0
1.0
1.1693931818008423
-1.8955382108688354
1.4340157508850098
3.0
1.0
1.1124005317687988
-1.3704031705856323
-2.677375555038452
10.0
1.0
1.113352656364441
-1.3732144832611084
-0.5221745371818542
8.0
1.0
1.0845465660095215
-1.268144965171814
1.9768613576889038
4.0
1.0
1.0962756872177124
-1.3171069622039795
2.0879733562469482
4.0
1.0
1.1085556745529175
-1.3587218523025513
2.210294008255005
2.0
1.0
1.1446561813354492
-0.6670575737953186
2.9560327529907227
1.0
1.0
1.119576334953308
-0.21278411149978638
2.8618149757385254
3.0
1.0
1.4387496709823608
0.3733184337615967
3.1441433429718018
2.0
2.0
1.4246487617492676
0.3971256911754608
4.041604995727539
3.0
2.0
1.4117097854614258
0.4207504093647003
4.188129901885986
4.0
2.0
1.4092484712600708
1.0537855625152588
0.974622905254364
3.0
2.0
1.4179861545562744
1.3515338897705078
2.2215025424957275
2.0
2.0
1.4575127363204956
2.229161024093628
1.1424280405044556
2.0
2.0
1.3334589004516602
2.5361409187316895
1.385119915008545
4.0
2.0
1.3423033952713013
3.120243549346924
0.6653286814689636
4.0
2.0
1.376792073249817
3.0098674297332764
2.5890705585479736
2.0
2.0
1.3823115825653076
-2.3443639278411865
-3.1963577270507812
7.0
2.0
1.3463544845581055
-2.2371342182159424
1.313157081604004
3.0
2.0
1.3422003984451294
-1.9058582782745361
-2.061448574066162
7.0
2.0
1.3394144773483276
-1.8932840824127197
1.2428185939788818
4.0
2.0
1.3747004270553589
-1.3830392360687256
-3.935204029083252
12.0
2.0
1.3708562850952148
-1.372941017150879
-1.486214518547058
9.0
2.0
1.3401243686676025
-1.2682671546936035
1.9183813333511353
4.0
2.0
1.337637186050415
-1.2563652992248535
2.0129239559173584
4.0
2.0
1.364318609237671
-1.3547024726867676
2.086186408996582
3.0
2.0
1.4554506540298462
-1.2235177755355835
1.977836012840271
4.0
2.0
1.3461326360702515
-0.6654659509658813
2.9933948516845703
3.0
2.0
1.3733196258544922
-0.751142144203186
3.5987491607666016
10.0
2.0
1.4188483953475952
-0.2208334356546402
2.89105486869812
3.0
2.0
2.3956470489501953
1.0737905502319336
-0.30000001192092896
1.0
3.0
2.3955793380737305
-3.116084575653076
-0.8333333134651184
1.0
3.0
2.407504081726074
2.197171926498413
0.30000001192092896
2.0
3.0
2.4145376682281494
-0.9192466735839844
1.899999976158142
5.0
3.0
2.4162309169769287
-0.6568859815597534
2.9666666984558105
1.0
3.0
2.401904344558716
0.07693155109882355
6.699999809265137
2.0
3.0
2.404738187789917
0.4326527714729309
5.366666793823242
2.0
3.0
2.578848123550415
-1.8784849643707275
-0.30000001192092896
1.0
4.0
2.5894830226898193
-1.934180498123169
-7.366666793823242
2.0
4.0
2.586045026779175
-1.9201771020889282
-6.699999809265137
6.0
4.0
2.5779776573181152
-1.3468263149261475
-6.0333333015441895
1.0
4.0
2.57635498046875
0.2749190628528595
3.5
4.0
4.0
2.581418514251709
0.3258001506328583
3.5
1.0
4.0
2.594031810760498
0.3793390393257141
3.5
2.0
4.0
2.5779776573181152
1.3468263149261475
1.899999976158142
1.0
4.0
2.5771987438201904
2.3274383544921875
0.8333333134651184
1.0
4.0
2.5893514156341553
2.9808785915374756
2.433333396911621
1.0
4.0
2.577274799346924
-1.3387614488601685
1.3666666746139526
1.0
4.0
2.5766847133636475
-1.288309931755066
1.899999976158142
1.0
4.0
2.5762779712677
-0.2512024939060211
2.9666666984558105
1.0
4.0
2.59298038482666
0.3758537769317627
5.366666793823242
1.0
4.0
3.237779378890991
1.090859055519104
-1.3666666746139526
1.0
5.0
3.2318358421325684
-3.078800678253174
-2.433333396911621
2.0
5.0
3.231593370437622
-2.294606924057007
-0.8333333134651184
1.0
5.0
3.2397797107696533
-1.8694616556167603
-0.8333333134651184
2.0
5.0
3.225630283355713
0.3826233744621277
3.5
1.0
5.0
3.232334613800049
2.290994167327881
0.30000001192092896
2.0
5.0
3.2294275760650635
0.44223275780677795
6.0333333015441895
1.0
5.0
3.22863507270813
0.34839341044425964
7.366666793823242
2.0
5.0
3.4195973873138428
2.168588876724243
-0.8333333134651184
1.0
6.0
3.421168565750122
1.342902660369873
1.3666666746139526
1.0
6.0
3.41988205909729
2.960829019546509
2.433333396911621
1.0
6.0
3.4230828285217285
-1.3284778594970703
0.8333333134651184
1.0
6.0
3.4271998405456543
-1.3072569370269775
1.3666666746139526
1.0
6.0
3.4254751205444336
-0.6482867002487183
3.5
2.0
6.0
3.4293370246887207
-0.27223876118659973
2.9666666984558105
2.0
6.0
