970
0.8240506052970886
0.4089445471763611
-3.7787699699401855
10.0
0.0
0.8311384320259094
0.3478202521800995
-3.4487266540527344
4.0
0.0
0.8405643701553345
0.2915817201137543
-3.408277988433838
1.0
0.0
0.8192517161369324
0.5058603286743164
-3.388784646987915
2.0
0.0
0.8425471782684326
0.2815629541873932
-3.3075623512268066
3.0
0.0
0.8192152976989746
0.5244535207748413
-3.279134750366211
4.0
0.0
0.8604217171669006
0.20673774182796478
-2.878546714782715
8.0
0.0
0.8193705081939697
0.4968939423561096
-2.7149975299835205
10.0
0.0
0.8421161770820618
0.2837009131908417
-1.63309645652771
5.0
0.0
0.8556270599365234
0.22468489408493042
-1.0001267194747925
4.0
0.0
0.8195884823799133
0.5485063791275024
0.5693240165710449
4.0
0.0
0.8628751635551453
0.19800467789173126
0.7260829210281372
3.0
0.0
0.8263135552406311
0.38619792461395264
1.436095118522644
5.0
0.0
0.8637232780456543
0.7186489105224609
-3.1366708278656006
9.0
0.0
0.8206331729888916
0.9819494485855103
-0.7091886401176453
1.0
0.0
0.9032207131385803
0.6063876152038574
1.489116907119751
5.0
0.0
0.8349530100822449
1.370159387588501
-1.010848045349121
2.0
0.0
0.859197199344635
1.2584031820297241
0.2651093006134033
2.0
0.0
0.8894511461257935
1.688219428062439
-0.8115286231040955
2.0
0.0
0.8206598162651062
2.028602123260498
1.7716939449310303
6.0
0.0
0.8238266110420227
1.9822636842727661
3.16249942779541
6.0
0.0
0.8200726509094238
2.134592056274414
4.124289512634277
12.0
0.0
0.8201792240142822
2.660919189453125
-4.51181697845459
10.0
0.0
0.8786793351173401
2.2418761253356934
-0.023392001166939735
4.0
0.0
0.8192116022109985
2.6057238578796387
4.066296577453613
4.0
0.0
0.819301426410675
2.595881223678589
4.090176105499268
12.0
0.0
0.8192700743675232
2.625410556793213
4.383063316345215
2.0
0.0
0.8795809149742126
2.7628414630889893
-4.099789619445801
11.0
0.0
0.8377180099487305
2.9248645305633545
-0.9028224349021912
3.0
0.0
0.8198416829109192
-3.1079459190368652
-0.7233213186264038
4.0
0.0
0.8901256322860718
2.733628988265991
2.2811660766601562
7.0
0.0
0.9091963171958923
2.6868388652801514
4.360645771026611
5.0
0.0
0.8974961638450623
2.7147271633148193
4.364544868469238
7.0
0.0
0.8682743310928345
-2.961876630783081
-2.448112726211548
3.0
0.0
0.8225390315055847
-2.714237928390503
0.16618065536022186
2.0
0.0
0.819657027721405
-2.1339964866638184
-1.6035640239715576
4.0
0.0
0.8492536544799805
-2.367295503616333
0.7852126359939575
4.0
0.0
0.8195164799690247
-2.1284236907958984
0.8980790376663208
5.0
0.0
0.8898255228996277
-1.9779657125473022
1.9786018133163452
7.0
0.0
0.8196591734886169
-1.0868771076202393
-2.324608564376831
7.0
0.0
0.8326505422592163
-1.2332642078399658
-0.9526603817939758
5.0
0.0
0.831264853477478
-1.2238613367080688
-0.9457077980041504
3.0
0.0
0.8302472829818726
-1.216593861579895
-0.8373573422431946
4.0
0.0
0.8277775049209595
-1.1973685026168823
2.8473572731018066
8.0
0.0
0.8334038853645325
-1.2381651401519775
3.9733784198760986
6.0
0.0
0.8767492771148682
-0.8939998745918274
-1.7049293518066406
4.0
0.0
0.8209178447723389
-0.46486562490463257
-1.1677693128585815
4.0
0.0
0.8192700743675232
-0.5161821842193604
-0.6219559907913208
4.0
0.0
0.8496288657188416
-0.798109769821167
0.6396624445915222
3.0
0.0
0.8226611614227295
-0.09787110239267349
-3.011101245880127
4.0
0.0
0.9002622365951538
-0.4336787164211273
-1.2983746528625488
4.0
0.0
0.9125258922576904
-0.4622737765312195
-1.2652360200881958
4.0
0.0
0.8505061864852905
-0.27823540568351746
-1.2301479578018188
2.0
0.0
0.8410690426826477
-0.23461264371871948
-0.8388193249702454
2.0
0.0
0.8263213634490967
-0.1374725103378296
1.5138946771621704
6.0
0.0
0.8191960453987122
-0.006862190086394548
3.2306721210479736
9.0
0.0
1.1102768182754517
0.20677825808525085
-3.6330573558807373
6.0
1.0
1.0881036520004272
0.28648343682289124
-2.02413272857666
6.0
1.0
1.105608582496643
0.22141465544700623
-1.2087053060531616
4.0
1.0
1.114181399345398
0.1951594054698944
1.0203022956848145
5.0
1.0
1.071523666381836
0.3812425434589386
1.9446277618408203
7.0
1.0
1.0825490951538086
0.7051007151603699
-3.774871349334717
8.0
1.0
1.1546250581741333
0.4897453784942627
-3.708106756210327
8.0
1.0
1.1270488500595093
0.5528305172920227
0.8880400061607361
4.0
1.0
1.1070173978805542
0.6096042394638062
1.8894894123077393
7.0
1.0
1.115849494934082
0.975749135017395
-0.8628610968589783
3.0
1.0
1.1151365041732788
1.3704925775527954
-1.2545146942138672
2.0
1.0
1.1642001867294312
1.2559813261032104
0.46150460839271545
2.0
1.0
1.1505070924758911
1.6764601469039917
-0.9786840081214905
4.0
1.0
1.0679748058319092
1.9865212440490723
4.180332660675049
10.0
1.0
1.0903737545013428
2.240330219268799
0.03996133804321289
4.0
1.0
1.1693577766418457
2.0315191745758057
2.647341728210449
7.0
1.0
1.072329044342041
2.731008768081665
2.8076884746551514
5.0
1.0
1.1212977170944214
2.9241225719451904
-1.1131880283355713
4.0
1.0
1.1174447536468506
-2.955759048461914
-3.0732710361480713
7.0
1.0
1.1880927085876465
-3.1070568561553955
-0.9193918108940125
3.0
1.0
1.1861770153045654
-2.7110860347747803
0.36501264572143555
2.0
1.0
1.071487545967102
-2.367354393005371
1.0644546747207642
4.0
1.0
1.1104464530944824
-2.1499321460723877
-2.063899040222168
5.0
1.0
1.1020612716674805
-2.1230356693267822
1.3032479286193848
4.0
1.0
1.071571946144104
-1.9753475189208984
2.4388532638549805
6.0
1.0
1.0755338668823242
-1.2186473608016968
-1.1385293006896973
2.0
1.0
1.075982928276062
-1.2215324640274048
-1.0011013746261597
4.0
1.0
1.0722194910049438
-1.1951286792755127
3.772225856781006
7.0
1.0
1.0730841159820557
-1.201702356338501
4.018050670623779
4.0
1.0
1.1584745645523071
-1.0888959169387817
-3.163149356842041
8.0
1.0
1.0888960361480713
-0.8950356245040894
-2.0465500354766846
4.0
1.0
1.0719144344329834
-0.8000186681747437
0.8810548782348633
3.0
1.0
1.0797467231750488
-0.45830583572387695
-1.4435999393463135
4.0
1.0
1.0950065851211548
-0.5269407629966736
-0.7345300316810608
2.0
1.0
1.0853967666625977
-0.09404172003269196
-3.879856824874878
7.0
1.0
1.1444917917251587
-0.27399441599845886
-1.5548306703567505
4.0
1.0
1.129122018814087
-0.2378150075674057
-1.02839195728302
4.0
1.0
1.0947825908660889
-0.13338908553123474
2.0998780727386475
7.0
1.0
1.0715888738632202
-0.01199062168598175
4.314836502075195
10.0
1.0
1.3674044609069824
0.2073049247264862
-4.409866809844971
8.0
2.0
1.3426623344421387
0.29126471281051636
-2.423940896987915
5.0
2.0
1.3636634349822998
0.21800509095191956
-1.4249188899993896
3.0
2.0
1.3730071783065796
0.19215279817581177
1.3237159252166748
4.0
2.0
1.3812062740325928
0.48572012782096863
-4.377431869506836
9.0
2.0
1.355568528175354
0.5572802424430847
1.1268333196640015
4.0
2.0
1.34099543094635
0.6127311587333679
2.35015869140625
4.0
2.0
1.437694787979126
0.3750374913215637
2.70456862449646
6.0
2.0
1.3324851989746094
0.9712371230125427
-0.9759224653244019
3.0
2.0
1.3380385637283325
1.2549221515655518
0.5732226967811584
4.0
2.0
1.417502760887146
1.666577696800232
-1.1507126092910767
2.0
2.0
1.3910996913909912
2.0336997509002686
3.204294204711914
7.0
2.0
1.4521061182022095
2.237281560897827
0.14814932644367218
4.0
2.0
1.365229606628418
2.7267377376556396
3.654207706451416
5.0
2.0
1.417502760887146
2.9232146739959717
-1.332487940788269
4.0
2.0
1.3730792999267578
-2.9496283531188965
-3.715806484222412
5.0
2.0
1.4547042846679688
-3.107353687286377
-1.0615307092666626
4.0
2.0
1.4059820175170898
-2.709744691848755
0.4852215349674225
3.0
2.0
1.3925589323043823
-2.367734909057617
1.467804193496704
3.0
2.0
1.4573622941970825
-2.1688454151153564
-2.612755060195923
5.0
2.0
1.4257044792175293
-2.1179962158203125
1.767307996749878
4.0
2.0
1.3602808713912964
-1.9709713459014893
3.170849084854126
5.0
2.0
1.3322712182998657
-1.2265424728393555
-1.1715055704116821
3.0
2.0
1.3832995891571045
-1.0900734663009644
-3.71931529045105
6.0
2.0
1.4480688571929932
-1.2122700214385986
-1.4319039583206177
4.0
2.0
1.4473408460617065
-0.8969796895980835
-2.6241586208343506
4.0
2.0
1.3953368663787842
-0.8029367923736572
1.2320973873138428
4.0
2.0
1.3787120580673218
-0.4506717324256897
-1.7606477737426758
3.0
2.0
1.4197683334350586
-0.5366597771644592
-0.8661100268363953
2.0
2.0
1.448129653930664
-0.26988640427589417
-1.8919029235839844
3.0
2.0
1.4296926259994507
-0.23992177844047546
-1.2260868549346924
3.0
2.0
1.375679850578308
-0.12890920042991638
2.714315414428711
6.0
2.0
2.406459331512451
0.9487197399139404
-1.3666666746139526
2.0
3.0
2.399960517883301
1.6363860368728638
-1.899999976158142
1.0
3.0
2.3959460258483887
-3.1106605529785156
-1.3666666746139526
1.0
3.0
2.4118173122406006
-2.2132575511932373
-4.0333333015441895
2.0
3.0
2.406205177307129
-0.42619627714157104
-2.9666666984558105
2.0
3.0
2.3968911170959473
-0.5653733611106873
-1.3666666746139526
1.0
3.0
2.398613452911377
0.4672029912471771
-7.366666793823242
2.0
3.0
2.3977200984954834
-1.0965560674667358
-6.0333333015441895
1.0
3.0
2.3983967304229736
0.5783710479736328
2.433333396911621
1.0
3.0
2.4165778160095215
2.2287487983703613
0.30000001192092896
1.0
3.0
2.4037036895751953
-2.704092502593994
0.8333333134651184
1.0
3.0
2.3949410915374756
-2.1052515506744385
2.9666666984558105
10.0
3.0
2.4092965126037598
-0.10975425690412521
4.699999809265137
1.0
3.0
2.4083168506622314
0.6295971870422363
4.699999809265137
2.0
3.0
2.4048566818237305
2.7094781398773193
6.699999809265137
1.0
3.0
2.417457103729248
-1.9573769569396973
6.0333333015441895
2.0
3.0
2.580244541168213
0.20534063875675201
-2.433333396911621
2.0
4.0
2.582832098007202
1.38103449344635
-2.433333396911621
1.0
4.0
2.5779776573181152
2.9176225662231445
-2.433333396911621
1.0
4.0
2.5932774543762207
-1.1939464807510376
-2.433333396911621
1.0
4.0
2.580467700958252
-1.2510292530059814
-1.899999976158142
1.0
4.0
2.576207160949707
-0.2542300522327423
-2.9666666984558105
1.0
4.0
2.576448440551758
-0.24615706503391266
-1.899999976158142
1.0
4.0
2.5787301063537598
-2.924675464630127
-6.699999809265137
1.0
4.0
2.5937280654907227
-0.9019423127174377
-4.699999809265137
2.0
4.0
2.5847272872924805
0.18023034930229187
2.9666666984558105
2.0
4.0
2.5809311866760254
1.2480121850967407
1.3666666746139526
1.0
4.0
2.576448440551758
-2.3718369007110596
2.9666666984558105
1.0
4.0
2.5862739086151123
-2.2676117420196533
2.9666666984558105
6.0
4.0
2.577054500579834
-0.8121373057365417
2.433333396911621
1.0
4.0
2.588575839996338
0.35988688468933105
5.366666793823242
1.0
4.0
2.5954298973083496
-1.9546122550964355
6.0333333015441895
1.0
4.0
3.22578763961792
-0.01410555001348257
-2.433333396911621
7.0
5.0
3.229891061782837
0.05234765261411667
-2.433333396911621
10.0
5.0
3.2289295196533203
1.6171131134033203
-2.433333396911621
1.0
5.0
3.2267870903015137
-3.1129844188690186
-1.899999976158142
1.0
5.0
3.225517988204956
-1.1837397813796997
-2.9666666984558105
2.0
5.0
3.2366726398468018
-1.2613343000411987
-2.433333396911621
1.0
5.0
3.2256438732147217
-0.40317779779434204
-3.5
2.0
5.0
3.2331180572509766
0.3238876461982727
-5.366666793823242
1.0
5.0
3.2320001125335693
-2.4197893142700195
-5.366666793823242
6.0
5.0
3.241410255432129
-2.256969928741455
-5.366666793823242
1.0
5.0
3.236999273300171
-1.2625348567962646
-4.699999809265137
4.0
5.0
3.2312777042388916
1.2380784749984741
1.899999976158142
1.0
5.0
3.232764720916748
1.245303988456726
1.899999976158142
1.0
5.0
3.2301673889160156
2.302239179611206
3.5
6.0
5.0
3.229492425918579
-2.698957920074463
1.3666666746139526
2.0
5.0
3.2259738445281982
-2.3739264011383057
4.0333333015441895
2.0
5.0
3.227060079574585
-0.8168251514434814
2.9666666984558105
2.0
5.0
3.2401483058929443
-0.09523212164640427
6.699999809265137
1.0
5.0
3.2282447814941406
0.35120952129364014
6.699999809265137
1.0
5.0
3.2423243522644043
-1.8614779710769653
4.699999809265137
2.0
5.0
3.419466972351074
0.19672971963882446
-2.9666666984558105
1.0
6.0
3.4235129356384277
0.9331235289573669
-1.899999976158142
2.0
6.0
3.419769287109375
1.3877521753311157
-3.5
1.0
6.0
3.421168565750122
2.91369891166687
-2.9666666984558105
1.0
6.0
3.419508457183838
-0.5939908623695374
-1.899999976158142
1.0
6.0
3.423203229904175
-0.24307717382907867
-4.0333333015441895
1.0
6.0
3.424516201019287
-0.25066128373146057
-2.433333396911621
1.0
6.0
3.4297351837158203
-2.4751429557800293
-5.366666793823242
4.0
6.0
3.429535150527954
-0.905102550983429
-6.0333333015441895
2.0
6.0
3.4205105304718018
0.17164310812950134
3.5
1.0
6.0
3.419646739959717
0.5993130207061768
3.5
1.0
6.0
3.425708293914795
2.220219612121582
0.8333333134651184
1.0
6.0
3.4194788932800293
-2.5552053451538086
2.9666666984558105
3.0
6.0
3.4250221252441406
0.6460133790969849
6.699999809265137
2.0
6.0
3.426600933074951
-1.831686019897461
4.699999809265137
2.0
6.0
