1330
0.8657798767089844
0.18801558017730713
-3.512079954147339
4.0
0.0
0.8199527859687805
0.560521125793457
-2.839560031890869
4.0
0.0
0.8198240399360657
0.5566993951797485
-2.686537265777588
2.0
0.0
0.8191969990730286
0.5158129930496216
-1.6837791204452515
5.0
0.0
0.8196853399276733
0.5521119236946106
-0.7643548250198364
5.0
0.0
0.8381261229515076
0.30460551381111145
1.7370933294296265
4.0
0.0
0.8207687139511108
0.9792250990867615
-3.4399547576904297
4.0
0.0
0.8223403096199036
0.9536663889884949
-2.8078832626342773
1.0
0.0
0.8241482377052307
0.9314625263214111
-2.7206506729125977
4.0
0.0
0.8632511496543884
1.2438883781433105
-3.5646681785583496
3.0
0.0
0.8352139592170715
1.3685805797576904
-3.486738681793213
4.0
0.0
0.854641854763031
1.2757301330566406
-3.0473265647888184
3.0
0.0
0.8198549747467041
1.5246412754058838
-2.6046652793884277
4.0
0.0
0.8242964148521423
1.4534406661987305
-2.299475908279419
2.0
0.0
0.8199147582054138
1.6066268682479858
-0.8241993188858032
6.0
0.0
0.8394740223884583
1.3445004224777222
2.0504486560821533
2.0
0.0
0.8232821822166443
1.9886667728424072
-4.282672882080078
4.0
0.0
0.9028813242912292
1.6543952226638794
-3.599431276321411
6.0
0.0
0.8400653600692749
1.8649767637252808
-3.104182004928589
2.0
0.0
0.8213610053062439
2.015716075897217
-2.910548210144043
3.0
0.0
0.8194289207458496
2.1121985912323
-2.8054466247558594
2.0
0.0
0.9002993702888489
2.1842246055603027
-4.218149662017822
5.0
0.0
0.8204600214958191
2.667463779449463
-4.148655891418457
2.0
0.0
0.8615245819091797
2.2971720695495605
-3.8767240047454834
4.0
0.0
0.8196824193000793
2.577481985092163
-3.1756575107574463
3.0
0.0
0.8973132967948914
2.1915841102600098
-2.2370972633361816
4.0
0.0
0.8198913335800171
3.0943455696105957
-4.287546157836914
6.0
0.0
0.821191132068634
3.0658154487609863
-2.7867655754089355
3.0
0.0
0.8484994173049927
2.8719637393951416
2.1252729892730713
13.0
0.0
0.8805831670761108
-2.999645233154297
-2.4864494800567627
3.0
0.0
0.8198046684265137
-2.5855000019073486
0.7284654378890991
9.0
0.0
0.8194853663444519
-2.0738589763641357
-4.368443489074707
6.0
0.0
0.851111114025116
-2.3751654624938965
-2.325792074203491
4.0
0.0
0.8545992970466614
-2.389293670654297
-2.100644111633301
4.0
0.0
0.8264195322990417
-2.2327632904052734
-1.69664466381073
6.0
0.0
0.8286070823669434
-2.251307964324951
-0.9544147849082947
5.0
0.0
0.8248060345649719
-2.217148780822754
1.460754156112671
10.0
0.0
0.891294002532959
-1.9818328619003296
-4.477605819702148
4.0
0.0
0.8193489909172058
-1.5961891412734985
-0.7281946539878845
8.0
0.0
0.819298505783081
-1.0374116897583008
-3.5034704208374023
3.0
0.0
0.8550344109535217
-1.343803882598877
-2.801450490951538
5.0
0.0
0.8538374900817871
-1.339078426361084
-2.5495967864990234
2.0
0.0
0.8385066390037537
-1.2682796716690063
1.9061980247497559
2.0
0.0
0.8637232780456543
-0.8521474599838257
-3.9983949661254883
3.0
0.0
0.8533340096473694
-0.813464879989624
-3.373189926147461
2.0
0.0
0.8210682272911072
-0.5971986651420593
-2.962205648422241
3.0
0.0
0.8291054964065552
-0.6844161748886108
-2.950273275375366
11.0
0.0
0.8401646614074707
-0.753537118434906
-2.9009640216827393
2.0
0.0
0.887405276298523
-0.9242878556251526
1.7386528253555298
10.0
0.0
0.8978625535964966
-0.4277762770652771
-3.8357880115509033
2.0
0.0
0.8261850476264954
-0.13621817529201508
-2.743067979812622
4.0
0.0
0.8697694540023804
-0.34874242544174194
-2.4169232845306396
1.0
0.0
0.8947720527648926
-0.4200102984905243
-1.0893086194992065
6.0
0.0
1.1172893047332764
0.18627013266086578
-3.657423973083496
2.0
1.0
1.1264622211456299
0.5543332695960999
-2.7737700939178467
2.0
1.0
1.1264622211456299
0.5543332695960999
-2.5661661624908447
2.0
1.0
1.1443822383880615
0.5116465091705322
-1.157860279083252
6.0
1.0
1.125878095626831
0.5558376312255859
0.07212532311677933
8.0
1.0
1.1019456386566162
0.6262505650520325
1.691040277481079
4.0
1.0
1.1846013069152832
0.4332221448421478
2.395967960357666
4.0
1.0
1.1122448444366455
0.9862539768218994
-3.5921213626861572
2.0
1.0
1.122711420059204
0.9568383097648621
-2.7342960834503174
4.0
1.0
1.1318329572677612
0.9335641264915466
-2.6124627590179443
4.0
1.0
1.1722511053085327
1.2407193183898926
-3.762850522994995
3.0
1.0
1.1215791702270508
1.3525676727294922
-3.646702766418457
4.0
1.0
1.1553195714950562
1.2737133502960205
-3.0603220462799072
2.0
1.0
1.0767511129379272
1.5225579738616943
-2.4780025482177734
3.0
1.0
1.090277075767517
1.4553332328796387
-2.0704293251037598
2.0
1.0
1.067546010017395
1.5990935564041138
-0.167740136384964
5.0
1.0
1.1255871057510376
1.3419885635375977
2.0753026008605957
4.0
1.0
1.087006688117981
1.8621189594268799
-3.131472587585449
2.0
1.0
1.1080577373504639
2.1771230697631836
-4.494662761688232
4.0
1.0
1.080046534538269
2.2889516353607178
-4.096998691558838
4.0
1.0
1.1849944591522217
2.0033388137817383
-2.8658759593963623
4.0
1.0
1.1138999462127686
2.1594746112823486
-2.7227625846862793
3.0
1.0
1.104290246963501
2.1892075538635254
-2.0597081184387207
2.0
1.0
1.0835349559783936
2.6637165546417236
-4.512693881988525
6.0
1.0
1.1090561151504517
2.5667171478271484
-3.253793239593506
4.0
1.0
1.082793116569519
3.0600745677948
-2.7162647247314453
1.0
1.0
1.1414954662322998
2.8743104934692383
3.8995537757873535
13.0
1.0
1.1324423551559448
-2.994915246963501
-2.3267667293548584
4.0
1.0
1.0752310752868652
-2.3947649002075195
-2.129591703414917
5.0
1.0
1.0750316381454468
-2.393444299697876
-1.8667240142822266
2.0
1.0
1.121861219406128
-2.575181245803833
2.1177005767822266
10.0
1.0
1.0903414487838745
-2.4719250202178955
3.00931453704834
3.0
1.0
1.1418812274932861
-2.624349355697632
3.0647079944610596
4.0
1.0
1.1399489641189575
-2.2272531986236572
-1.197983980178833
4.0
1.0
1.1518458127975464
-2.2533586025238037
-0.15086448192596436
7.0
1.0
1.13399076461792
-2.2132649421691895
3.120042562484741
11.0
1.0
1.0724256038665771
-1.5894277095794678
-0.02193000540137291
6.0
1.0
1.1031876802444458
-1.3414300680160522
-2.7403063774108887
3.0
1.0
1.1036977767944336
-1.3431276082992554
-2.4149739742279053
2.0
1.0
1.0857065916061401
-1.2735729217529297
1.8841705322265625
5.0
1.0
1.0826302766799927
-1.2588016986846924
1.9115586280822754
6.0
1.0
1.0803112983703613
-0.8540717363357544
-4.246610164642334
4.0
1.0
1.1344400644302368
-1.036246418952942
-3.6934866905212402
2.0
1.0
1.0742206573486328
-0.8171409964561462
-3.467082977294922
3.0
1.0
1.0956380367279053
-0.9220252633094788
2.8561294078826904
12.0
1.0
1.0742405652999878
-0.4245796799659729
-3.9961206912994385
2.0
1.0
1.102758526802063
-0.5545942783355713
-2.9540834426879883
2.0
1.0
1.1885570287704468
-0.7516505122184753
-2.8551547527313232
4.0
1.0
1.072861671447754
-0.4146469831466675
-0.7082139849662781
6.0
1.0
1.0975697040557861
-0.1437666416168213
-2.655348062515259
4.0
1.0
1.181023359298706
-0.34592562913894653
-2.204770803451538
3.0
1.0
1.3760493993759155
0.18431086838245392
-3.8055732250213623
2.0
2.0
1.3581939935684204
0.5488038063049316
-2.7237372398376465
3.0
2.0
1.356852412223816
0.5530915856361389
-2.475890636444092
2.0
2.0
1.3721110820770264
0.5086714029312134
-0.7900859713554382
4.0
2.0
1.3551921844482422
0.5585246086120605
0.6997205018997192
7.0
2.0
1.334617018699646
0.9586844444274902
-2.6821513175964355
2.0
2.0
1.339111328125
0.9355810880661011
-2.539525032043457
3.0
2.0
1.3784178495407104
0.8066929578781128
1.6493732929229736
4.0
2.0
1.407149314880371
0.7437105774879456
2.4846625328063965
4.0
2.0
1.3412904739379883
1.2397316694259644
-3.8718507289886475
4.0
2.0
1.4440276622772217
0.9931744933128357
-3.766749143600464
3.0
2.0
1.334617018699646
1.2728437185287476
-3.0681192874908447
2.0
2.0
1.4303278923034668
1.3297926187515259
-3.8181464672088623
5.0
2.0
1.3495666980743408
1.5205999612808228
-2.343498468399048
3.0
2.0
1.3697394132614136
1.4575083255767822
-1.829849123954773
3.0
2.0
1.3337810039520264
1.5917749404907227
0.5283880233764648
6.0
2.0
1.435249924659729
1.3215361833572388
2.095283269882202
2.0
2.0
1.3432649374008179
1.8594980239868164
-3.159738063812256
2.0
2.0
1.409660816192627
1.9954677820205688
-2.83874773979187
3.0
2.0
1.3376593589782715
2.1992762088775635
-2.6594090461730957
3.0
2.0
1.3402680158615112
2.1868247985839844
-1.8569773435592651
4.0
2.0
1.4278868436813354
2.276448965072632
-4.447878837585449
2.0
2.0
1.4455288648605347
2.5616049766540527
-3.3468739986419678
2.0
2.0
1.3609517812728882
3.053528070449829
-2.6412153244018555
1.0
2.0
1.3913507461547852
-2.9934024810791016
-2.1618854999542236
3.0
2.0
1.3427492380142212
-2.536541223526001
2.3906073570251465
6.0
2.0
1.3589425086975098
-2.5951435565948486
3.1457676887512207
3.0
2.0
1.3499971628189087
-2.565042734146118
3.172652244567871
8.0
2.0
1.4194432497024536
-2.421027183532715
-1.8179906606674194
4.0
2.0
1.3431353569030762
-2.224025011062622
-0.8745571374893188
3.0
2.0
1.3509801626205444
-2.254425287246704
0.34395986795425415
5.0
2.0
1.3401178121566772
-2.2107150554656982
4.225433349609375
11.0
2.0
1.3402440547943115
-1.5829763412475586
0.7262453436851501
6.0
2.0
1.347626805305481
-1.2995777130126953
-2.817045211791992
5.0
2.0
1.359079360961914
-1.3389341831207275
-2.677765369415283
2.0
2.0
1.3617984056472778
-1.3472596406936646
-2.276571273803711
1.0
2.0
1.4532169103622437
-1.534314751625061
1.6571706533432007
6.0
2.0
1.3625823259353638
-1.035442590713501
-3.8310770988464355
3.0
2.0
1.3332598209381104
-0.9184291362762451
4.124776840209961
11.0
2.0
1.4051743745803833
-0.823189377784729
-3.606741428375244
2.0
2.0
1.373247504234314
-0.7509536147117615
-2.831275463104248
2.0
2.0
1.36667001247406
-0.4189523160457611
-4.261229991912842
4.0
2.0
1.4141496419906616
-0.5263286232948303
-2.944823980331421
2.0
2.0
1.3445286750793457
-0.3448670506477356
-2.0933339595794678
2.0
2.0
1.363085150718689
-0.40861302614212036
-0.09551733732223511
2.0
2.0
1.3623106479644775
-0.4063152074813843
-0.08508839458227158
5.0
2.0
1.3591822385787964
-0.39677727222442627
0.0794353112578392
2.0
2.0
1.3856345415115356
-0.15305805206298828
-2.5645415782928467
3.0
2.0
1.4057797193527222
-0.19607087969779968
2.2760839462280273
6.0
2.0
2.394801378250122
0.5225130915641785
-2.433333396911621
2.0
3.0
2.395393133163452
0.5458516478538513
-1.899999976158142
1.0
3.0
2.396199941635132
1.0130118131637573
-4.0333333015441895
1.0
3.0
2.402207136154175
0.968647301197052
-2.433333396911621
1.0
3.0
2.3990657329559326
0.9875556826591492
-2.433333396911621
6.0
3.0
2.4073710441589355
0.944957971572876
-1.899999976158142
1.0
3.0
2.398836374282837
1.512777328491211
-1.899999976158142
1.0
3.0
2.408179759979248
1.4653346538543701
-0.8333333134651184
1.0
3.0
2.4160585403442383
1.9616411924362183
-2.9666666984558105
2.0
3.0
2.402831792831421
2.1761815547943115
-0.8333333134651184
1.0
3.0
2.3981175422668457
2.5653867721557617
-3.5
1.0
3.0
2.3948285579681396
2.6228795051574707
-2.9666666984558105
1.0
3.0
2.4091546535491943
3.032374858856201
-2.433333396911621
2.0
3.0
2.409871816635132
-2.5060946941375732
-0.8333333134651184
1.0
3.0
2.4043869972229004
-1.66012704372406
-2.433333396911621
3.0
3.0
2.397113800048828
-0.47965681552886963
-2.9666666984558105
1.0
3.0
2.397001028060913
2.137253522872925
-6.0333333015441895
1.0
3.0
2.394803285598755
3.1399641036987305
-6.699999809265137
1.0
3.0
2.3961126804351807
-1.0140962600708008
-6.699999809265137
7.0
3.0
2.3950204849243164
-1.0336272716522217
-4.699999809265137
1.0
3.0
2.414372205734253
-0.3961819112300873
-5.366666793823242
2.0
3.0
2.3957176208496094
0.495920866727829
0.8333333134651184
3.0
3.0
2.3972294330596924
0.5686242580413818
3.5
1.0
3.0
2.403592348098755
1.132757306098938
1.3666666746139526
4.0
3.0
2.3948426246643066
1.564825177192688
3.5
1.0
3.0
2.395514488220215
-3.1171696186065674
1.899999976158142
3.0
3.0
2.411055326461792
-2.210580587387085
0.8333333134651184
1.0
3.0
2.400132179260254
-2.027724504470825
0.8333333134651184
3.0
3.0
2.412754774093628
-2.2164676189422607
3.5
2.0
3.0
2.394986629486084
-1.5583115816116333
3.5
1.0
3.0
2.407907247543335
-3.0372047424316406
5.366666793823242
3.0
3.0
2.407907247543335
-1.4664084911346436
6.0333333015441895
1.0
3.0
2.406205177307129
-0.9497950673103333
6.0333333015441895
2.0
3.0
2.5785021781921387
1.266129493713379
-2.9666666984558105
1.0
4.0
2.576448440551758
1.8482379913330078
-3.5
1.0
4.0
2.595747470855713
1.9556063413619995
-2.433333396911621
1.0
4.0
2.5763723850250244
2.369818687438965
-2.433333396911621
7.0
4.0
2.582463026046753
2.4262237548828125
-2.433333396911621
3.0
4.0
2.5780773162841797
2.317357301712036
-0.8333333134651184
3.0
4.0
2.5776944160461426
2.3213889598846436
-0.30000001192092896
3.0
4.0
2.5949580669403076
-3.0003180503845215
-1.3666666746139526
2.0
4.0
2.5815858840942383
-2.4212002754211426
-0.30000001192092896
1.0
4.0
2.576632261276245
-1.3286750316619873
-2.433333396911621
1.0
4.0
2.5806965827941895
-1.3684732913970947
-1.3666666746139526
2.0
4.0
2.580543279647827
-0.8438687920570374
-4.0333333015441895
2.0
4.0
2.5779776573181152
-0.7475687861442566
-2.433333396911621
1.0
4.0
2.5827388763427734
-0.19026388227939606
-2.433333396911621
2.0
4.0
2.583211660385132
-0.3358446955680847
-1.3666666746139526
1.0
4.0
2.5859317779541016
0.17471878230571747
-4.699999809265137
1.0
4.0
2.5844125747680664
1.2289319038391113
-4.699999809265137
1.0
4.0
2.583503007888794
1.2334461212158203
-4.699999809265137
2.0
4.0
2.5779287815093994
1.795270323753357
-6.699999809265137
2.0
4.0
2.5951147079467773
2.2351725101470947
-5.366666793823242
1.0
4.0
2.577434778213501
-2.911574363708496
-6.699999809265137
1.0
4.0
2.5838003158569336
-1.9096516370773315
-7.366666793823242
1.0
4.0
2.585047960281372
-0.8684708476066589
-6.0333333015441895
1.0
4.0
2.5881969928741455
-2.2596065998077393
3.5
2.0
4.0
2.576658010482788
-2.3360118865966797
4.0333333015441895
6.0
4.0
2.5915329456329346
-0.3708699941635132
2.433333396911621
1.0
4.0
2.592104196548462
-2.2451295852661133
4.699999809265137
3.0
4.0
3.2371091842651367
1.2629350423812866
-2.9666666984558105
1.0
5.0
3.2319176197052
1.5076029300689697
-1.3666666746139526
1.0
5.0
3.241668939590454
1.470773696899414
-0.30000001192092896
1.0
5.0
3.2254669666290283
1.96309232711792
-2.9666666984558105
3.0
5.0
3.226901054382324
1.9336791038513184
-2.433333396911621
2.0
5.0
3.2384684085845947
2.4458320140838623
-2.433333396911621
1.0
5.0
3.2308194637298584
-0.842969536781311
-2.9666666984558105
1.0
5.0
3.2280333042144775
-0.7455180883407593
-2.433333396911621
1.0
5.0
3.230670928955078
-0.4494670033454895
-2.9666666984558105
1.0
5.0
3.2314345836639404
-0.33191463351249695
-0.8333333134651184
1.0
5.0
3.2255043983459473
1.1732608079910278
-4.699999809265137
2.0
5.0
3.22580623626709
-0.3781905770301819
-6.0333333015441895
2.0
5.0
3.2394158840179443
0.48553428053855896
2.433333396911621
1.0
5.0
3.241929531097412
1.278917908668518
1.3666666746139526
3.0
5.0
3.232334613800049
1.2432975769042969
2.9666666984558105
4.0
5.0
3.226750135421753
1.542590856552124
4.0333333015441895
2.0
5.0
3.2286927700042725
3.0968847274780273
1.899999976158142
1.0
5.0
3.2350096702575684
-2.4330241680145264
0.30000001192092896
1.0
5.0
3.2286927700042725
-2.0082032680511475
0.8333333134651184
3.0
5.0
3.225473165512085
-1.1801124811172485
0.8333333134651184
1.0
5.0
3.2282447814941406
-0.35120952129364014
4.0333333015441895
1.0
5.0
3.2259509563446045
1.9461662769317627
6.699999809265137
1.0
5.0
3.231046199798584
-3.0828161239624023
6.0333333015441895
2.0
5.0
3.2257184982299805
-1.558302640914917
6.0333333015441895
1.0
5.0
3.433670997619629
0.4980582594871521
-2.433333396911621
2.0
6.0
3.4237048625946045
0.5392866730690002
-1.899999976158142
1.0
6.0
3.4194788932800293
0.9790864586830139
-2.433333396911621
1.0
6.0
3.420931577682495
0.9524824619293213
-1.899999976158142
1.0
6.0
3.4288504123687744
1.8411449193954468
-3.5
1.0
6.0
3.4195380210876465
2.1663079261779785
-0.30000001192092896
1.0
6.0
3.4214677810668945
2.518341541290283
-4.0333333015441895
2.0
6.0
3.4198050498962402
2.5666096210479736
-1.899999976158142
3.0
6.0
3.4270262718200684
3.011676073074341
-1.899999976158142
1.0
6.0
3.426187753677368
-3.007890224456787
-0.8333333134651184
1.0
6.0
3.4280052185058594
-1.8377411365509033
-2.433333396911621
4.0
6.0
3.4242377281188965
-1.3216513395309448
-2.433333396911621
1.0
6.0
3.419646739959717
-1.3847111463546753
-1.3666666746139526
1.0
6.0
3.419945001602173
-0.21307574212551117
-1.899999976158142
2.0
6.0
3.4329710006713867
0.8930200338363647
-4.699999809265137
2.0
6.0
3.423835039138794
1.0322681665420532
-4.699999809265137
1.0
6.0
3.42376971244812
2.109703779220581
-7.366666793823242
2.0
6.0
3.423835039138794
2.2103652954101562
-6.699999809265137
1.0
6.0
3.423023223876953
-0.9361581802368164
-6.0333333015441895
2.0
6.0
3.4275529384613037
1.3057432174682617
1.3666666746139526
3.0
6.0
3.4195756912231445
-2.1518614292144775
0.30000001192092896
5.0
6.0
3.4199235439300537
-2.1434988975524902
0.30000001192092896
7.0
6.0
3.4215123653411865
-2.194427251815796
2.433333396911621
1.0
6.0
3.4219369888305664
-2.590543270111084
6.699999809265137
4.0
6.0
3.4201607704162598
-2.1799914836883545
4.699999809265137
1.0
6.0
3.4197356700897217
-2.1472997665405273
6.0333333015441895
3.0
6.0
3.423142671585083
-2.113496780395508
6.0333333015441895
2.0
6.0
3.4223477840423584
-1.415482759475708
6.699999809265137
2.0
6.0
3.4195468425750732
-1.3676037788391113
6.699999809265137
2.0
6.0
