405
0.8564069867134094
0.22167983651161194
0.050195321440696716
10.0
0.0
0.8211209774017334
0.44905534386634827
3.112239122390747
15.0
0.0
0.8242467641830444
0.9303820133209229
-3.539001941680908
2.0
0.0
0.8609714508056641
0.7283548712730408
-3.445315361022949
2.0
0.0
0.8435488343238831
1.3238722085952759
-1.835827112197876
5.0
0.0
0.8320791125297546
1.3885436058044434
0.28976839780807495
5.0
0.0
0.8194183111190796
2.111652135848999
1.907172679901123
14.0
0.0
0.8564069867134094
2.316074848175049
-2.934102773666382
4.0
0.0
0.8473917245864868
2.353253126144409
-1.9105027914047241
12.0
0.0
0.8840856552124023
2.2264201641082764
3.333646297454834
7.0
0.0
0.9003737568855286
2.7076423168182373
-2.1015212535858154
5.0
0.0
0.8693687319755554
2.79414439201355
0.717310905456543
9.0
0.0
0.8836011290550232
2.7513723373413086
3.269956588745117
12.0
0.0
0.8816279768943787
-3.0026392936706543
-3.523407220840454
2.0
0.0
0.8816279768943787
-1.9554417133331299
-4.085302829742432
4.0
0.0
0.8197781443595886
0.03164445981383324
-3.8573930263519287
3.0
0.0
0.8353890180587769
-0.2032676786184311
-2.8960907459259033
4.0
0.0
1.1054577827453613
0.22190247476100922
1.0196199417114258
8.0
1.0
1.077315092086792
0.7337333559989929
-3.4823527336120605
2.0
1.0
1.135838508605957
0.9239174723625183
-3.6301333904266357
4.0
1.0
1.1296201944351196
1.3317347764968872
-1.3420722484588623
6.0
1.0
1.1409446001052856
1.304764986038208
1.0579243898391724
5.0
1.0
1.1192073822021484
1.7517263889312744
-1.534850001335144
7.0
1.0
1.075982928276062
2.3127593994140625
-2.8405346870422363
4.0
1.0
1.128270149230957
2.120523691177368
3.8621482849121094
11.0
1.0
1.0936189889907837
3.012688159942627
-2.3364157676696777
5.0
1.0
1.170445442199707
2.814876079559326
2.113801956176758
10.0
1.0
1.1378806829452515
-3.00787091255188
-3.592608690261841
1.0
1.0
1.0691968202590942
-1.9538366794586182
-4.252945423126221
4.0
1.0
1.0677783489227295
0.025396062061190605
-4.026985168457031
3.0
1.0
1.1181074380874634
-0.20871978998184204
-2.7615866661071777
2.0
1.0
1.36216402053833
0.22244131565093994
2.0198161602020264
7.0
2.0
1.3426469564437866
0.9196490049362183
-3.6910500526428223
2.0
2.0
1.4080169200897217
0.7420156002044678
-3.538677215576172
3.0
2.0
1.3354750871658325
1.2681221961975098
1.5356297492980957
5.0
2.0
1.4240397214889526
1.340674638748169
-0.8378446698188782
4.0
2.0
1.410851240158081
2.307342529296875
-2.6977460384368896
2.0
2.0
1.33724844455719
2.8296561241149902
2.898310661315918
9.0
2.0
1.4008949995040894
-3.013673782348633
-3.6640841960906982
3.0
2.0
1.4283932447433472
-3.0651302337646484
-2.6241586208343506
4.0
2.0
1.3542125225067139
-1.9514741897583008
-4.508307933807373
4.0
2.0
1.3343219757080078
0.01787061057984829
-4.209572792053223
1.0
2.0
1.4151021242141724
-0.21394625306129456
-2.6197726726531982
1.0
2.0
2.409013271331787
1.4621148109436035
-0.8333333134651184
1.0
3.0
2.407907247543335
-3.0372047424316406
-4.0333333015441895
1.0
3.0
2.3948793411254883
-0.008142462000250816
-4.699999809265137
1.0
3.0
2.409871816635132
1.159096598625183
4.0333333015441895
1.0
3.0
2.398540496826172
-3.085737943649292
4.0333333015441895
1.0
3.0
2.4055817127227783
-3.046879291534424
4.0333333015441895
1.0
3.0
2.5926856994628906
0.8984562158584595
-4.0333333015441895
1.0
4.0
2.5762779712677
0.7748012542724609
-3.5
1.0
4.0
2.5915329456329346
1.4180675745010376
-1.3666666746139526
1.0
4.0
2.5812535285949707
2.293198823928833
-2.433333396911621
5.0
4.0
2.576207160949707
-2.8722238540649414
-3.5
1.0
4.0
2.5775187015533447
-0.22901004552841187
-1.899999976158142
1.0
4.0
2.5922486782073975
-1.944158911705017
-5.366666793823242
2.0
4.0
2.5816707611083984
1.3745052814483643
1.3666666746139526
2.0
4.0
2.5861592292785645
1.7445136308670044
4.0333333015441895
3.0
4.0
2.592393636703491
2.4682559967041016
0.8333333134651184
3.0
4.0
2.5777862071990967
0.2259858101606369
6.699999809265137
1.0
4.0
3.225517988204956
0.7910407185554504
-4.0333333015441895
2.0
5.0
3.2338497638702393
2.284174680709839
-1.899999976158142
1.0
5.0
3.237779378890991
-3.054354429244995
-4.0333333015441895
1.0
5.0
3.226750135421753
-0.028205489739775658
-5.366666793823242
2.0
5.0
3.2263176441192627
-1.940526008605957
-6.0333333015441895
1.0
5.0
3.233388662338257
1.1080825328826904
6.0333333015441895
2.0
5.0
3.232334613800049
3.076392412185669
6.699999809265137
2.0
5.0
3.227142810821533
3.109360456466675
6.699999809265137
4.0
5.0
3.2268245220184326
3.112581729888916
6.699999809265137
2.0
5.0
3.2263784408569336
-3.1178176403045654
6.699999809265137
5.0
5.0
3.2267136573791504
-3.1137897968292236
6.699999809265137
3.0
5.0
3.239536762237549
-3.0483579635620117
6.699999809265137
4.0
5.0
3.2424569129943848
-3.0391764640808105
6.699999809265137
1.0
5.0
3.236564874649048
-1.095260500907898
6.699999809265137
2.0
5.0
3.434753894805908
0.8873651027679443
-4.0333333015441895
1.0
6.0
3.4335529804229736
2.461930751800537
-1.3666666746139526
3.0
6.0
3.4282824993133545
-2.8735129833221436
-4.0333333015441895
1.0
6.0
3.422905683517456
-0.24118028581142426
-1.899999976158142
2.0
6.0
3.4205105304718018
1.399153232574463
2.433333396911621
1.0
6.0
3.426025867462158
1.7052562236785889
4.699999809265137
1.0
6.0
3.4340274333953857
-3.0373644828796387
7.366666793823242
1.0
6.0
