350
0.8196119666099548
0.5494169592857361
-3.4553868770599365
3.0
0.0
0.8593323826789856
0.7343073487281799
-2.1167259216308594
2.0
0.0
0.8242368698120117
1.454088807106018
-4.3208794593811035
5.0
0.0
0.8803095817565918
1.1899338960647583
-2.903887987136841
4.0
0.0
0.8935152888298035
1.1539993286132812
-2.675816059112549
2.0
0.0
0.8322471380233765
2.434610605239868
-4.1710734367370605
6.0
0.0
0.8898005485534668
2.210890769958496
-2.0251073837280273
2.0
0.0
0.8774332404136658
2.2455544471740723
3.561950922012329
11.0
0.0
0.8297430872917175
-2.783661127090454
-2.283881425857544
2.0
0.0
0.8365108370780945
-2.827863931655884
2.628962278366089
14.0
0.0
0.8310628533363342
-2.2696423530578613
-0.8739073276519775
3.0
0.0
0.8526100516319275
-1.334138035774231
-4.0719499588012695
5.0
0.0
0.8257556557655334
-1.1793811321258545
-1.1896992921829224
4.0
0.0
0.8376556038856506
-1.2635771036148071
2.500866413116455
8.0
0.0
0.8201956152915955
-0.5790321230888367
-1.3032480478286743
2.0
0.0
0.9002791047096252
-0.9573186635971069
1.8947677612304688
11.0
0.0
0.8255969285964966
-0.1306583285331726
-2.9761757850646973
3.0
0.0
0.8817936778068542
-0.3851175010204315
-2.451524019241333
2.0
0.0
1.13009512424469
0.5451534390449524
-3.9103500843048096
4.0
1.0
1.07779860496521
0.7308578491210938
-2.0816380977630615
5.0
1.0
1.0688601732254028
1.1912339925765991
-3.042128324508667
3.0
1.0
1.072861671447754
1.1561493873596191
-2.7596373558044434
4.0
1.0
1.0970275402069092
2.2144086360931396
-1.9710133075714111
2.0
1.0
1.0739445686340332
-2.7787070274353027
-2.291191339492798
1.0
1.0
1.0814001560211182
-2.823323965072632
4.0573296546936035
10.0
1.0
1.083032488822937
-2.8316006660461426
4.071394920349121
13.0
1.0
1.1595368385314941
-2.2691235542297363
-0.3284626603126526
4.0
1.0
1.0701476335525513
-1.1776095628738403
-0.873420000076294
4.0
1.0
1.0805017948150635
-1.247792363166809
3.714442014694214
10.0
1.0
1.102747917175293
-0.9472576975822449
2.8276424407958984
11.0
1.0
1.069661021232605
-0.3876279294490814
-2.492460012435913
2.0
1.0
1.1085972785949707
-0.5734530091285706
-0.9671504497528076
3.0
1.0
1.0944160223007202
-0.13198629021644592
-3.2107455730438232
3.0
1.0
1.3603225946426392
0.5421746969223022
-4.248072147369385
2.0
2.0
1.4171274900436401
0.724788248538971
-2.027381658554077
3.0
2.0
1.3532923460006714
1.193244457244873
-3.250706911087036
3.0
2.0
1.3634098768234253
1.1612266302108765
-2.895116090774536
4.0
2.0
1.3341273069381714
2.218095064163208
-1.9094469547271729
3.0
2.0
1.4403399229049683
-2.770848035812378
-2.303131103515625
4.0
2.0
1.3550324440002441
-2.268378496170044
-0.003411332843825221
4.0
2.0
1.425037145614624
-1.174351692199707
-0.41423332691192627
4.0
2.0
1.3345181941986084
-0.9257165789604187
3.752779006958008
3.0
2.0
1.3361362218856812
-0.9345192313194275
3.906362771987915
11.0
2.0
1.357352614402771
-0.3909951150417328
-2.5564193725585938
2.0
2.0
1.4370288848876953
-0.5663502812385559
-0.584626317024231
5.0
2.0
1.3774147033691406
-0.13328778743743896
-3.457498550415039
4.0
2.0
2.415038585662842
1.1767501831054688
-3.5
2.0
3.0
2.4125967025756836
-0.4020611345767975
-2.9666666984558105
1.0
3.0
2.3948285579681396
0.5284843444824219
-6.0333333015441895
1.0
3.0
2.411510467529297
-1.1649894714355469
0.8333333134651184
2.0
3.0
2.3954522609710693
-0.5469367504119873
0.30000001192092896
1.0
3.0
2.5843088626861572
0.7058345675468445
-1.899999976158142
2.0
4.0
2.5912513732910156
1.2009236812591553
-4.0333333015441895
1.0
4.0
2.594801902770996
2.2361671924591064
-1.3666666746139526
1.0
4.0
2.594801902770996
-2.759765863418579
-2.433333396911621
1.0
4.0
2.5943379402160645
2.474729299545288
-6.0333333015441895
2.0
4.0
2.5960679054260254
-0.13779476284980774
-4.699999809265137
1.0
4.0
2.586975574493408
-2.264608383178711
1.899999976158142
2.0
4.0
3.2390565872192383
0.6937618255615234
-1.899999976158142
2.0
5.0
3.2256052494049072
1.1873669624328613
-4.0333333015441895
1.0
5.0
3.2256052494049072
-2.7581632137298584
-2.433333396911621
9.0
5.0
3.2260453701019287
-0.4116398096084595
-2.9666666984558105
1.0
5.0
3.2265732288360596
1.2042889595031738
-4.699999809265137
1.0
5.0
3.2396578788757324
-2.2625601291656494
2.9666666984558105
1.0
5.0
3.2262306213378906
-1.1563364267349243
1.899999976158142
2.0
5.0
3.4328560829162598
2.2481954097747803
-1.3666666746139526
1.0
6.0
3.4290435314178467
0.5142934918403625
-7.366666793823242
1.0
6.0
3.4269402027130127
2.4864895343780518
-6.0333333015441895
2.0
6.0
3.424802303314209
-0.14052170515060425
-5.366666793823242
1.0
6.0
3.426684856414795
-0.5241298079490662
1.899999976158142
1.0
6.0
