325
0.8192006945610046
0.5140630006790161
3.0997960567474365
2.0
0.0
0.8487243056297302
0.2529897391796112
3.879647970199585
4.0
0.0
0.879927396774292
0.14384186267852783
4.003268241882324
3.0
0.0
0.8261797428131104
1.4346270561218262
-1.1364470720291138
11.0
0.0
0.8429503440856934
2.3739771842956543
-1.45635187625885
12.0
0.0
0.8657315373420715
2.282573938369751
3.289043664932251
3.0
0.0
0.8208816051483154
3.071441411972046
0.7145493626594543
8.0
0.0
0.8675344586372375
2.8001458644866943
4.314349174499512
4.0
0.0
0.8375932574272156
2.9255619049072266
4.47890567779541
3.0
0.0
0.830126166343689
-2.7865028381347656
1.9232546091079712
6.0
0.0
0.8370064496994019
-1.2599129676818848
3.8138580322265625
2.0
0.0
0.8209983110427856
-0.5959283113479614
3.286444664001465
2.0
0.0
0.8200467824935913
-0.05161384493112564
1.3154313564300537
6.0
0.0
1.11667001247406
0.18801778554916382
3.9415392875671387
7.0
1.0
1.1441633701324463
0.5121322274208069
2.874648094177246
4.0
1.0
1.128675103187561
1.334104061126709
-2.6892988681793213
9.0
1.0
1.091428279876709
1.4506034851074219
-2.6650946140289307
10.0
1.0
1.0682651996612549
2.3758435249328613
-2.8329997062683105
13.0
1.0
1.0819859504699707
2.27874755859375
3.1938512325286865
1.0
1.0
1.0827232599258423
3.0604231357574463
-0.23760980367660522
7.0
1.0
1.075335144996643
-2.788147449493408
1.405379056930542
7.0
1.0
1.0823603868484497
-1.2574448585510254
3.8564183712005615
3.0
1.0
1.114870309829712
-0.5922355055809021
3.150965929031372
1.0
1.0
1.0776594877243042
-0.053719017654657364
0.5785833597183228
3.0
1.0
1.3713406324386597
0.510718584060669
2.7172393798828125
2.0
2.0
1.3658521175384521
1.4683208465576172
-4.240956783294678
10.0
2.0
1.4297492504119873
2.2732555866241455
3.040341377258301
4.0
2.0
1.3625465631484985
3.048734426498413
-1.258413314819336
8.0
2.0
1.453253984451294
-2.7910079956054688
0.6070436239242554
5.0
2.0
1.3373725414276123
-1.255040168762207
3.9006032943725586
2.0
2.0
1.4506316184997559
-0.5879011750221252
2.9959940910339355
2.0
2.0
1.3513085842132568
-0.056479066610336304
-0.20256821811199188
6.0
2.0
1.364391803741455
-0.09827766567468643
2.7922887802124023
5.0
2.0
2.4073710441589355
-0.10223956406116486
-2.9666666984558105
1.0
3.0
2.4020044803619385
-0.07747115939855576
-2.9666666984558105
1.0
3.0
2.3992221355438232
-0.06072365120053291
-2.9666666984558105
12.0
3.0
2.3951175212860107
-2.601710081100464
-3.5
4.0
3.0
2.400940179824829
-2.6895267963409424
-4.699999809265137
6.0
3.0
2.4087326526641846
-0.10760843753814697
1.899999976158142
1.0
3.0
2.4043869972229004
-0.08933068811893463
1.899999976158142
1.0
3.0
2.3952322006225586
0.5046015381813049
1.899999976158142
1.0
3.0
2.398186445236206
-0.5767472982406616
2.433333396911621
2.0
3.0
2.4142074584960938
-1.9675123691558838
6.699999809265137
1.0
3.0
2.585156202316284
-2.7962193489074707
-2.9666666984558105
2.0
4.0
2.5843088626861572
-2.800229787826538
-1.899999976158142
2.0
4.0
2.576920747756958
-2.3809163570404053
-1.3666666746139526
1.0
4.0
2.5765583515167236
-2.374359369277954
-1.3666666746139526
2.0
4.0
2.5918173789978027
2.989861011505127
-6.0333333015441895
1.0
4.0
2.588071823120117
-2.783705234527588
-4.699999809265137
3.0
4.0
2.589090347290039
2.256108283996582
2.433333396911621
1.0
4.0
2.5815019607543945
-1.2444936037063599
4.0333333015441895
2.0
4.0
2.5806195735931396
2.820819854736328
5.366666793823242
1.0
4.0
2.5960679054260254
-1.956600308418274
6.699999809265137
1.0
4.0
3.230451822280884
-2.8044562339782715
-2.9666666984558105
2.0
5.0
3.2263784408569336
-2.3324193954467773
-2.433333396911621
3.0
5.0
3.2343239784240723
-0.07402430474758148
-5.366666793823242
2.0
5.0
3.2350096702575684
-0.07682958245277405
1.3666666746139526
1.0
5.0
3.231593370437622
-1.2396847009658813
4.0333333015441895
1.0
5.0
3.2356178760528564
2.8281266689300537
6.0333333015441895
1.0
5.0
3.2282989025115967
-1.9216035604476929
7.366666793823242
2.0
5.0
3.433318853378296
0.49918949604034424
1.3666666746139526
1.0
6.0
3.4319541454315186
2.2451767921447754
1.899999976158142
1.0
6.0
3.42060923576355
-0.5632023811340332
1.899999976158142
2.0
6.0
3.4288504123687744
-0.1223505362868309
1.3666666746139526
1.0
6.0
3.4214234352111816
2.9790658950805664
7.366666793823242
1.0
6.0
