410
0.8235719799995422
0.41441231966018677
-4.516809463500977
9.0
0.0
0.8216924667358398
0.4395725727081299
-1.4967193603515625
4.0
0.0
0.8423381447792053
0.282597154378891
-1.4278428554534912
3.0
0.0
0.8350223898887634
0.3225407600402832
-1.2766395807266235
5.0
0.0
0.848025381565094
0.25604915618896484
-1.1814147233963013
4.0
0.0
0.8398672938346863
0.2952207326889038
-0.9708866477012634
4.0
0.0
0.8205357193946838
1.0983028411865234
-3.471143960952759
4.0
0.0
0.8201145529747009
1.0884859561920166
-3.457498550415039
4.0
0.0
0.8206514120101929
1.100716471672058
-3.431530714035034
7.0
0.0
0.8337630033493042
0.8539412617683411
-2.5227932929992676
4.0
0.0
0.8410487771034241
0.8126886487007141
-1.2844369411468506
5.0
0.0
0.8262044191360474
1.434398889541626
-1.1646828651428223
3.0
0.0
0.8273747563362122
1.4240190982818604
-0.23603177070617676
3.0
0.0
0.8370064496994019
1.881679654121399
-3.7378339767456055
10.0
0.0
0.9067330956459045
2.1689159870147705
-2.9137566089630127
8.0
0.0
0.8195096850395203
-2.072766065597534
-3.303014039993286
10.0
0.0
0.8678790926933289
-2.436979055404663
0.05929221212863922
3.0
0.0
0.8192479014396667
-1.565566897392273
-1.8564900159835815
6.0
0.0
0.8194658756256104
-1.5511709451675415
-1.8405704498291016
3.0
0.0
0.8745115399360657
-1.9344278573989868
1.9614754915237427
7.0
0.0
0.8389874696731567
-1.7944868803024292
2.0319299697875977
1.0
0.0
0.8418676853179932
-1.8094518184661865
2.0473296642303467
5.0
0.0
0.820822536945343
-1.5138787031173706
3.2307262420654297
6.0
0.0
0.89804607629776
-1.4754289388656616
3.2859573364257812
4.0
0.0
0.9113448858261108
-1.5068235397338867
3.5794506072998047
4.0
0.0
0.9117597341537476
-1.5077558755874634
3.5884933471679688
9.0
0.0
0.8239443898200989
-0.6370638608932495
1.4774209260940552
5.0
0.0
0.8196253776550293
-0.5620296597480774
2.9368178844451904
7.0
0.0
1.0897223949432373
0.2795555591583252
-1.8405704498291016
9.0
1.0
1.0827115774154663
0.31158775091171265
-1.6552213430404663
4.0
1.0
1.098446011543274
0.24576742947101593
-1.5255906581878662
4.0
1.0
1.084746241569519
0.30170536041259766
-1.2504535913467407
3.0
1.0
1.1701107025146484
0.4593084752559662
-2.1282269954681396
5.0
1.0
1.0679748058319092
0.8084240555763245
-1.6279306411743164
4.0
1.0
1.0825693607330322
1.0976980924606323
-4.514277935028076
8.0
1.0
1.1634764671325684
0.8646907806396484
-3.5111052989959717
8.0
1.0
1.093968152999878
1.440536379814148
-1.5353373289108276
4.0
1.0
1.0989253520965576
1.4221524000167847
-0.3088068962097168
3.0
1.0
1.109097957611084
2.173888921737671
-3.5557336807250977
6.0
1.0
1.0827115774154663
-2.4373059272766113
0.07748600095510483
2.0
1.0
1.0900123119354248
-2.077854871749878
-4.388911247253418
8.0
1.0
1.0678423643112183
-1.938880205154419
2.398209810256958
5.0
1.0
1.06960928440094
-1.5652248859405518
-2.423551082611084
5.0
1.0
1.129794955253601
-0.6321966648101807
2.0358285903930664
4.0
1.0
1.103042483329773
-0.5555465817451477
3.9693870544433594
7.0
1.0
1.3464936017990112
0.2755950391292572
-2.270236015319824
4.0
2.0
1.3410321474075317
0.29840710759162903
-2.058002233505249
4.0
2.0
1.358567237854004
0.23346692323684692
-1.8832933902740479
4.0
2.0
1.339018702507019
0.3077031970024109
-1.5390735864639282
3.0
2.0
1.3869924545288086
0.4721357226371765
-2.523085832595825
5.0
2.0
1.3555824756622314
0.8713934421539307
-4.086068630218506
7.0
2.0
1.3807061910629272
0.8010879158973694
-2.101618766784668
4.0
2.0
1.3739957809448242
1.4462138414382935
-1.924521803855896
5.0
2.0
1.3848811388015747
1.4194883108139038
-0.3845059871673584
2.0
2.0
1.3422003984451294
2.1782121658325195
-4.296596527099609
7.0
2.0
1.4283369779586792
-2.4367148876190186
0.10705089569091797
3.0
2.0
1.351952314376831
-1.943705439567566
3.0418033599853516
6.0
2.0
1.3363375663757324
-1.5638937950134277
-3.0310819149017334
6.0
2.0
1.337870717048645
-0.6292058229446411
2.4159486293792725
4.0
2.0
2.4085934162139893
1.4637244939804077
-3.5
2.0
3.0
2.395003318786621
-1.5577688217163086
-5.366666793823242
2.0
3.0
2.4164040088653564
-1.9605746269226074
5.366666793823242
2.0
3.0
2.5778331756591797
0.22548183798789978
-4.0333333015441895
2.0
4.0
2.588449001312256
0.164211705327034
-3.5
2.0
4.0
2.583115816116333
0.3353428244590759
-2.9666666984558105
2.0
4.0
2.576535224914551
0.767737865447998
-4.0333333015441895
1.0
4.0
2.588831901550293
1.4080839157104492
-0.8333333134651184
1.0
4.0
2.5838003158569336
-2.4332504272460938
0.30000001192092896
1.0
4.0
2.5972089767456055
-1.960077166557312
6.0333333015441895
2.0
4.0
3.2282989025115967
0.35080718994140625
-3.5
2.0
5.0
3.2410261631011963
0.09802715480327606
-5.366666793823242
2.0
5.0
3.2272708415985107
0.7519581317901611
-4.699999809265137
1.0
5.0
3.2396578788757324
1.4771620035171509
-4.699999809265137
1.0
5.0
3.2260453701019287
-1.5518555641174316
-7.366666793823242
1.0
5.0
3.2342281341552734
-2.4298179149627686
0.30000001192092896
1.0
5.0
3.2408993244171143
-3.0439646244049072
7.366666793823242
5.0
5.0
3.242192268371582
-1.672414779663086
7.366666793823242
1.0
5.0
3.4205758571624756
1.3999130725860596
-0.8333333134651184
1.0
6.0
3.42044734954834
0.172403022646904
-5.366666793823242
3.0
6.0
3.430976629257202
0.11441531032323837
-4.699999809265137
2.0
6.0
3.419475555419922
0.5913296937942505
-6.0333333015441895
2.0
6.0
3.419646739959717
-0.5993130207061768
6.0333333015441895
1.0
6.0
