400
0.8970088362693787
0.09794900566339493
0.2240108698606491
3.0
0.0
0.8457532525062561
0.2662833034992218
0.43275198340415955
4.0
0.0
0.8544718027114868
0.22920270264148712
0.5254639983177185
2.0
0.0
0.8545992970466614
1.2758976221084595
-0.3508799970149994
4.0
0.0
0.820386528968811
1.6186305284500122
1.9281280040740967
4.0
0.0
0.859197199344635
1.7820019721984863
-0.7983706593513489
2.0
0.0
0.8922677040100098
1.6808204650878906
1.927640676498413
2.0
0.0
0.8695688843727112
2.2698984146118164
0.9330371022224426
3.0
0.0
0.8223142623901367
3.0484232902526855
0.8589624762535095
3.0
0.0
0.8501858115196228
-2.8948757648468018
-2.3244924545288086
6.0
0.0
0.8202493786811829
-1.6275389194488525
-1.6005425453186035
5.0
0.0
0.8193691968917847
-1.5562723875045776
1.2447680234909058
2.0
0.0
0.8330219984054565
-1.2356982231140137
-3.007202625274658
8.0
0.0
0.8247022032737732
-0.6452733874320984
0.03898666426539421
2.0
0.0
0.8195096850395203
-0.5019696354866028
0.17251598834991455
4.0
0.0
0.819911003112793
0.03572136163711548
-4.040078163146973
10.0
0.0
0.8830146789550781
-0.3885739743709564
0.8264735341072083
3.0
0.0
1.1553195714950562
0.09561606496572495
0.26413464546203613
4.0
1.0
1.0925769805908203
0.2678929567337036
0.535048246383667
3.0
1.0
1.1020612716674805
0.23315870761871338
0.6531453132629395
4.0
1.0
1.109559416770935
1.7797685861587524
-1.05568265914917
4.0
1.0
1.100420355796814
1.8095924854278564
1.9260162115097046
3.0
1.0
1.084206461906433
2.2677693367004395
1.1434026956558228
4.0
1.0
1.0842489004135132
3.052964687347412
1.106852650642395
4.0
1.0
1.0984828472137451
-2.8959569931030273
-3.032219171524048
6.0
1.0
1.0774385929107666
-1.62320077419281
-2.129591703414917
5.0
1.0
1.0679748058319092
-1.547770380973816
1.5996652841567993
4.0
1.0
1.0964604616165161
-1.3177924156188965
-3.8839454650878906
11.0
1.0
1.1336685419082642
-0.6416929364204407
0.021442651748657227
4.0
1.0
1.0907618999481201
-0.5101675391197205
0.1861613243818283
4.0
1.0
1.0701024532318115
-0.39179491996765137
0.9823389649391174
4.0
1.0
1.4191186428070068
0.09283527731895447
0.3055579662322998
2.0
2.0
1.3480217456817627
0.2697179913520813
0.6409620046615601
2.0
2.0
1.3575536012649536
0.23668019473552704
0.7852126359939575
2.0
2.0
1.3328107595443726
1.28339421749115
-0.5935282111167908
3.0
2.0
1.458266019821167
1.2855679988861084
-0.657043993473053
2.0
2.0
1.36744225025177
1.7779955863952637
-1.320629596710205
3.0
2.0
1.3492424488067627
1.835952639579773
1.8306612968444824
4.0
2.0
1.3341273069381714
1.9039359092712402
1.923417091369629
3.0
2.0
1.4426538944244385
1.937833309173584
1.922279953956604
4.0
2.0
1.4345903396606445
2.2651076316833496
1.4861929416656494
5.0
2.0
1.3594915866851807
3.0580124855041504
1.367576003074646
2.0
2.0
1.3550810813903809
-2.8968584537506104
-3.763500213623047
6.0
2.0
1.3490487337112427
-1.619083046913147
-2.689168930053711
5.0
2.0
1.3321298360824585
-1.5398112535476685
1.9805974960327148
3.0
2.0
1.4543689489364624
-1.53605318069458
2.1574671268463135
5.0
2.0
1.3400527238845825
-0.6396186351776123
0.009746670722961426
2.0
2.0
1.3342633247375488
-0.6101150512695312
0.1929839849472046
4.0
2.0
1.3592336177825928
-0.39693763852119446
1.2238126993179321
4.0
2.0
2.4087326526641846
-0.6312072277069092
-0.30000001192092896
1.0
3.0
2.396199941635132
-1.6049821376800537
-4.699999809265137
1.0
3.0
2.403045654296875
0.08286476135253906
0.30000001192092896
1.0
3.0
2.3951175212860107
2.1106789112091064
1.899999976158142
2.0
3.0
2.399625301361084
3.078165292739868
2.433333396911621
1.0
3.0
2.3997914791107178
-1.506287693977356
3.5
1.0
3.0
2.407907247543335
-0.41921094059944153
1.899999976158142
1.0
3.0
2.576159954071045
1.304455280303955
-1.3666666746139526
1.0
4.0
2.576141595840454
1.306473731994629
-1.3666666746139526
1.0
4.0
2.5810108184814453
1.7711081504821777
-2.433333396911621
2.0
4.0
2.57673978805542
-2.901489019393921
-7.366666793823242
1.0
4.0
2.576207160949707
0.2542300522327423
1.3666666746139526
1.0
4.0
2.576632261276245
0.28147751092910767
1.3666666746139526
1.0
4.0
2.5887036323547363
2.2576072216033936
2.433333396911621
2.0
4.0
2.579678773880005
-0.8378317952156067
0.30000001192092896
2.0
4.0
3.2282447814941406
1.5293067693710327
-1.3666666746139526
1.0
5.0
3.226506233215332
-1.5961825847625732
-6.699999809265137
1.0
5.0
3.2345173358917236
0.07482593506574631
0.8333333134651184
2.0
5.0
3.2423243522644043
2.2541770935058594
3.5
2.0
5.0
3.2291743755340576
3.0936672687530518
2.9666666984558105
1.0
5.0
3.2282447814941406
-0.4341886341571808
2.9666666984558105
1.0
5.0
3.239536762237549
-1.477561593055725
4.699999809265137
2.0
5.0
3.4241015911102295
1.3224096298217773
-1.899999976158142
1.0
6.0
3.419496536254883
1.3702648878097534
-1.899999976158142
5.0
6.0
3.419466972351074
1.7667657136917114
-3.5
1.0
6.0
3.4215123653411865
-0.6236308813095093
-0.30000001192092896
1.0
6.0
3.434631586074829
0.2903553545475006
1.3666666746139526
2.0
6.0
3.427642345428467
0.2654315233230591
1.899999976158142
2.0
6.0
3.42256498336792
2.2023990154266357
1.899999976158142
2.0
6.0
3.4343883991241455
2.2530970573425293
3.5
2.0
6.0
3.428189516067505
-0.9103959202766418
0.30000001192092896
2.0
6.0
