450
0.8839894533157349
0.13229335844516754
-0.8108325004577637
7.0
0.0
0.8435702323913574
0.8001702427864075
3.369778633117676
4.0
0.0
0.8261850476264954
1.4345781803131104
0.8066553473472595
6.0
0.0
0.8194156289100647
1.5415771007537842
2.1586365699768066
1.0
0.0
0.8729093670845032
1.2121098041534424
4.108067989349365
7.0
0.0
0.8223403096199036
2.000864028930664
1.7590233087539673
1.0
0.0
0.8881188631057739
2.2153799533843994
-2.105030059814453
9.0
0.0
0.8386983275413513
2.3958680629730225
3.180206060409546
6.0
0.0
0.8192618489265442
3.1228387355804443
-1.0691190958023071
7.0
0.0
0.8193171620368958
3.11832594871521
-0.6343559622764587
9.0
0.0
0.8197352290153503
3.099260091781616
-0.6278039813041687
4.0
0.0
0.8951930403709412
2.720513343811035
-0.06985112279653549
6.0
0.0
0.8200399875640869
3.090160608291626
0.3177413046360016
6.0
0.0
0.8504030108451843
-2.3721954822540283
-1.26600182056427
7.0
0.0
0.867093026638031
-2.434378147125244
1.2725460529327393
1.0
0.0
0.8478326797485352
-2.3610939979553223
1.797685146331787
3.0
0.0
0.8458647727966309
-0.781427264213562
1.486485242843628
2.0
0.0
0.852543830871582
-0.8102699518203735
2.4546103477478027
3.0
0.0
0.8338465094566345
-0.19378416240215302
1.9003499746322632
2.0
0.0
0.8191995620727539
-0.009098295122385025
3.760056495666504
5.0
0.0
1.1367778778076172
0.1363029181957245
-1.6152600049972534
8.0
1.0
1.0694471597671509
0.7925541400909424
3.732473373413086
4.0
1.0
1.0954269170761108
1.4349640607833862
0.41618266701698303
4.0
1.0
1.0742405652999878
1.538915753364563
2.206395387649536
2.0
1.0
1.0982533693313599
2.2099547386169434
-3.0804245471954346
8.0
1.0
1.1898210048675537
1.9951069355010986
1.6495357751846313
3.0
1.0
1.0688141584396362
2.3698184490203857
3.5018460750579834
4.0
1.0
1.0738041400909424
2.7200727462768555
-0.4843118488788605
5.0
1.0
1.073769211769104
3.113020181655884
-2.030467987060547
8.0
1.0
1.0715960264205933
3.129542589187622
-1.4580111503601074
7.0
1.0
1.0756065845489502
3.100571393966675
-1.4521631002426147
7.0
1.0
1.0777429342269897
3.087380886077881
-0.2137444019317627
5.0
1.0
1.0721137523651123
-2.372396230697632
-2.121877908706665
7.0
1.0
1.08174729347229
-2.4324188232421875
1.0902832746505737
2.0
1.0
1.0703455209732056
-2.357511281967163
1.7431037425994873
3.0
1.0
1.0696035623550415
-0.7797711491584778
1.349219799041748
3.0
1.0
1.0679327249526978
-0.7618704438209534
1.3537356853485107
10.0
1.0
1.0733095407485962
-0.8106597661972046
2.570552110671997
4.0
1.0
1.1133744716644287
-0.19518141448497772
1.8649370670318604
3.0
1.0
1.071397066116333
-0.010411928407847881
4.296123027801514
5.0
1.0
1.3950520753860474
0.14014992117881775
-2.436903953552246
8.0
2.0
1.3888908624649048
0.7819880247116089
4.245830059051514
5.0
2.0
1.3776646852493286
1.4368839263916016
0.006822665687650442
4.0
2.0
1.3453372716903687
1.53681218624115
2.257077932357788
2.0
2.0
1.3365429639816284
2.2049481868743896
-4.188238143920898
9.0
2.0
1.4113191366195679
1.9922903776168823
1.5835833549499512
1.0
2.0
1.3942291736602783
2.341032028198242
3.958888292312622
5.0
2.0
1.3676316738128662
2.719945192337036
-1.1653326749801636
6.0
2.0
1.3464100360870361
3.1033554077148438
-3.053499221801758
5.0
2.0
1.3468291759490967
3.1017212867736816
-2.3277413845062256
8.0
2.0
1.3378639221191406
3.1407384872436523
-2.326669216156006
5.0
2.0
1.3515836000442505
3.0841400623321533
-0.7783899903297424
6.0
2.0
1.3950679302215576
-2.3731579780578613
-3.369074821472168
9.0
2.0
1.4242056608200073
-2.4295287132263184
0.7988579869270325
1.0
2.0
1.385812520980835
-2.3525843620300293
1.665942668914795
2.0
2.0
1.3839563131332397
-0.7774620652198792
1.157047986984253
2.0
2.0
1.3996707201004028
-0.8120402693748474
2.742093324661255
4.0
2.0
1.4060832262039185
-0.1966705173254013
1.8277373313903809
2.0
2.0
2.414372205734253
1.443379521369934
-1.3666666746139526
2.0
3.0
2.407907247543335
2.722381830215454
-3.5
1.0
3.0
2.400484323501587
3.072760581970215
-2.9666666984558105
1.0
3.0
2.39876127243042
-3.0841147899627686
-6.0333333015441895
2.0
3.0
2.3969457149505615
1.528479814529419
2.433333396911621
2.0
3.0
2.410163402557373
1.9814239740371704
1.3666666746139526
1.0
3.0
2.39513897895813
-0.016826540231704712
7.366666793823242
1.0
3.0
2.3954830169677734
-1.0233169794082642
7.366666793823242
2.0
3.0
2.5815858840942383
-2.4212002754211426
-0.30000001192092896
1.0
4.0
2.59069561958313
0.15572166442871094
-6.0333333015441895
1.0
4.0
2.596228837966919
1.184495449066162
2.9666666984558105
2.0
4.0
2.5762646198272705
1.3190892934799194
2.9666666984558105
2.0
4.0
2.576711893081665
-2.335003137588501
1.3666666746139526
2.0
4.0
2.576409101486206
-0.7707648873329163
0.30000001192092896
1.0
4.0
2.5776052474975586
-0.8191956281661987
3.5
1.0
4.0
2.580467700958252
-0.20383168756961823
1.899999976158142
1.0
4.0
2.5781795978546143
0.7455533146858215
6.0333333015441895
1.0
4.0
2.5905582904815674
2.2506158351898193
5.366666793823242
2.0
4.0
3.2314345836639404
-2.4169788360595703
-0.8333333134651184
1.0
5.0
3.2263784408569336
2.725118637084961
-5.366666793823242
1.0
5.0
3.2350096702575684
3.064763069152832
-4.699999809265137
1.0
5.0
3.232940435409546
1.1100881099700928
2.9666666984558105
3.0
5.0
3.229300022125244
1.5220668315887451
2.433333396911621
1.0
5.0
3.2256052494049072
1.9727650880813599
0.8333333134651184
1.0
5.0
3.2269399166107178
-2.3259754180908203
1.3666666746139526
1.0
5.0
3.2259509563446045
-0.7680690884590149
0.30000001192092896
1.0
5.0
3.22778058052063
-0.8232660293579102
3.5
2.0
5.0
3.231355667114258
0.7250152826309204
7.366666793823242
2.0
5.0
3.4298360347747803
1.452225685119629
-2.9666666984558105
1.0
6.0
3.4195151329040527
1.369124412536621
2.9666666984558105
2.0
6.0
3.419752359390259
-0.20927481353282928
1.3666666746139526
2.0
6.0
3.420109272003174
2.1792314052581787
6.699999809265137
3.0
6.0
