290
0.8747956156730652
1.7298954725265503
-0.29256242513656616
3.0
0.0
0.8482704162597656
1.8257684707641602
2.4332761764526367
9.0
0.0
0.8241692781448364
2.5020272731781006
-3.788377523422241
7.0
0.0
0.8231276273727417
2.5141611099243164
-0.051657337695360184
4.0
0.0
0.8445415496826172
2.8899290561676025
-1.2359960079193115
2.0
0.0
0.8252775073051453
-2.745522975921631
-3.4075818061828613
7.0
0.0
0.8207482099533081
-2.0389301776885986
-3.7763333320617676
8.0
0.0
0.8208038210868835
-0.9906430840492249
-0.22319866716861725
4.0
0.0
0.8699703216552734
-1.3965866565704346
0.16845488548278809
3.0
0.0
0.9065890908241272
-1.4959405660629272
3.5017242431640625
8.0
0.0
0.81929612159729
-0.5139951109886169
-0.38596799969673157
4.0
0.0
0.819298505783081
-0.5138128995895386
0.1967201977968216
3.0
0.0
0.8588504791259766
-0.8347130417823792
1.6692147254943848
7.0
0.0
0.836823046207428
-0.21166746318340302
0.36355066299438477
4.0
0.0
1.126121163368225
1.7333078384399414
-0.07001356035470963
3.0
1.0
1.0954385995864868
1.827618956565857
3.450946807861328
9.0
1.0
1.0943814516067505
1.8316419124603271
3.493561267852783
4.0
1.0
1.1324423551559448
2.5028719902038574
0.32943734526634216
4.0
1.0
1.136098861694336
2.8867969512939453
-1.293663740158081
3.0
1.0
1.0693570375442505
-2.7408440113067627
-4.0952582359313965
7.0
1.0
1.1145164966583252
-1.3766100406646729
0.5126308798789978
3.0
1.0
1.1232813596725464
-1.0081700086593628
0.09844132512807846
4.0
1.0
1.0765069723129272
-0.8321276307106018
2.3667280673980713
8.0
1.0
1.091054916381836
-0.5113698840141296
-0.1588706523180008
2.0
1.0
1.0946933031082153
-0.5257470607757568
0.6234180331230164
3.0
1.0
1.1207833290100098
-0.2160784751176834
0.8498655557632446
3.0
1.0
1.3835618495941162
1.7367405891418457
0.1588706523180008
4.0
2.0
1.351057529449463
1.8293691873550415
4.502581596374512
8.0
2.0
1.3415132761001587
2.4953806400299072
0.5858933329582214
2.0
2.0
1.4405171871185303
2.883733034133911
-1.3539307117462158
4.0
2.0
1.3649420738220215
-1.3565058708190918
0.8568506836891174
4.0
2.0
1.357587218284607
-1.0200639963150024
0.3419455587863922
3.0
2.0
1.4078123569488525
-0.8283820748329163
3.427933692932129
6.0
2.0
1.4050233364105225
-0.5087299346923828
0.10428933054208755
4.0
2.0
1.4207794666290283
-0.5384812951087952
1.130049705505371
5.0
2.0
1.4191510677337646
-0.22138284146785736
1.3620203733444214
5.0
2.0
2.395393133163452
-1.0694503784179688
1.3666666746139526
1.0
3.0
2.3950765132904053
-0.5387971997261047
0.8333333134651184
4.0
3.0
2.394859552383423
-0.5306556224822998
0.8333333134651184
3.0
3.0
2.395336627960205
-0.5024310946464539
0.8333333134651184
5.0
3.0
2.3957910537719727
-0.5523614883422852
1.3666666746139526
5.0
3.0
2.3981175422668457
-0.5762059688568115
2.433333396911621
1.0
3.0
2.394803285598755
0.5252273082733154
5.366666793823242
1.0
3.0
2.576188802719116
2.8732330799102783
-1.3666666746139526
1.0
4.0
2.5848336219787598
1.7505254745483398
1.3666666746139526
1.0
4.0
2.5878236293792725
2.451282262802124
1.899999976158142
1.0
4.0
2.582282543182373
-1.2399721145629883
2.433333396911621
3.0
4.0
2.57673978805542
-0.2401036024093628
3.5
1.0
4.0
2.577434778213501
-0.817179262638092
7.366666793823242
1.0
4.0
3.2335715293884277
2.427011251449585
2.9666666984558105
2.0
5.0
3.2320001125335693
-1.1145024299621582
2.433333396911621
2.0
5.0
3.225571393966675
-1.1700365543365479
3.5
2.0
5.0
3.2424569129943848
-0.4951153099536896
1.899999976158142
1.0
5.0
3.4300389289855957
2.866708517074585
-1.899999976158142
1.0
6.0
3.4195468425750732
1.7603027820587158
1.899999976158142
2.0
6.0
3.4351236820220947
-0.49353572726249695
1.899999976158142
2.0
6.0
3.4210479259490967
-0.6194533705711365
4.0333333015441895
2.0
6.0
3.4253222942352295
-0.25482991337776184
4.699999809265137
2.0
6.0
