290
0.8412725329399109
2.3823437690734863
2.5237679481506348
4.0
0.0
0.8193855881690979
2.590414524078369
2.6763033866882324
2.0
0.0
0.8203643560409546
2.558560609817505
3.848621129989624
3.0
0.0
0.8193622827529907
3.115379810333252
-3.886836290359497
8.0
0.0
0.8523620963096619
2.8556621074676514
-3.7438769340515137
5.0
0.0
0.8513545989990234
-2.376178503036499
3.1914145946502686
4.0
0.0
0.8364590406417847
-1.256767749786377
4.275362491607666
4.0
0.0
0.8197758793830872
-0.4920271337032318
-1.1283928155899048
10.0
0.0
0.819332480430603
0.012215744704008102
-1.3093667030334473
9.0
0.0
0.8338465094566345
-0.19378416240215302
2.8497939109802246
2.0
0.0
0.8543021082878113
-0.29372572898864746
3.6465401649475098
3.0
0.0
0.8468782305717468
-0.26243939995765686
3.8621039390563965
4.0
0.0
1.0689531564712524
2.3683571815490723
2.319943904876709
4.0
1.0
1.1016381978988647
2.5907938480377197
2.4741036891937256
3.0
1.0
1.1127647161483765
2.555508852005005
4.057037353515625
2.0
1.0
1.0728431940078735
-2.378004312515259
3.172083854675293
3.0
1.0
1.085943341255188
-0.4892634153366089
-2.5537612438201904
11.0
1.0
1.0686352252960205
0.015541071072220802
-2.685784101486206
11.0
1.0
1.1142518520355225
-0.19774459302425385
2.7068428993225098
3.0
1.0
1.1464751958847046
-0.27835655212402344
3.7802319526672363
4.0
1.0
1.1396291255950928
-0.26302337646484375
4.069707870483398
4.0
1.0
1.3518908023834229
0.8839441537857056
0.3536415100097656
6.0
2.0
1.4092999696731567
1.0536860227584839
0.44932129979133606
4.0
2.0
1.4448072910308838
1.3061028718948364
-2.462245225906372
4.0
2.0
1.3916749954223633
2.346590995788574
2.026569366455078
4.0
2.0
1.4283932447433472
2.5897364616394043
2.2395339012145996
2.0
2.0
1.4517368078231812
2.5520029067993164
4.298267364501953
2.0
2.0
1.3740234375
3.0169384479522705
2.3745949268341064
7.0
2.0
1.4355977773666382
-3.0772688388824463
2.436903953552246
4.0
2.0
1.3989403247833252
-2.3813233375549316
3.143656015396118
2.0
2.0
1.3943642377853394
-0.4866921603679657
-4.1987762451171875
13.0
2.0
1.3334589004516602
0.02286679297685623
-4.139883995056152
12.0
2.0
1.4083752632141113
-0.2011595219373703
2.5569067001342773
4.0
2.0
1.4426538944244385
-0.2612815797328949
3.9166853427886963
4.0
2.0
1.4437882900238037
-0.2630835771560669
4.285921573638916
3.0
2.0
2.3991434574127197
-1.1073803901672363
-4.699999809265137
3.0
3.0
2.407238721847534
1.6724987030029297
0.8333333134651184
4.0
3.0
2.5762779712677
1.2984000444412231
-3.5
1.0
4.0
2.5786149501800537
-0.2179245501756668
-0.30000001192092896
3.0
4.0
2.594491958618164
1.7135632038116455
1.3666666746139526
3.0
4.0
2.587094783782959
2.2641079425811768
0.8333333134651184
3.0
4.0
2.583211660385132
2.4302399158477783
1.3666666746139526
1.0
4.0
2.579885959625244
-2.41013765335083
2.9666666984558105
3.0
4.0
2.577880620956421
-2.3930160999298096
2.9666666984558105
1.0
4.0
2.5792176723480225
-0.21288909018039703
1.899999976158142
1.0
4.0
2.589881420135498
-0.6823152303695679
7.366666793823242
1.0
4.0
2.583115816116333
-0.18825595080852509
4.699999809265137
2.0
4.0
3.2343239784240723
-0.318674772977829
-0.8333333134651184
2.0
5.0
3.2272708415985107
2.389634609222412
0.8333333134651184
1.0
5.0
3.2284646034240723
-2.3992934226989746
2.9666666984558105
1.0
5.0
3.2305972576141357
-2.299828290939331
2.9666666984558105
2.0
5.0
3.2320828437805176
-1.2420934438705444
7.366666793823242
1.0
5.0
3.425708293914795
1.3140722513198853
-4.0333333015441895
1.0
6.0
3.42586612701416
-0.13521742820739746
-6.699999809265137
1.0
6.0
3.4255523681640625
1.8267627954483032
1.3666666746139526
3.0
6.0
3.4218392372131348
2.197084903717041
0.30000001192092896
2.0
6.0
3.4205105304718018
-0.22105596959590912
1.3666666746139526
1.0
6.0
3.42643404006958
-0.13256657123565674
4.699999809265137
2.0
6.0
