700
0.8949523568153381
0.10313018411397934
-1.6758981943130493
7.0
0.0
0.899705708026886
0.09127935022115707
-1.306854248046875
5.0
0.0
0.8388908505439758
0.30042970180511475
-0.7184480428695679
8.0
0.0
0.8198716640472412
0.5581554174423218
3.032381534576416
3.0
0.0
0.854854941368103
0.7512941956520081
1.6220827102661133
4.0
0.0
0.8348569273948669
1.3707444667816162
-0.4695185720920563
9.0
0.0
0.8192579746246338
2.624267101287842
-3.781339645385742
11.0
0.0
0.8533340096473694
2.328127861022949
3.692512035369873
4.0
0.0
0.8686909079551697
2.7963476181030273
-2.6527163982391357
5.0
0.0
0.8459764719009399
2.883251190185547
-2.5725014209747314
4.0
0.0
0.8672890067100525
2.8009588718414307
-2.1985979080200195
9.0
0.0
0.8203466534614563
-3.094667434692383
-1.6940455436706543
3.0
0.0
0.821960985660553
3.0534911155700684
2.934102773666382
2.0
0.0
0.8419917821884155
-2.8572707176208496
-1.6747146844863892
6.0
0.0
0.8538374900817871
-2.90987491607666
-0.6609426736831665
8.0
0.0
0.8634397387504578
-2.9455583095550537
-0.3440573215484619
6.0
0.0
0.8209275603294373
-2.559079170227051
2.523930549621582
3.0
0.0
0.8428975939750671
-2.8617522716522217
3.4596104621887207
3.0
0.0
0.8193637728691101
-2.120699167251587
1.7557744979858398
3.0
0.0
0.9129210114479065
-2.5575499534606934
2.5276665687561035
4.0
0.0
0.8215831518173218
-1.6531010866165161
-2.473453998565674
9.0
0.0
0.8930091857910156
-1.9862900972366333
-2.3385438919067383
12.0
0.0
0.850385844707489
-1.3249255418777466
0.31432998180389404
6.0
0.0
0.8286880254745483
-1.20475172996521
0.6362835764884949
5.0
0.0
0.8233045339584351
-0.6295978426933289
-0.646809995174408
10.0
0.0
0.8197907209396362
-0.5677517056465149
3.0801401138305664
3.0
0.0
0.8203326463699341
-0.058706093579530716
-1.1026755571365356
7.0
0.0
0.9113841652870178
-0.4597143232822418
0.37787824869155884
5.0
0.0
0.8194369077682495
-0.03031240403652191
1.9749120473861694
2.0
0.0
0.8553258776664734
-0.2977437674999237
2.3561689853668213
3.0
0.0
1.089220404624939
0.2816777527332306
-1.6963006258010864
17.0
1.0
1.086916446685791
0.29172635078430176
-1.6764551401138306
7.0
1.0
1.0867201089859009
0.2926073968410492
-1.6713919639587402
11.0
1.0
1.0864678621292114
0.29374590516090393
-1.6639933586120605
8.0
1.0
1.0736531019210815
0.7576530575752258
1.3997399806976318
4.0
1.0
1.1288238763809204
0.5483315587043762
3.2372241020202637
4.0
1.0
1.116342306137085
1.36704421043396
-1.4752767086029053
10.0
1.0
1.0740151405334473
2.3258848190307617
4.002163410186768
5.0
1.0
1.1745911836624146
2.8072118759155273
-3.8541736602783203
11.0
1.0
1.0834518671035767
3.056821823120117
3.0759167671203613
1.0
1.0
1.101306438446045
-2.905857563018799
-1.5951710939407349
9.0
1.0
1.101842999458313
-2.9076919555664062
-1.5755693912506104
9.0
1.0
1.1103192567825317
-2.934943437576294
-1.1541240215301514
8.0
1.0
1.0875520706176758
-2.8526909351348877
3.732473373413086
4.0
1.0
1.0777289867401123
-2.4103240966796875
-0.06335332989692688
8.0
1.0
1.1147375106811523
-2.555347204208374
2.5359513759613037
2.0
1.0
1.0730953216552734
-1.9871833324432373
-3.3070101737976074
10.0
1.0
1.0833688974380493
-1.6551607847213745
-4.045341491699219
12.0
1.0
1.0966206789016724
-1.318385362625122
-0.308590292930603
9.0
1.0
1.0746221542358398
-1.2125946283340454
0.08771999180316925
6.0
1.0
1.0876206159591675
-1.2821968793869019
0.4524889886379242
8.0
1.0
1.124161720275879
-0.6177911758422852
-1.7787951231002808
7.0
1.0
1.0793170928955078
-0.45593199133872986
-0.011403600685298443
5.0
1.0
1.109559416770935
-0.5764258503913879
3.288881301879883
4.0
1.0
1.074480652809143
-0.03353352099657059
1.8145793676376343
2.0
1.0
1.1570664644241333
-0.30065110325813293
2.3087353706359863
2.0
1.0
1.3820827007293701
0.16945670545101166
-1.6461244821548462
6.0
2.0
1.4004042148590088
0.12892580032348633
-1.5714000463485718
6.0
2.0
1.402029275894165
0.4397648274898529
-1.9339760541915894
4.0
2.0
1.4210737943649292
0.40346813201904297
-1.8199399709701538
4.0
2.0
1.3604271411895752
0.5418545007705688
3.391221284866333
4.0
2.0
1.3956222534179688
0.7672508955001831
1.07615065574646
4.0
2.0
1.3425447940826416
0.9200873374938965
3.7214272022247314
6.0
2.0
1.4342092275619507
1.0091042518615723
3.784130573272705
4.0
2.0
1.4117358922958374
1.3631786108016968
-2.5343270301818848
9.0
2.0
1.4035199880599976
2.3217086791992188
4.464447975158691
4.0
2.0
1.3589766025543213
3.0596163272857666
3.2250406742095947
2.0
2.0
1.3574531078338623
-2.9045908451080322
-2.502206563949585
2.0
2.0
1.3432649374008179
-2.852890968322754
-2.3062987327575684
4.0
2.0
1.3428776264190674
-2.851248264312744
-2.279982566833496
2.0
2.0
1.3647582530975342
-2.926771879196167
-1.9885573387145996
6.0
2.0
1.3414636850357056
-2.845107316970825
4.013989448547363
3.0
2.0
1.3468571901321411
-2.5532543659210205
2.5453732013702393
3.0
2.0
1.4137698411941528
-2.4105727672576904
-0.858702540397644
5.0
2.0
1.4090838432312012
-2.4016480445861816
-0.8362852334976196
5.0
2.0
1.4234323501586914
-2.1140053272247314
1.2205637693405151
3.0
2.0
1.3505451679229736
-1.310388445854187
-0.9493465423583984
5.0
2.0
1.404270052909851
-1.4497058391571045
0.971373975276947
7.0
2.0
1.4569114446640015
-1.2256977558135986
-0.7746862769126892
5.0
2.0
1.3342828750610352
-0.610226035118103
-2.561455249786377
6.0
2.0
1.380484700202942
-0.45501208305358887
-3.095410108566284
11.0
2.0
1.37794029712677
-0.44875845313072205
-0.7089937329292297
5.0
2.0
1.3353606462478638
-0.3020538091659546
2.280794858932495
3.0
2.0
1.4487987756729126
-0.5850813984870911
3.533154010772705
2.0
2.0
1.3458293676376343
-0.03594797104597092
1.6445000171661377
4.0
2.0
2.4095828533172607
-0.11082679033279419
-1.3666666746139526
3.0
3.0
2.399301290512085
-0.06126447394490242
-1.3666666746139526
3.0
3.0
2.395003318786621
0.5366262793540955
-2.433333396911621
2.0
3.0
2.4059536457061768
0.6199257373809814
-2.433333396911621
2.0
3.0
2.4069762229919434
-0.42297104001045227
-2.9666666984558105
2.0
3.0
2.403045654296875
-0.9643327593803406
-5.366666793823242
3.0
3.0
2.3972294330596924
-0.5686242580413818
-6.699999809265137
1.0
3.0
2.397001028060913
-0.042858321219682693
0.8333333134651184
1.0
3.0
2.3948793411254883
0.5154563188552856
4.0333333015441895
1.0
3.0
2.4013173580169678
3.067899703979492
4.0333333015441895
2.0
3.0
2.401033401489258
-2.5459208488464355
2.433333396911621
1.0
3.0
2.3949272632598877
-2.104708671569824
0.30000001192092896
1.0
3.0
2.3971712589263916
-1.615280032157898
2.433333396911621
2.0
3.0
2.4034817218780518
-0.6086196303367615
4.0333333015441895
1.0
3.0
2.576512575149536
0.8025539517402649
-0.30000001192092896
2.0
4.0
2.581418514251709
-2.4201953411102295
-3.5
1.0
4.0
2.5768890380859375
-2.331976890563965
-3.5
2.0
4.0
2.5776944160461426
-1.2741913795471191
-4.0333333015441895
1.0
4.0
2.5789082050323486
-1.2626041173934937
-3.5
2.0
4.0
2.5783920288085938
1.350856900215149
-6.699999809265137
1.0
4.0
2.579346179962158
-2.829876184463501
-7.366666793823242
3.0
4.0
2.576159954071045
-2.8843350410461426
-6.0333333015441895
1.0
4.0
2.579092025756836
-0.3097027838230133
1.899999976158142
1.0
4.0
2.582104444503784
-0.3298196494579315
2.433333396911621
3.0
4.0
2.5792176723480225
2.307284116744995
6.0333333015441895
1.0
4.0
2.5819289684295654
-2.8127777576446533
5.366666793823242
1.0
4.0
3.2318358421325684
0.7226061820983887
-4.0333333015441895
4.0
5.0
3.232250213623047
0.8501971364021301
-4.0333333015441895
3.0
5.0
3.2276833057403564
0.8224610686302185
-0.8333333134651184
2.0
5.0
3.241410255432129
0.49192363023757935
-7.366666793823242
1.0
5.0
3.22778058052063
0.8232660293579102
-6.0333333015441895
6.0
5.0
3.2331180572509766
-2.4250059127807617
-5.366666793823242
1.0
5.0
3.2360334396362305
-2.2753593921661377
-5.366666793823242
3.0
5.0
3.2270195484161377
-1.1470729112625122
-6.699999809265137
3.0
5.0
3.2338497638702393
-1.2501170635223389
-6.0333333015441895
1.0
5.0
3.2291743755340576
-0.047925326973199844
0.30000001192092896
1.0
5.0
3.232940435409546
3.0735836029052734
4.0333333015441895
1.0
5.0
3.234811305999756
-1.6468244791030884
3.5
1.0
5.0
3.2357208728790283
-0.31306543946266174
1.899999976158142
2.0
5.0
3.2263176441192627
-0.3697296977043152
2.433333396911621
1.0
5.0
3.241410255432129
0.49192363023757935
4.699999809265137
1.0
5.0
3.2254984378814697
-2.753326892852783
7.366666793823242
1.0
5.0
3.2254676818847656
-2.7480874061584473
7.366666793823242
2.0
5.0
3.4275529384613037
0.6577522158622742
-4.0333333015441895
3.0
6.0
3.432741641998291
0.677021861076355
-3.5
2.0
6.0
3.4194729328155518
0.5871477723121643
-2.433333396911621
1.0
6.0
3.4265172481536865
-2.0956833362579346
-0.30000001192092896
1.0
6.0
3.4352478981018066
0.4931590259075165
-7.366666793823242
1.0
6.0
3.4217910766601562
0.6259090304374695
-5.366666793823242
1.0
6.0
3.4301412105560303
0.9028352499008179
-4.699999809265137
2.0
6.0
3.4332022666931152
-2.2493269443511963
-6.0333333015441895
2.0
6.0
3.4319541454315186
-1.2891148328781128
-5.366666793823242
1.0
6.0
3.419769287109375
-2.539238691329956
2.433333396911621
1.0
6.0
3.4235763549804688
-0.6380521059036255
4.699999809265137
1.0
6.0
3.4226765632629395
-0.6323615908622742
4.699999809265137
2.0
6.0
