390
0.8757724165916443
0.1561337411403656
-2.797858238220215
7.0
0.0
0.8194261193275452
1.0174317359924316
-1.2408692836761475
4.0
0.0
0.89804607629776
0.6189661026000977
-1.182876706123352
6.0
0.0
0.9029189944267273
1.1307064294815063
-0.9770270586013794
5.0
0.0
0.8334863781929016
1.3793004751205444
-0.3627384603023529
3.0
0.0
0.8328598737716675
1.3833537101745605
0.3094566762447357
2.0
0.0
0.8292503952980042
2.4560604095458984
1.9968420267105103
6.0
0.0
0.8293200731277466
2.979125499725342
0.9699119925498962
2.0
0.0
0.8273957371711731
2.9946367740631104
1.5236413478851318
4.0
0.0
0.8254218101501465
-2.7469468116760254
2.2568342685699463
4.0
0.0
0.8429176807403564
-2.338251829147339
2.4751248359680176
7.0
0.0
0.8238583207130432
-1.1596894264221191
0.3962019979953766
2.0
0.0
0.8198066353797913
-1.0146429538726807
1.816041350364685
4.0
0.0
0.82176274061203
-0.6087120175361633
-1.4284926652908325
4.0
0.0
0.8437487483024597
-0.771485447883606
0.2915877401828766
3.0
0.0
1.1227588653564453
0.17131401598453522
-3.627859115600586
6.0
1.0
1.1063363552093506
0.6117740869522095
-1.4855107069015503
4.0
1.0
1.1012555360794067
1.0213079452514648
-1.712239384651184
3.0
1.0
1.077201247215271
1.127117395401001
-1.1913237571716309
3.0
1.0
1.1105737686157227
1.3839728832244873
-0.5269259810447693
2.0
1.0
1.1127647161483765
1.3774114847183228
0.36891135573387146
1.0
1.0
1.154590368270874
2.453312397003174
2.7271809577941895
5.0
1.0
1.1005715131759644
2.9871644973754883
1.2428185939788818
2.0
1.0
1.0976240634918213
2.9976279735565186
1.9773486852645874
4.0
1.0
1.0703301429748535
-2.7500715255737305
2.886831283569336
6.0
1.0
1.0680991411209106
-2.334632158279419
3.101501703262329
8.0
1.0
1.068485975265503
-1.1609232425689697
0.4756373167037964
4.0
1.0
1.0683733224868774
-0.7669706344604492
0.3343106508255005
2.0
1.0
1.1264622211456299
-1.016463041305542
2.4500620365142822
6.0
1.0
1.1221723556518555
-0.612519383430481
-2.0015203952789307
5.0
1.0
1.1698877811431885
-0.7183706164360046
4.466397285461426
2.0
1.0
1.3771830797195435
0.181451678276062
-4.478858947753906
7.0
2.0
1.3429805040359497
0.6040655374526978
-1.8285495042800903
3.0
2.0
1.4250704050064087
1.0247046947479248
-2.2539591789245605
5.0
2.0
1.3786699771881104
1.1202285289764404
-1.5597039461135864
4.0
2.0
1.3990862369537354
1.3882851600646973
-0.6979799866676331
4.0
2.0
1.407608151435852
1.3711315393447876
0.43177732825279236
2.0
2.0
1.3526030778884888
2.4522557258605957
3.1724085807800293
3.0
2.0
1.3829072713851929
2.9949262142181396
1.5294893980026245
2.0
2.0
1.3804497718811035
3.0008246898651123
2.4524986743927
4.0
2.0
1.4300651550292969
-2.753830909729004
3.8106555938720703
7.0
2.0
1.3764201402664185
-2.329901933670044
3.960545301437378
8.0
2.0
1.4184168577194214
-1.16252601146698
0.5889797806739807
3.0
2.0
1.364318609237671
-1.0405431985855103
2.6993703842163086
3.0
2.0
1.356932282447815
-1.0179622173309326
2.927962303161621
5.0
2.0
1.3353402614593506
-0.6161022782325745
-2.4086387157440186
4.0
2.0
1.3776646852493286
-0.7622309327125549
0.39376530051231384
4.0
2.0
1.4516630172729492
-0.9036364555358887
3.0341033935546875
10.0
2.0
1.4204201698303223
-0.851994514465332
4.260742664337158
6.0
2.0
1.3571187257766724
-0.7044036984443665
4.357072353363037
3.0
2.0
1.3388340473175049
-0.6338930726051331
4.476956367492676
3.0
2.0
2.397347927093506
0.5697076916694641
-3.5
1.0
3.0
2.3950204849243164
1.0336272716522217
-4.0333333015441895
1.0
3.0
2.3978497982025146
1.0976390838623047
-2.9666666984558105
1.0
3.0
2.409871816635132
-0.6354978680610657
-4.699999809265137
1.0
3.0
2.4118173122406006
3.0227301120758057
2.433333396911621
2.0
3.0
2.4145376682281494
3.013641834259033
4.0333333015441895
1.0
3.0
2.4121270179748535
-1.1671303510665894
0.8333333134651184
2.0
3.0
2.585484743118286
1.3940739631652832
-1.3666666746139526
1.0
4.0
2.587947368621826
1.4045848846435547
-1.3666666746139526
2.0
4.0
2.5780773162841797
1.3478341102600098
0.8333333134651184
1.0
4.0
2.578672170639038
-0.7410196661949158
0.8333333134651184
2.0
4.0
2.5863890647888184
2.4452779293060303
6.0333333015441895
1.0
4.0
2.594031810760498
-2.762253522872925
6.699999809265137
2.0
4.0
2.5783920288085938
-2.3143343925476074
7.366666793823242
5.0
4.0
3.2411537170410156
1.0796709060668945
-4.0333333015441895
1.0
5.0
3.241668939590454
3.041569948196411
3.5
1.0
5.0
3.2255611419677734
-1.170439600944519
1.3666666746139526
1.0
5.0
3.230380058288574
-0.7302373647689819
0.8333333134651184
1.0
5.0
3.434509754180908
1.0753766298294067
-4.0333333015441895
1.0
6.0
3.4224555492401123
1.4162417650222778
-1.899999976158142
2.0
6.0
3.422964334487915
0.5438385009765625
-4.699999809265137
1.0
6.0
3.426025867462158
1.0436372756958008
-5.366666793823242
1.0
6.0
3.42586612701416
-0.6501807570457458
-6.699999809265137
1.0
6.0
3.4225099086761475
1.3322722911834717
0.8333333134651184
1.0
6.0
3.421696186065674
2.123744010925293
7.366666793823242
5.0
6.0
3.430659770965576
3.0260443687438965
6.0333333015441895
1.0
6.0
3.423640251159668
-1.0311304330825806
7.366666793823242
2.0
6.0
