430
0.8194620609283447
0.5430419445037842
4.330918788909912
4.0
0.0
0.8989661931991577
0.6166931390762329
-0.7450076937675476
4.0
0.0
0.8251233696937561
0.9212083220481873
0.4225179851055145
5.0
0.0
0.8230406641960144
0.9444481730461121
2.6577847003936768
6.0
0.0
0.8292503952980042
0.8852640390396118
3.0734798908233643
4.0
0.0
0.8941125869750977
1.1524680852890015
2.2460317611694336
3.0
0.0
0.9042043685913086
1.1276496648788452
4.2446608543396
1.0
0.0
0.8678508996963501
1.7519038915634155
1.8104021549224854
7.0
0.0
0.8417508006095886
2.37992525100708
0.3429202139377594
6.0
0.0
0.8353598117828369
-2.8210861682891846
-0.5321242213249207
3.0
0.0
0.8192165493965149
-2.6311755180358887
3.6439411640167236
3.0
0.0
0.8192071318626404
-2.0951809883117676
1.3203046321868896
8.0
0.0
0.8335139155387878
-2.286067008972168
1.3500319719314575
4.0
0.0
0.8196312189102173
-1.5442497730255127
4.41522741317749
1.0
0.0
0.89713054895401
-1.4731513261795044
3.6315953731536865
1.0
0.0
0.8891605138778687
-0.9290010333061218
3.217893123626709
3.0
0.0
1.1214383840560913
0.5675487518310547
-0.7757096886634827
4.0
1.0
1.132137417793274
0.5401206016540527
4.4113287925720215
2.0
1.0
1.1355266571044922
0.9246571063995361
-0.9694246649742126
10.0
1.0
1.1300500631332397
0.9379645586013794
2.110098361968994
5.0
1.0
1.075918197631836
1.1350740194320679
2.3435795307159424
4.0
1.0
1.1598920822143555
0.8717597126960754
2.707979917526245
4.0
1.0
1.0765069723129272
1.131367802619934
4.268052577972412
2.0
1.0
1.1238335371017456
1.739266276359558
1.1275991201400757
7.0
1.0
1.0675767660140991
2.384101152420044
-0.6685775518417358
9.0
1.0
1.190755844116211
2.386234998703003
-1.218451976776123
6.0
1.0
1.1458115577697754
-2.633098602294922
3.4560365676879883
2.0
1.0
1.0931497812271118
-2.090564489364624
0.37622132897377014
8.0
1.0
1.147475004196167
-2.2440273761749268
1.21260404586792
4.0
1.0
1.0678354501724243
-1.5460975170135498
4.5053839683532715
4.0
1.0
1.1524981260299683
-1.4693292379379272
3.491774559020996
3.0
1.0
1.0971355438232422
-0.9275804162025452
3.006227970123291
4.0
1.0
1.365384817123413
0.5271777510643005
-0.8071426749229431
4.0
2.0
1.3615858554840088
0.5383351445198059
4.4702959060668945
2.0
2.0
1.341003656387329
0.9268537759780884
-1.8972094058990479
9.0
2.0
1.3394378423690796
0.9340391755104065
1.7353065013885498
3.0
2.0
1.358363389968872
0.8624277114868164
2.4856374263763428
4.0
2.0
1.3722896575927734
1.1365177631378174
4.308501243591309
4.0
2.0
1.3883730173110962
1.7256337404251099
0.4195939600467682
6.0
2.0
1.3737598657608032
2.3893039226531982
-2.032539129257202
8.0
2.0
1.408068060874939
-2.7138359546661377
-0.47076401114463806
4.0
2.0
1.372528314590454
-2.6340227127075195
3.3254313468933105
2.0
2.0
1.3446892499923706
-2.230478286743164
1.1239093542099
4.0
2.0
1.4078123569488525
-2.085019111633301
-0.7035031318664551
6.0
2.0
1.4124150276184082
-1.4655426740646362
3.3497979640960693
2.0
2.0
1.3345576524734497
-0.9259383678436279
2.7645106315612793
2.0
2.0
2.405704975128174
0.42834755778312683
-0.8333333134651184
2.0
3.0
2.416752338409424
0.9123108983039856
-0.30000001192092896
2.0
3.0
2.4092965126037598
1.6805505752563477
-2.433333396911621
1.0
3.0
2.39481258392334
-2.621250867843628
-0.30000001192092896
2.0
3.0
2.395867109298706
-2.064547538757324
-4.0333333015441895
1.0
3.0
2.409871816635132
0.935298502445221
-6.699999809265137
1.0
3.0
2.398836374282837
1.1052165031433105
2.9666666984558105
1.0
3.0
2.3952829837799072
-2.6380763053894043
2.9666666984558105
1.0
3.0
2.4169275760650635
-2.2298147678375244
0.8333333134651184
1.0
3.0
2.4118173122406006
-1.4519338607788086
2.9666666984558105
2.0
3.0
2.4147040843963623
-0.9187126755714417
1.899999976158142
2.0
3.0
2.3948426246643066
0.5295699834823608
4.699999809265137
1.0
3.0
2.4147040843963623
0.39511391520500183
5.366666793823242
2.0
3.0
2.4083168506622314
1.1531959772109985
4.699999809265137
2.0
3.0
2.3990657329559326
1.630438208580017
5.366666793823242
2.0
3.0
2.4106061458587646
2.732572555541992
7.366666793823242
2.0
3.0
2.394901990890503
-1.5800243616104126
5.366666793823242
3.0
3.0
2.595747470855713
0.9084088206291199
-0.30000001192092896
1.0
4.0
2.579092025756836
2.40409779548645
-7.366666793823242
1.0
4.0
2.5798163414001465
0.8388382792472839
0.8333333134651184
4.0
4.0
2.594801902770996
-2.2361671924591064
0.30000001192092896
1.0
4.0
2.595747470855713
0.38481006026268005
5.366666793823242
1.0
4.0
2.576953172683716
0.8106244206428528
4.699999809265137
2.0
4.0
2.5859317779541016
2.96687388420105
6.699999809265137
1.0
4.0
3.2258448600769043
0.37738466262817383
-0.8333333134651184
2.0
5.0
3.232419729232788
1.1124955415725708
3.5
1.0
5.0
3.240396499633789
-2.2601635456085205
0.30000001192092896
1.0
5.0
3.2284088134765625
0.35000255703926086
5.366666793823242
2.0
5.0
3.2330288887023926
0.8538084626197815
4.699999809265137
2.0
5.0
3.225687026977539
1.1664094924926758
4.699999809265137
1.0
5.0
3.2334797382354736
1.6412121057510376
6.0333333015441895
1.0
5.0
3.2257184982299805
-1.558302640914917
5.366666793823242
1.0
5.0
3.432741641998291
0.8937744498252869
-1.899999976158142
2.0
6.0
3.419689178466797
0.9703429341316223
-0.30000001192092896
2.0
6.0
3.4195022583007812
-2.5571060180664062
-0.30000001192092896
2.0
6.0
3.426025867462158
-0.5271590352058411
-5.366666793823242
1.0
6.0
3.4328560829162598
-2.6408944129943848
1.899999976158142
1.0
6.0
3.4268546104431152
-1.4401227235794067
2.433333396911621
1.0
6.0
3.427732229232788
-0.9122873544692993
0.8333333134651184
1.0
6.0
3.419646739959717
2.934978723526001
7.366666793823242
1.0
6.0
