145
0.29971104860305786
0.07683863490819931
0.13942232728004456
0.3188765048980713
0.30190765857696533
0.42991337180137634
0.4288482367992401
0.5120513439178467
0.12221105396747589
0.16392335295677185
0.09545952081680298
0.23377247154712677
0.13052380084991455
0.34426501393318176
0.16865095496177673
0.19530169665813446
0.19178582727909088
0.08241982012987137
0.1681450605392456
0.09232767671346664
0.310696005821228
0.07610641419887543
0.08530212938785553
0.07758073508739471
0.07911913096904755
0.08566948771476746
0.08735884726047516
0.24446548521518707
0.12451932579278946
0.07880304753780365
0.3216012716293335
0.08839570730924606
0.11819418519735336
0.0928201973438263
0.10128761827945709
0.13069507479667664
0.4348057508468628
0.2786313593387604
0.2852473258972168
0.2721799612045288
0.27864009141921997
0.5110839009284973
0.29484620690345764
0.46502941846847534
0.49667415022850037
0.19484342634677887
0.2668411433696747
0.7349789142608643
0.7413694858551025
0.45356684923171997
0.8378272652626038
0.8225803971290588
0.8233978748321533
0.7111912965774536
0.834145188331604
0.8277798891067505
0.8282533884048462
0.7837367653846741
0.7712163925170898
0.41570723056793213
0.374214231967926
0.23980718851089478
0.24542152881622314
0.2995584309101105
0.30646347999572754
0.7038769125938416
0.4606993794441223
0.4352211058139801
0.3098897337913513
0.44587934017181396
0.42055830359458923
0.4746663272380829
0.1772974729537964
0.35943716764450073
0.5267089605331421
0.298878014087677
0.7065922021865845
0.5125824213027954
0.5137734413146973
0.04107915982604027
0.21036291122436523
0.20431996881961823
0.10382124781608582
0.5264751315116882
0.518052339553833
0.057918425649404526
0.305218905210495
0.2983431816101074
0.49169254302978516
0.4924525320529938
0.4770870506763458
0.4791356921195984
0.562492311000824
0.6395265460014343
0.620346188545227
0.6703492999076843
0.6494752764701843
0.7248372435569763
0.4823276102542877
0.48355937004089355
0.04293973371386528
0.23590409755706787
0.22858582437038422
0.5775589942932129
0.5781006217002869
0.5911136269569397
0.571856677532196
0.6085121035575867
0.6165982484817505
0.5947512984275818
0.29918843507766724
0.4354133903980255
0.32688429951667786
0.3270331025123596
0.483148455619812
0.5442692041397095
0.5615506172180176
0.4724043011665344
0.7626305222511292
0.6187300086021423
0.6205163598060608
0.6364627480506897
0.5530945062637329
0.5530638694763184
0.556978166103363
0.5569474101066589
0.8021443486213684
0.43524059653282166
0.4501853883266449
0.4651457667350769
0.7485140562057495
0.7907777428627014
0.6758144497871399
0.5475542545318604
0.6963731050491333
0.8506141901016235
0.8507055044174194
0.8478152751922607
0.8154071569442749
0.8248425126075745
0.7785446047782898
0.8492558598518372
0.8228826522827148
0.8286277651786804
0.7869457006454468
