214
0.30317431688308716
0.1371377408504486
0.18937036395072937
0.14677295088768005
0.30633941292762756
0.2493886500597
0.1971462517976761
0.32638663053512573
0.08305205404758453
0.1081458032131195
0.38971102237701416
0.3414129614830017
0.15459606051445007
0.15540811419487
0.14284949004650116
0.3619873523712158
0.3196987807750702
0.36997750401496887
0.12197518348693848
0.1516222506761551
0.22156374156475067
0.1945779174566269
0.16084542870521545
0.3099851608276367
0.1640498787164688
0.31589242815971375
0.34387320280075073
0.16532911360263824
0.28148895502090454
0.09294464439153671
0.3273092210292816
0.29468661546707153
0.18357978761196136
0.09057224541902542
0.18325485289096832
0.09044918417930603
0.08356033265590668
0.12141670286655426
0.22296655178070068
0.33874252438545227
0.10772979259490967
0.10851497948169708
0.24671949446201324
0.11214109510183334
0.0981050580739975
0.07614462077617645
0.07678640633821487
0.09817583113908768
0.35540539026260376
0.18037180602550507
0.2303653508424759
0.1761491894721985
0.43371447920799255
0.4888802468776703
0.2366645783185959
0.4208763539791107
0.20651012659072876
0.21780341863632202
0.2997530400753021
0.2425057590007782
0.5671088099479675
0.39154350757598877
0.2620972990989685
0.2233908325433731
0.4470878839492798
0.4452117085456848
0.24998292326927185
0.3681385815143585
0.7634526491165161
0.2112591415643692
0.8395021557807922
0.766410768032074
0.8420667052268982
0.8486196994781494
0.7798628211021423
0.8417662978172302
0.8489916324615479
0.8308438062667847
0.44666555523872375
0.5007316470146179
0.2476208508014679
0.3795774281024933
0.19795669615268707
0.5028921961784363
0.674182116985321
0.3197025954723358
0.2580859363079071
0.4584502875804901
0.2767511308193207
0.33854398131370544
0.28342530131340027
0.4026843011379242
0.40126481652259827
0.23805397748947144
0.6086631417274475
0.6805433630943298
0.7062726020812988
0.4487706124782562
0.6651361584663391
0.728220522403717
0.44808119535446167
0.6642196178436279
0.7276276350021362
0.4143029749393463
0.625529944896698
0.6993238925933838
0.42738616466522217
0.6139991879463196
0.6940737962722778
0.6357220411300659
0.5455294251441956
0.6441732048988342
0.5619416236877441
0.5997687578201294
0.5141098499298096
0.6432207226753235
0.5620865821838379
0.44982367753982544
0.555553674697876
0.3817652463912964
0.5845391154289246
0.6294923424720764
0.6672754287719727
0.29207703471183777
0.5024653077125549
0.609119713306427
0.3437989056110382
0.5719149112701416
0.6676036715507507
0.2878669500350952
0.49323606491088867
0.5998216271400452
0.36483296751976013
0.5890764594078064
0.37980854511260986
0.5628975629806519
0.6539151668548584
0.5147402882575989
0.42112624645233154
0.5141072869300842
0.42077580094337463
0.5256879925727844
0.43621399998664856
0.5023918747901917
0.4154282510280609
0.6095224022865295
0.4216313064098358
0.5396849513053894
0.603522002696991
0.5334377288818359
0.5976098775863647
0.5706862211227417
0.633375346660614
0.2890397310256958
0.3407749831676483
0.5364751219749451
0.24767760932445526
0.4616244435310364
0.6329818964004517
0.3585081100463867
0.404084175825119
0.5263079404830933
0.5296875238418579
0.42901647090911865
0.6134557723999023
0.5151607394218445
0.5225886106491089
0.42395639419555664
0.6060068011283875
0.517734706401825
0.505702555179596
0.5020193457603455
0.33156588673591614
0.5015160441398621
0.33154812455177307
0.3078621029853821
0.3404124975204468
0.5088924765586853
0.32551804184913635
0.4881187081336975
0.5853524208068848
0.7091533541679382
0.49220213294029236
0.5796071290969849
0.512450098991394
0.6027873158454895
0.6142321825027466
0.8033530116081238
0.8054640889167786
0.7706395983695984
0.8165965676307678
0.8403364419937134
0.46226966381073
0.5356404781341553
0.5928837656974792
0.7311948537826538
0.7097793221473694
0.8046211004257202
0.7513848543167114
0.7535874843597412
0.5278631448745728
0.6895297765731812
0.8120660185813904
0.7626540660858154
0.6404653787612915
0.5241442918777466
0.5727135539054871
0.517475962638855
0.5201326608657837
0.4354526698589325
0.5368868708610535
0.4346127212047577
0.8402083516120911
0.8474416732788086
