89
0.37959158420562744
0.3109700381755829
0.2577924430370331
0.2192920595407486
0.31450241804122925
0.2711614966392517
0.29437437653541565
0.27801692485809326
0.2995348274707794
0.19029001891613007
0.3986060917377472
0.2236773669719696
0.3692862093448639
0.2375759780406952
0.34479302167892456
0.40583980083465576
0.2939895689487457
0.23852773010730743
0.07928017526865005
0.1838838756084442
0.1638851910829544
0.24566416442394257
0.2584778964519501
0.08602510392665863
0.2708817422389984
0.28386151790618896
0.15514524281024933
0.2595948874950409
0.37554726004600525
0.44368305802345276
0.5124358534812927
0.2383473664522171
0.24278311431407928
0.7607937455177307
0.7961124181747437
0.7639378905296326
0.5898367166519165
0.781761646270752
0.8281406164169312
0.8282326459884644
0.27857476472854614
0.2573458254337311
0.5558745861053467
0.4054412245750427
0.5476102232933044
0.5617209076881409
0.43603938817977905
0.37934577465057373
0.2921166718006134
0.2417115420103073
0.6887372732162476
0.6240350008010864
0.644660472869873
0.7135983109474182
0.7423322796821594
0.7433930039405823
0.7235920429229736
0.7502345442771912
0.6939787268638611
0.6813062429428101
0.5594325065612793
0.6369502544403076
0.6002988219261169
0.6213183999061584
0.6870108246803284
0.6586499810218811
0.7085918188095093
0.6660268306732178
0.658372163772583
0.6691498756408691
0.5236059427261353
0.5367290377616882
0.565726101398468
0.40498828887939453
0.5871281623840332
0.42564404010772705
0.6280192136764526
0.6264819502830505
0.5888867974281311
0.5009045004844666
0.6358895897865295
0.5124346613883972
0.5971720218658447
0.5309897661209106
0.6004006266593933
0.42679375410079956
0.8081803321838379
0.6640104055404663
0.8247512578964233
