104
0.21975228190422058
0.2728549540042877
0.31630855798721313
0.2914105951786041
0.2836971580982208
0.32100191712379456
0.1736733615398407
0.5250921845436096
0.33223816752433777
0.3124367892742157
0.3931259512901306
0.2607007324695587
0.4155082404613495
0.3344312310218811
0.3693762421607971
0.17429599165916443
0.3517811894416809
0.25847139954566956
0.10715717077255249
0.40057823061943054
0.20558248460292816
0.2766699492931366
0.23270916938781738
0.29416781663894653
0.3025355637073517
0.1656752973794937
0.24525810778141022
0.37554335594177246
0.3431309759616852
0.09710360318422318
0.08768308162689209
0.3229301869869232
0.24310114979743958
0.25000232458114624
0.18277320265769958
0.32108086347579956
0.22175808250904083
0.21072359383106232
0.22286243736743927
0.5333261489868164
0.41276589035987854
0.6933251023292542
0.758285403251648
0.7789697051048279
0.8198884129524231
0.8444337248802185
0.8269309997558594
0.8255612850189209
0.8290709853172302
0.3178800940513611
0.2822793424129486
0.20266756415367126
0.3287586271762848
0.22921064496040344
0.41925111413002014
0.3326795995235443
0.22867251932621002
0.5650646686553955
0.43000608682632446
0.512200653553009
0.6880092620849609
0.6322043538093567
0.6504260897636414
0.6962740421295166
0.685996413230896
0.5044524669647217
0.5707871913909912
0.49121251702308655
0.4720219671726227
0.6097410917282104
0.5901073217391968
0.6050887703895569
0.6690798997879028
0.44037818908691406
0.6816177368164062
0.6042623519897461
0.5848926901817322
0.5154334902763367
0.4950719475746155
0.615691602230072
0.5744243264198303
0.5815672278404236
0.5802866220474243
0.5861920118331909
0.5475404858589172
0.6169290542602539
0.593780517578125
0.557041585445404
0.4824919104576111
0.3962095379829407
0.546655535697937
0.6057280898094177
0.4367097020149231
0.4783911406993866
0.4080091118812561
0.36710214614868164
0.5810772776603699
0.5756940841674805
0.37897834181785583
0.6746679544448853
0.835961103439331
0.8237656950950623
0.8309639096260071
0.834021806716919
