44
0.25466054677963257
0.3406524062156677
0.35603925585746765
0.3432469367980957
0.3281131386756897
0.34900563955307007
0.28206175565719604
0.2909892201423645
0.09297485649585724
0.2543771266937256
0.3182336688041687
0.31220564246177673
0.3102526366710663
0.22635075449943542
0.2543981075286865
0.17773188650608063
0.4793716073036194
0.4735061228275299
0.2558160126209259
0.3123040199279785
0.2224954217672348
0.36721670627593994
0.8257527947425842
0.5582327246665955
0.2442433387041092
0.31870830059051514
0.23513709008693695
0.42902082204818726
0.5540351271629333
0.7394466400146484
0.6870748400688171
0.5636260509490967
0.7386767268180847
0.5511561036109924
0.6666597723960876
0.6155487895011902
0.6774379014968872
0.5341725945472717
0.5508307218551636
0.3176264762878418
0.3882748782634735
0.4781583249568939
0.5326282978057861
0.823153555393219
