49
0.3597051501274109
0.13896165788173676
0.09162648767232895
0.06860166043043137
0.06615658849477768
0.10510294139385223
0.3717365562915802
0.11691571027040482
0.07259366661310196
0.14411738514900208
0.09364237636327744
0.08858595788478851
0.5846397280693054
0.20220947265625
0.8426212668418884
0.8379997611045837
0.8385337591171265
0.8405203223228455
0.8279768228530884
0.851118266582489
0.8511252403259277
0.8154822587966919
0.8461818099021912
0.8421984314918518
0.7633355855941772
0.6576302647590637
0.27455639839172363
0.5209553837776184
0.5449654459953308
0.6079000234603882
0.6118869781494141
0.5894603729248047
0.6871188282966614
0.5454235076904297
0.572218656539917
0.6500745415687561
0.5833404064178467
0.5561511516571045
0.662304699420929
0.5565382242202759
0.5565699934959412
0.6354107856750488
0.49829232692718506
0.576684832572937
0.5445212721824646
0.6069296598434448
0.5809072852134705
0.5823197960853577
0.6912847757339478
