157
0.0843488872051239
0.21842721104621887
0.1469631791114807
0.256323903799057
0.33452361822128296
0.10195110738277435
0.20178276300430298
0.14173495769500732
0.09042733162641525
0.1828826516866684
0.19756968319416046
0.3625984787940979
0.09608083963394165
0.08848023414611816
0.2056659311056137
0.1135273203253746
0.0875963568687439
0.3289061486721039
0.3663254380226135
0.38291361927986145
0.388288676738739
0.29951605200767517
0.07272472977638245
0.25642815232276917
0.21634116768836975
0.2045857012271881
0.19852258265018463
0.08288837224245071
0.1030830442905426
0.18592706322669983
0.11003585159778595
0.09773077070713043
0.12721534073352814
0.23131665587425232
0.06516146659851074
0.3105790615081787
0.06845436245203018
0.06484033912420273
0.12133388221263885
0.07949583977460861
0.07553481310606003
0.170014426112175
0.2812859117984772
0.18607762455940247
0.197880357503891
0.2126701921224594
0.6402626633644104
0.6144765019416809
0.31413784623146057
0.5287849307060242
0.20650266110897064
0.558571457862854
0.23107264935970306
0.5462207198143005
0.22867444157600403
0.6228342056274414
0.28683939576148987
0.6063817143440247
0.5372315049171448
0.2359146773815155
0.34543174505233765
0.6301363110542297
0.2866717278957367
0.6083426475524902
0.26217520236968994
0.47906291484832764
0.1797226518392563
0.29577547311782837
0.2962166368961334
0.8320197463035583
0.7064856290817261
0.844680905342102
0.5377147793769836
0.26716718077659607
0.2298526167869568
0.2084081918001175
0.24780477583408356
0.5976743698120117
0.30893877148628235
0.5387101173400879
0.22651639580726624
0.5519059300422668
0.24068951606750488
0.32484087347984314
0.6291559338569641
0.29964253306388855
0.4778395891189575
0.18872912228107452
0.26824894547462463
0.32074296474456787
0.6429543495178223
0.5547548532485962
0.5641189813613892
0.29805219173431396
0.5731621980667114
0.5307527184486389
0.5784086585044861
0.4940543472766876
0.6125767230987549
0.6131757497787476
0.455579936504364
0.24414746463298798
0.5589331388473511
0.5593298673629761
0.5243878364562988
0.5198636651039124
0.5874677300453186
0.5061659216880798
0.48319825530052185
0.5458959341049194
0.4646519422531128
0.47873160243034363
0.5808177590370178
0.58706134557724
0.35972854495048523
0.5331671833992004
0.5394970774650574
0.5998463034629822
0.5497239828109741
0.45116400718688965
0.5424454808235168
0.5529394745826721
0.4466673731803894
0.569229781627655
0.4693368077278137
0.444250226020813
0.5395931005477905
0.44670334458351135
0.5970075726509094
0.5319997072219849
0.5803938508033752
0.508764386177063
0.5002601742744446
0.4292433261871338
0.6315972208976746
0.6061362624168396
0.5847855806350708
0.7927314639091492
0.5989564657211304
0.623033881187439
0.6959602236747742
0.4138685166835785
0.41903796792030334
0.48454463481903076
0.47802218794822693
0.7757619619369507
0.24479183554649353
0.3739508390426636
0.5154062509536743
0.4837549030780792
0.4109988510608673
0.8314158916473389
0.816000759601593
0.7501214146614075
0.5926337242126465
0.8438001275062561
0.8434088230133057
