107
0.3042164146900177
0.2729909121990204
0.06974918395280838
0.10962061583995819
0.09431285411119461
0.2783081829547882
0.10395905375480652
0.31002336740493774
0.13202546536922455
0.12997682392597198
0.11014939844608307
0.21222171187400818
0.1842406541109085
0.18384386599063873
0.1519107222557068
0.17290107905864716
0.2239397168159485
0.08055905252695084
0.06835166364908218
0.13514240086078644
0.08678745478391647
0.1472770869731903
0.14590369164943695
0.08554791659116745
0.11638688296079636
0.10403256118297577
0.13627827167510986
0.12279827892780304
0.24681279063224792
0.3053547143936157
0.14991801977157593
0.1863768994808197
0.526656985282898
0.1865711212158203
0.5254656672477722
0.114399254322052
0.13808110356330872
0.37595149874687195
0.34582245349884033
0.4275975227355957
0.3432486951351166
0.3031553030014038
0.22286859154701233
0.8443512916564941
0.7587419152259827
0.6034606695175171
0.7511601448059082
0.23684322834014893
0.2979375123977661
0.16886857151985168
0.20928721129894257
0.5594565868377686
0.11673116683959961
0.1398530751466751
0.36795464158058167
0.3951053321361542
0.4360288083553314
0.3479114770889282
0.30930963158607483
0.2852802574634552
0.5358943939208984
0.4448433220386505
0.6159064769744873
0.47219571471214294
0.652465283870697
0.4181528687477112
0.636462926864624
0.4753543734550476
0.3913125693798065
0.4646810293197632
0.6651107668876648
0.4032045900821686
0.6524606943130493
0.6373471021652222
0.5172561407089233
0.5868309736251831
0.5308631658554077
0.39152202010154724
0.4500952959060669
0.4639740288257599
0.3836120665073395
0.5328794717788696
0.5446534156799316
0.4839121699333191
0.47781598567962646
0.47943493723869324
0.502338707447052
0.4663618803024292
0.5992874503135681
0.7571218609809875
0.746870756149292
0.8294137120246887
0.6131457686424255
0.4860595464706421
0.5674671530723572
0.5722030997276306
0.5746086835861206
0.3198474943637848
0.5658705234527588
0.3454861640930176
0.5231142044067383
0.5233631730079651
0.7850754261016846
0.7825393080711365
0.8291704654693604
0.8350715637207031
0.8217525482177734
