193
0.2171887904405594
0.1909741908311844
0.243491068482399
0.08538426458835602
0.2675507068634033
0.31241539120674133
0.0837269052863121
0.18443359434604645
0.09772507101297379
0.08913658559322357
0.20222429931163788
0.0833580270409584
0.09024365991353989
0.14411190152168274
0.18235698342323303
0.35223016142845154
0.0900082215666771
0.11012754589319229
0.2248229682445526
0.16182954609394073
0.2889493703842163
0.2316083014011383
0.20856228470802307
0.15791459381580353
0.1585703045129776
0.15724892914295197
0.19866643846035004
0.06877705454826355
0.09890316426753998
0.217481330037117
0.15708541870117188
0.2854197025299072
0.06467963010072708
0.14154869318008423
0.06288542598485947
0.14512760937213898
0.08789845556020737
0.07110811769962311
0.1127266138792038
0.12046843022108078
0.07180669158697128
0.0751878097653389
0.08139456063508987
0.08421462029218674
0.19451847672462463
0.1948925107717514
0.2044672966003418
0.17638230323791504
0.17002402245998383
0.4742533266544342
0.4339059293270111
0.17590762674808502
0.39380374550819397
0.20492763817310333
0.18063174188137054
0.17348988354206085
0.17380566895008087
0.16852335631847382
0.4184574782848358
0.24713295698165894
0.17362239956855774
0.19020617008209229
0.8262150287628174
0.8591638803482056
0.857522189617157
0.8515691161155701
0.8355551958084106
0.1893673688173294
0.20761682093143463
0.5210689306259155
0.4983288049697876
0.19657722115516663
0.4232117235660553
0.21151481568813324
0.22179175913333893
0.48399102687835693
0.19509746134281158
0.18713684380054474
0.21651706099510193
0.20939072966575623
0.22708278894424438
0.44354280829429626
0.26222553849220276
0.2040368914604187
0.22369401156902313
0.4535040557384491
0.49347296357154846
0.3428066372871399
0.31110572814941406
0.6396324634552002
0.6198853850364685
0.6154147982597351
0.6797429919242859
0.49259933829307556
0.4224625825881958
0.6942574977874756
0.7240654230117798
0.5542134642601013
0.48311111330986023
0.6268773674964905
0.6811375617980957
0.5564078688621521
0.6552106142044067
0.6196798086166382
0.6710516810417175
0.5336652994155884
0.4893451929092407
0.733021080493927
0.7538919448852539
0.5483864545822144
0.6587916016578674
0.6030362844467163
0.6154206395149231
0.5114957690238953
0.5483254194259644
0.3861585855484009
0.3456004858016968
0.5599880814552307
0.5949830412864685
0.4305395185947418
0.37993124127388
0.4665560722351074
0.5024948716163635
0.3515484929084778
0.31884798407554626
0.4654020071029663
0.5011457800865173
0.3509224057197571
0.31841516494750977
0.672156810760498
0.6944782733917236
0.5179015398025513
0.4539233446121216
0.6238552331924438
0.6874326467514038
0.49572670459747314
0.42505040764808655
0.5820962190628052
0.6519912481307983
0.45177093148231506
0.3890490233898163
0.6412417888641357
0.6920769810676575
0.4998507797718048
0.6060342788696289
0.6166167855262756
0.6402481198310852
0.4917162358760834
0.44425567984580994
0.6373936533927917
0.6155093908309937
0.3823075592517853
0.38218599557876587
0.7150415778160095
0.7311139106750488
0.6905742287635803
0.6889419555664062
0.8055547475814819
0.8121823072433472
0.8044974207878113
0.8109179735183716
0.6165786981582642
0.5541966557502747
0.47820189595222473
0.5081954002380371
0.5466417670249939
0.5789582133293152
0.5388835072517395
0.47576889395713806
0.5956211686134338
0.43441322445869446
0.4343419671058655
0.8092103600502014
0.5541584491729736
0.7744064331054688
0.5682910680770874
0.411966472864151
0.4073721468448639
0.4845739006996155
0.7049411535263062
0.5510480403900146
0.6660555005073547
0.5654500126838684
0.7026259303092957
0.5192201137542725
0.6945639252662659
0.6380242705345154
0.6442067623138428
0.8258067965507507
0.8004456758499146
0.6153720021247864
0.8210739493370056
0.842746376991272
