89
0.40982750058174133
0.14077869057655334
0.1421220451593399
0.10739248991012573
0.0770033597946167
0.2581387460231781
0.08113512396812439
0.5001944899559021
0.27899324893951416
0.2066601663827896
0.1594967246055603
0.12674689292907715
0.12835495173931122
0.37356260418891907
0.23451486229896545
0.10051164031028748
0.11903500556945801
0.08708075433969498
0.08953137695789337
0.07803595811128616
0.07424317300319672
0.2203969657421112
0.16669850051403046
0.08133547008037567
0.11616919189691544
0.3199853301048279
0.21901138126850128
0.21353161334991455
0.09332430362701416
0.25658243894577026
0.23802180588245392
0.19885599613189697
0.47451144456863403
0.842276930809021
0.22514274716377258
0.22319325804710388
0.3670278489589691
0.5090468525886536
0.17170734703540802
0.5689483284950256
0.5159102082252502
0.5133583545684814
0.5542154908180237
0.6511601209640503
0.3817962110042572
0.5879701375961304
0.6866361498832703
0.6236161589622498
0.7004078030586243
0.4447244703769684
0.6412237286567688
0.6892843246459961
0.7343721985816956
0.5556514859199524
0.49133801460266113
0.6976580023765564
0.5826900601387024
0.5440546274185181
0.5743805766105652
0.40343648195266724
0.615940511226654
0.6846102476119995
0.6061422824859619
0.6846204400062561
0.4394785463809967
0.6666454076766968
0.542493462562561
0.5145791172981262
0.6506510376930237
0.6494370698928833
0.5666995048522949
0.5006574392318726
0.5710638165473938
0.6213327050209045
0.6624313592910767
0.570381224155426
0.5508007407188416
0.5663242340087891
0.8386102914810181
0.8125328421592712
0.8355804085731506
0.7177700400352478
0.6243359446525574
0.7122246623039246
0.8403307199478149
0.7582368850708008
0.741705596446991
0.788219153881073
0.8051145672798157
