88
0.08184420317411423
0.1308327466249466
0.13063989579677582
0.10590046644210815
0.13918757438659668
0.10129184275865555
0.07979243248701096
0.09355351328849792
0.07429750263690948
0.14128810167312622
0.14055317640304565
0.06656516343355179
0.09871837496757507
0.313612163066864
0.10257765650749207
0.11952779442071915
0.24363283812999725
0.07111810147762299
0.11608767509460449
0.1771305799484253
0.0641607716679573
0.12753009796142578
0.12799955904483795
0.13594375550746918
0.13644371926784515
0.12574909627437592
0.12416689097881317
0.08270816504955292
0.09260454028844833
0.12369955331087112
0.2920394241809845
0.09431786835193634
0.3869818150997162
0.23273734748363495
0.35886427760124207
0.1773981750011444
0.42345449328422546
0.23668868839740753
0.213751420378685
0.8158656358718872
0.8387712240219116
0.37332120537757874
0.6038834452629089
0.22215746343135834
0.3884584605693817
0.24587132036685944
0.4315190613269806
0.17291046679019928
0.36201927065849304
0.25821390748023987
0.23232482373714447
0.590064287185669
0.5574588179588318
0.4488394260406494
0.48471054434776306
0.6038824915885925
0.4944678843021393
0.5305034518241882
0.48938095569610596
0.38977041840553284
0.422632098197937
0.6802510023117065
0.5960960388183594
0.5159996747970581
0.40881282091140747
0.5155591368675232
0.4084683060646057
0.5019816160202026
0.3978888988494873
0.43421831727027893
0.6232000589370728
0.499049574136734
0.532849133014679
0.4768277704715729
0.38711151480674744
0.38680702447891235
0.37785738706588745
0.541093111038208
0.4887619614601135
0.5098717212677002
0.8161461353302002
0.8063992261886597
0.587706446647644
0.5689390301704407
0.433899462223053
0.8362336158752441
0.844563901424408
0.670438826084137
