123
0.14614753425121307
0.3713967502117157
0.22656740248203278
0.23329544067382812
0.08147963136434555
0.15773802995681763
0.1297459453344345
0.16487328708171844
0.23755395412445068
0.1790505051612854
0.1893831044435501
0.12740930914878845
0.1303689330816269
0.2376798540353775
0.08046697080135345
0.13381202518939972
0.23955021798610687
0.10709373652935028
0.17134301364421844
0.1546369343996048
0.2162434607744217
0.18542921543121338
0.18894992768764496
0.07245022803544998
0.10170356929302216
0.15934322774410248
0.18271158635616302
0.14212116599082947
0.24270951747894287
0.08746308088302612
0.1429188996553421
0.18663358688354492
0.09747061133384705
0.2088005691766739
0.2940855622291565
0.38201668858528137
0.387399286031723
0.19633381068706512
0.1799243986606598
0.4391823709011078
0.4057222306728363
0.4784366488456726
0.44358089566230774
0.7074348330497742
0.6877772808074951
0.41296184062957764
0.1679503321647644
0.19722454249858856
0.8050850629806519
0.8198838233947754
0.2014714777469635
0.3131045997142792
0.4178059995174408
0.32768431305885315
0.43875083327293396
0.4795979857444763
0.20489007234573364
0.22832266986370087
0.48446163535118103
0.4527815580368042
0.5325630903244019
0.4996037185192108
0.7011659741401672
0.683571994304657
0.3845927119255066
0.1902407705783844
0.26596009731292725
0.5778667330741882
0.5769136548042297
0.4951362907886505
0.6161473989486694
0.6951282024383545
0.6557592749595642
0.6559835076332092
0.6110044717788696
0.6448082327842712
0.580021321773529
0.6299650073051453
0.5696805119514465
0.6500057578086853
0.45668521523475647
0.5507380366325378
0.5553457736968994
0.6249764561653137
0.6175976991653442
0.5691097974777222
0.5795291662216187
0.62388014793396
0.7330470681190491
0.5367971062660217
0.5388537645339966
0.4959045946598053
0.6115825176239014
0.5180496573448181
0.6073607802391052
0.6106078624725342
0.5462039113044739
0.5956707000732422
0.7010822296142578
0.6024860739707947
0.4463212192058563
0.524720311164856
0.6347216963768005
0.5333828926086426
0.7729578614234924
0.5096561312675476
0.5114449858665466
0.3807080388069153
0.4898325502872467
0.8131627440452576
0.422503262758255
0.4193609654903412
0.2281571477651596
0.2640048861503601
0.3693684935569763
0.7338373064994812
0.6967436075210571
0.7356034517288208
0.8213489055633545
0.5662643313407898
0.8214573264122009
0.7414646148681641
0.7578943371772766
