78
0.2506033480167389
0.2634563446044922
0.2139601707458496
0.2643422782421112
0.21672435104846954
0.21737943589687347
0.10073624551296234
0.08325191587209702
0.2824954390525818
0.08811469376087189
0.2938290536403656
0.10578915476799011
0.11320756375789642
0.2631167769432068
0.18331022560596466
0.23278772830963135
0.21977302432060242
0.20106244087219238
0.15684694051742554
0.2298174649477005
0.07117461413145065
0.19689443707466125
0.07068193703889847
0.09034498780965805
0.24446727335453033
0.21500620245933533
0.3548099398612976
0.49434900283813477
0.21226754784584045
0.3973557651042938
0.36916959285736084
0.21234823763370514
0.2222680151462555
0.7717610597610474
0.8049320578575134
0.7478993535041809
0.7996388077735901
0.24399670958518982
0.3500126600265503
0.5574291348457336
0.39910030364990234
0.2495305985212326
0.38825154304504395
0.6428394317626953
0.45327889919281006
0.23951169848442078
0.27867135405540466
0.49350088834762573
0.7267658710479736
0.5765498876571655
0.572227954864502
0.6959239840507507
0.6950511336326599
0.5430006384849548
0.5606502890586853
0.46445679664611816
0.5140272378921509
0.514680027961731
0.6755766272544861
0.6918118596076965
0.5256102085113525
0.5994483232498169
0.39259541034698486
0.5776517391204834
0.48886677622795105
0.5458980202674866
0.330918550491333
0.39806753396987915
0.48422709107398987
0.5361282229423523
0.5100985169410706
0.5525615811347961
0.4516071379184723
0.4192664623260498
0.5070033073425293
0.7017248272895813
0.7631531953811646
0.835616946220398
