90
0.111845001578331
0.3031385540962219
0.30217480659484863
0.3275352716445923
0.32635706663131714
0.23399513959884644
0.30365365743637085
0.22340649366378784
0.3568802773952484
0.3519744873046875
0.17143696546554565
0.2536402642726898
0.34412944316864014
0.2619808614253998
0.15595270693302155
0.16380327939987183
0.11000716686248779
0.06811784207820892
0.2372485101222992
0.2910538911819458
0.1602770835161209
0.2625647783279419
0.2961725890636444
0.18880902230739594
0.1662631332874298
0.21791937947273254
0.12169260531663895
0.07943333685398102
0.11850437521934509
0.36571574211120605
0.4048340916633606
0.17962856590747833
0.33483847975730896
0.1872052699327469
0.1979292333126068
0.49056702852249146
0.19308564066886902
0.7982015609741211
0.6716530919075012
0.796443521976471
0.6673634648323059
0.7956234216690063
0.665343701839447
0.7950522303581238
0.6640029549598694
0.8223914504051208
0.42783278226852417
0.43019333481788635
0.5579841732978821
0.25394925475120544
0.43163666129112244
0.3349582254886627
0.23460809886455536
0.25985923409461975
0.35577160120010376
0.5563815236091614
0.23927578330039978
0.41644740104675293
0.5799145698547363
0.5825015306472778
0.5796993374824524
0.5783267021179199
0.5780557990074158
0.6328929662704468
0.7609151005744934
0.5943588018417358
0.5227158069610596
0.5192922353744507
0.6464701890945435
0.5670497417449951
0.543755054473877
0.5006679892539978
0.3640415370464325
0.49621525406837463
0.4989856779575348
0.40757229924201965
0.2898108959197998
0.2899717688560486
0.5137229561805725
0.2910462021827698
0.565351128578186
0.7644408345222473
0.7210605144500732
0.34417206048965454
0.46502476930618286
0.3452427089214325
0.4299319088459015
0.74396812915802
0.8265475034713745
0.8265529274940491
