88
0.12450540065765381
0.29293158650398254
0.15379230678081512
0.29992854595184326
0.15989407896995544
0.2672615647315979
0.32944318652153015
0.08773413300514221
0.2922300398349762
0.23940709233283997
0.2944432199001312
0.24202626943588257
0.11897071450948715
0.2377607226371765
0.24889789521694183
0.2504331171512604
0.20984375476837158
0.09725365042686462
0.25223270058631897
0.2668156325817108
0.06917945295572281
0.18372689187526703
0.18614600598812103
0.21897149085998535
0.21484100818634033
0.21227142214775085
0.15890425443649292
0.1862165778875351
0.18608787655830383
0.2170034795999527
0.405062735080719
0.42865684628486633
0.17967121303081512
0.4988483488559723
0.21747975051403046
0.576939046382904
0.571548581123352
0.8440923094749451
0.8280959725379944
0.7916016578674316
0.8040103912353516
0.2542737126350403
0.2212553471326828
0.29562604427337646
0.28087857365608215
0.22728535532951355
0.4059732258319855
0.41805288195610046
0.18527089059352875
0.5306738615036011
0.24263712763786316
0.6808550953865051
0.7149104475975037
0.5988926291465759
0.6600691676139832
0.5232730507850647
0.5172898173332214
0.6402427554130554
0.6347129940986633
0.5774943828582764
0.6434049606323242
0.6239461898803711
0.6827290654182434
0.5490138530731201
0.5433823466300964
0.6167861223220825
0.6110579371452332
0.44507089257240295
0.37312352657318115
0.5599618554115295
0.5218661427497864
0.6004468202590942
0.5735543370246887
0.5692622065544128
0.48302415013313293
0.3777369558811188
0.5829412341117859
0.5529499053955078
0.5157174468040466
0.7808243632316589
0.7107878923416138
0.5447317361831665
0.5497127175331116
0.44732236862182617
0.8356107473373413
0.8176290988922119
0.8355885744094849
0.8217375874519348
