81
0.07767894864082336
0.08108387887477875
0.11196251958608627
0.0794249176979065
0.15265478193759918
0.20567026734352112
0.49982786178588867
0.5004237294197083
0.13249628245830536
0.13310983777046204
0.37182721495628357
0.13798373937606812
0.39675912261009216
0.10556081682443619
0.14516641199588776
0.12907931208610535
0.1125532016158104
0.09196188300848007
0.07837279140949249
0.09663883596658707
0.06773057579994202
0.11017455905675888
0.1043449118733406
0.366556316614151
0.1281418800354004
0.08487273007631302
0.07096081227064133
0.22758039832115173
0.4308350682258606
0.4605599343776703
0.45820578932762146
0.23353351652622223
0.19881874322891235
0.8303350806236267
0.843280017375946
0.8418759703636169
0.7336248755455017
0.8255845904350281
0.26856371760368347
0.42718231678009033
0.47015535831451416
0.5531784892082214
0.7552045583724976
0.23201894760131836
0.23702241480350494
0.5680333971977234
0.5517781972885132
0.5965290665626526
0.5586215853691101
0.4926413297653198
0.7829262614250183
0.8083345293998718
0.5048238635063171
0.5451921224594116
0.4825183153152466
0.5599721074104309
0.5911890864372253
0.6150561571121216
0.6193892359733582
0.4643884003162384
0.5937516093254089
0.4398665130138397
0.46767178177833557
0.5466359257698059
0.5412348508834839
0.5786837935447693
0.5734609961509705
0.2607760429382324
0.5239550471305847
0.45073145627975464
0.49487730860710144
0.5127861499786377
0.8201327323913574
0.8168663382530212
0.5961974263191223
0.5627487301826477
0.5735507607460022
0.41145384311676025
0.8331701755523682
0.8359943628311157
0.8427367806434631
