397
0.10371869802474976
0.08870144188404083
0.15347406268119812
0.1543366014957428
0.08503260463476181
0.17194917798042297
0.21531754732131958
0.0734299048781395
0.2779819965362549
0.18400710821151733
0.08723320066928864
0.18078042566776276
0.07113296538591385
0.10809166729450226
0.2867130637168884
0.10760513693094254
0.1292169988155365
0.10382536053657532
0.0711023360490799
0.1330706775188446
0.25287431478500366
0.1375085413455963
0.07723579555749893
0.18546703457832336
0.16656626760959625
0.11167145520448685
0.15421681106090546
0.16833829879760742
0.11405952274799347
0.0786137655377388
0.11657430976629257
0.1283612847328186
0.11420663446187973
0.10714533179998398
0.09991126507520676
0.177357017993927
0.12228385359048843
0.07627678662538528
0.0696270763874054
0.12104489654302597
0.09283818304538727
0.10960651189088821
0.183979794383049
0.2671564221382141
0.27336034178733826
0.2548309564590454
0.08348054438829422
0.15315929055213928
0.16606877744197845
0.13545098900794983
0.07759293168783188
0.1322745382785797
0.11935514211654663
0.1322176605463028
0.1193179339170456
0.14532898366451263
0.12410447746515274
0.1186259314417839
0.08278550207614899
0.07209616154432297
0.09884452074766159
0.06603717058897018
0.1386815905570984
0.15895108878612518
0.13918688893318176
0.19294802844524384
0.08769479393959045
0.18665118515491486
0.14307589828968048
0.07065651565790176
0.09244158118963242
0.07177749276161194
0.16737021505832672
0.1402350515127182
0.0847107544541359
0.20095579326152802
0.123628631234169
0.1299150288105011
0.0729663223028183
0.07317322492599487
0.09582596272230148
0.19146382808685303
0.08392319083213806
0.08450406044721603
0.12734702229499817
0.0942981168627739
0.10016653686761856
0.09628356993198395
0.192326158285141
0.07283423840999603
0.14082621037960052
0.2574302852153778
0.05840649455785751
0.16519209742546082
0.24071434140205383
0.4009939134120941
0.1949816644191742
0.3704669773578644
0.1743718385696411
0.3692363500595093
0.17360277473926544
0.17243652045726776
0.429592490196228
0.20495125651359558
0.3469959497451782
0.3127930164337158
0.24607042968273163
0.6156720519065857
0.49991369247436523
0.42994406819343567
0.3505624234676361
0.532133936882019
0.3753660321235657
0.4166005849838257
0.3080594539642334
0.422301322221756
0.4216735363006592
0.575646162033081
0.3126814663410187
0.43930351734161377
0.43846458196640015
0.6075998544692993
0.20703504979610443
0.30390501022338867
0.3032587468624115
0.46794983744621277
0.2543220818042755
0.1448364406824112
0.14169001579284668
0.3737531304359436
0.17990896105766296
0.17576864361763
0.4655860960483551
0.17503218352794647
0.1710570603609085
0.45429864525794983
0.3755229115486145
0.48290354013442993
0.3398191034793854
0.8207281231880188
0.8380140662193298
0.7433898448944092
0.6692959070205688
0.8375077843666077
0.8463713526725769
0.8517377376556396
0.7471064925193787
0.8389771580696106
0.7134723663330078
0.7917104959487915
0.8088712692260742
0.8367182016372681
0.24362774193286896
0.4014003872871399
0.19832280278205872
0.40086689591407776
0.19806614518165588
0.21944518387317657
0.41813525557518005
0.20871154963970184
0.33854010701179504
0.27662327885627747
0.27799952030181885
0.6149352788925171
0.5042756795883179
0.4228540062904358
0.5367941856384277
0.4497223496437073
0.499975323677063
0.4341583549976349
0.40366071462631226
0.5777716636657715
0.4911755323410034
0.5232926607131958
0.500265896320343
0.6491074562072754
0.5622453689575195
0.46212685108184814
0.48273858428001404
0.5210237503051758
0.33304333686828613
0.4589676260948181
0.45816144347190857
0.5899826288223267
0.258245587348938
0.3575180172920227
0.3569827675819397
0.5044133067131042
0.4640979766845703
0.33625784516334534
0.47820407152175903
0.47708606719970703
0.6351322531700134
0.24799375236034393
0.18466496467590332
0.18039755523204803
0.4613984525203705
0.19762349128723145
0.19304120540618896
0.49137404561042786
0.368544340133667
0.504615843296051
0.5598444938659668
0.42710039019584656
0.4720366597175598
0.5558595061302185
0.42831435799598694
0.5281350612640381
0.5118637681007385
0.5292852520942688
0.5115579962730408
0.6642759442329407
0.5778697729110718
0.6352810263633728
0.5416061282157898
0.6603056788444519
0.45443883538246155
0.5775762796401978
0.6135345697402954
0.4781750738620758
0.5686894655227661
0.5561484694480896
0.4256501793861389
0.47684285044670105
0.4747788906097412
0.49991080164909363
0.48104986548423767
0.44806182384490967
0.535332977771759
0.5441116094589233
0.6034879088401794
0.5061691999435425
0.5485332608222961
0.5891888737678528
0.5278148055076599
0.6608720421791077
0.5316119194030762
0.60601806640625
0.6133341789245605
0.48683086037635803
0.5552724003791809
0.43819093704223633
0.5491713881492615
0.42637503147125244
0.5564156770706177
0.6436501145362854
0.6219609975814819
0.610266923904419
0.5225345492362976
0.48014360666275024
0.5540266036987305
0.5095505714416504
0.42562106251716614
0.5855534076690674
0.4567764401435852
0.48590609431266785
0.3478802740573883
0.5087605714797974
0.6592023372650146
0.6707977652549744
0.5595661997795105
0.6907591819763184
0.38175907731056213
0.4997624158859253
0.5097670555114746
0.500032901763916
0.6356776356697083
0.49902284145355225
0.6351625323295593
0.4841115176677704
0.6873790621757507
0.559813380241394
0.6719000935554504
0.6644372344017029
0.6052933931350708
0.5545521378517151
0.3987179696559906
0.5991527438163757
0.429435133934021
0.544172465801239
0.6092338562011719
0.48723363876342773
0.6008130311965942
0.4801962673664093
0.5567041039466858
0.4284238815307617
0.5662665367126465
0.6042772531509399
0.5646375417709351
0.4731784462928772
0.6342850923538208
0.445330411195755
0.5083118081092834
0.3383167088031769
0.5055229067802429
0.6453605890274048
0.6789129972457886
0.5450500249862671
0.6828617453575134
0.5060906410217285
0.6023069024085999
0.549401581287384
0.5218467116355896
0.520817756652832
0.5066547393798828
0.5810439586639404
0.6344273090362549
0.6102011203765869
0.5784779191017151
0.4599408507347107
0.4967859387397766
0.4545631408691406
0.5838368535041809
0.4736967086791992
0.5961431860923767
0.524347186088562
0.4273330569267273
0.42542412877082825
0.4885174036026001
0.46594712138175964
0.476870059967041
0.6592310070991516
0.4709154963493347
0.5349005460739136
0.47632256150245667
0.3211708068847656
0.6454358100891113
0.6094591617584229
0.4236207604408264
0.6397793292999268
0.6138275265693665
0.4182465970516205
0.3820519745349884
0.45902127027511597
0.5807950496673584
0.6338843107223511
0.4338942766189575
0.6319015622138977
0.6155216097831726
0.7380273938179016
0.49624213576316833
0.4322541356086731
0.8093454241752625
0.656456470489502
0.5068290829658508
0.607891857624054
0.5781325101852417
0.47648999094963074
0.5774117708206177
0.47297441959381104
0.7887364625930786
0.7122183442115784
0.8030242919921875
0.8398605585098267
0.7880455255508423
0.8382788896560669
0.7885329127311707
0.5741710662841797
0.6555715799331665
0.5362784266471863
0.40574949979782104
0.5449510216712952
0.41431182622909546
0.6011103391647339
0.7590059638023376
0.4280378222465515
0.42441239953041077
0.7826370000839233
0.7858108878135681
0.7297957539558411
0.8442472815513611
0.4870804250240326
0.5364295840263367
0.4279926121234894
0.28524866700172424
0.2830750644207001
0.7940956354141235
0.8364516496658325
0.8068439364433289
0.8391784429550171
0.8245429396629333
0.8498798608779907
0.8451388478279114
0.697944164276123
0.7780336141586304
0.6528234481811523
0.5299645662307739
0.2632713317871094
0.2577553689479828
0.8028656244277954
0.8197344541549683
0.8034219145774841
0.7321746349334717
0.44789043068885803
0.4387069046497345
0.8306010365486145
0.7133239507675171
