71
0.2394265979528427
0.15427368879318237
0.11843853443861008
0.107557013630867
0.1153673306107521
0.3630113899707794
0.3043147027492523
0.1007034033536911
0.374070405960083
0.3337697982788086
0.2759953737258911
0.2918480932712555
0.34311026334762573
0.33959996700286865
0.07985404133796692
0.2087089717388153
0.0785585343837738
0.07571627199649811
0.10228138417005539
0.24227569997310638
0.1768331080675125
0.2266419529914856
0.2914286255836487
0.32296982407569885
0.6395487785339355
0.28589674830436707
0.4203428030014038
0.15982955694198608
0.4400288462638855
0.24954360723495483
0.18410375714302063
0.20364779233932495
0.19239844381809235
0.23435437679290771
0.4610731303691864
0.8011932373046875
0.5727348327636719
0.23192767798900604
0.48397237062454224
0.24495333433151245
0.2578079402446747
0.21471408009529114
0.48928046226501465
0.45633167028427124
0.5613367557525635
0.4990558624267578
0.7344302535057068
0.70710289478302
0.7452051043510437
0.7427927851676941
0.5346196293830872
0.7181291580200195
0.6020954251289368
0.503599226474762
0.7432004809379578
0.7051756978034973
0.425036758184433
0.496341735124588
0.545737087726593
0.6199274659156799
0.35478147864341736
0.5092014670372009
0.7896326780319214
0.37497469782829285
0.5946839451789856
0.5814950466156006
0.7177337408065796
0.5314471125602722
0.5714327096939087
0.8234850168228149
0.6480867266654968
