47
0.17459607124328613
0.20130059123039246
0.08452796190977097
0.26643106341362
0.10701461136341095
0.30259969830513
0.10551987588405609
0.34046730399131775
0.09570864588022232
0.13114255666732788
0.06904955953359604
0.2474578469991684
0.06580933183431625
0.07539518177509308
0.2606614828109741
0.07114607840776443
0.08220908790826797
0.3156454861164093
0.23613180220127106
0.16215088963508606
0.42501717805862427
0.5514087080955505
0.43026843667030334
0.5364997982978821
0.41344496607780457
0.5439768433570862
0.8500696420669556
0.8369653224945068
0.8381065130233765
0.19547834992408752
0.44589459896087646
0.5649186372756958
0.4226365089416504
0.5281727313995361
0.47658461332321167
0.5863446593284607
0.692879319190979
0.5303463935852051
0.5815396308898926
0.6710408329963684
0.5893042683601379
0.46599432826042175
0.3832099437713623
0.7350550293922424
0.8289146423339844
0.845187783241272
0.8408112525939941
