60
0.3486332893371582
0.2476292997598648
0.28999918699264526
0.3483714163303375
0.342350572347641
0.3001954257488251
0.33150309324264526
0.2756163775920868
0.13566690683364868
0.35497376322746277
0.34668204188346863
0.3081245720386505
0.19553536176681519
0.21929627656936646
0.19964204728603363
0.275124192237854
0.3033899664878845
0.13290749490261078
0.20814937353134155
0.14953045547008514
0.24175621569156647
0.7641659379005432
0.5503838062286377
0.4625505208969116
0.43400412797927856
0.24785107374191284
0.19502003490924835
0.20056287944316864
0.16211926937103271
0.14285559952259064
0.2528601288795471
0.766485333442688
0.5649678707122803
0.5047268271446228
0.4826638102531433
0.20899657905101776
0.1953921914100647
0.16722610592842102
0.1931242197751999
0.24914522469043732
0.6356617212295532
0.6896846294403076
0.45663920044898987
0.6120156049728394
0.6853964924812317
0.5060660243034363
0.5465908050537109
0.5377516150474548
0.41240036487579346
0.5702501535415649
0.49359920620918274
0.4471516013145447
0.7606558203697205
0.4292234778404236
0.3453786373138428
0.713704526424408
0.401044100522995
0.42124098539352417
0.7915930151939392
0.8130480647087097
