64
0.3177972435951233
0.26858726143836975
0.288300096988678
0.2881411612033844
0.3137352168560028
0.11258967220783234
0.36906692385673523
0.3327370584011078
0.1623535454273224
0.2895769476890564
0.2612896263599396
0.32893988490104675
0.3758045434951782
0.37070029973983765
0.36149969696998596
0.33014512062072754
0.2639002799987793
0.29920101165771484
0.08061476796865463
0.09018334746360779
0.275706946849823
0.2865004539489746
0.20526675879955292
0.4121016561985016
0.19090977311134338
0.4757568836212158
0.34352558851242065
0.2556121051311493
0.36559614539146423
0.32771578431129456
0.35310864448547363
0.8207072615623474
0.7798535823822021
0.27855414152145386
0.32110875844955444
0.5113880634307861
0.21764196455478668
0.5196207761764526
0.3815988302230835
0.2971729338169098
0.4156971871852875
0.4646441340446472
0.414707213640213
0.4418388903141022
0.6347023248672485
0.5848069787025452
0.4406818449497223
0.5630488991737366
0.6821075677871704
0.5425172448158264
0.4829294979572296
0.3638972043991089
0.48194193840026855
0.36090123653411865
0.5533621907234192
0.6367155313491821
0.5205760598182678
0.4307025671005249
0.4442978501319885
0.5218924880027771
0.4301101267337799
0.5392083525657654
0.7321143746376038
0.7748816013336182
