120
0.0954577773809433
0.3108140230178833
0.25972819328308105
0.4338376820087433
0.1810869574546814
0.2303546518087387
0.21341000497341156
0.19442620873451233
0.1441459059715271
0.10934660583734512
0.18407654762268066
0.2023000568151474
0.18357877433300018
0.15386565029621124
0.29638394713401794
0.20988290011882782
0.07797887176275253
0.1843036264181137
0.14374278485774994
0.14245498180389404
0.2813061475753784
0.15486033260822296
0.1172560453414917
0.07909997552633286
0.23758172988891602
0.1903166025876999
0.1379777044057846
0.48516175150871277
0.2653166651725769
0.1650899350643158
0.14427737891674042
0.33294880390167236
0.23593074083328247
0.19811828434467316
0.41914016008377075
0.38271278142929077
0.21889351308345795
0.4256584644317627
0.4281677305698395
0.38821205496788025
0.1841696947813034
0.5735321640968323
0.7691699266433716
0.7840521931648254
0.8085112571716309
0.786217212677002
0.7865762114524841
0.7846595048904419
0.8416369557380676
0.8454805016517639
0.5018436312675476
0.2337898463010788
0.2020334005355835
0.1722124218940735
0.38231489062309265
0.20032529532909393
0.3979482054710388
0.27449649572372437
0.3902590870857239
0.496112585067749
0.19104985892772675
0.4906509220600128
0.6890732049942017
0.6651619672775269
0.5605367422103882
0.49198591709136963
0.6492434740066528
0.41104117035865784
0.5355437994003296
0.5287952423095703
0.39308491349220276
0.7107326984405518
0.5861202478408813
0.5645709037780762
0.5609415173530579
0.42381802201271057
0.5911601781845093
0.4853891134262085
0.5866249799728394
0.5798829197883606
0.5888845920562744
0.6552330851554871
0.6385754346847534
0.5958627462387085
0.5811968445777893
0.47759324312210083
0.40278327465057373
0.448923259973526
0.4974629282951355
0.4160493314266205
0.47144439816474915
0.5463637113571167
0.4721720218658447
0.47437840700149536
0.3957469165325165
0.3681700825691223
0.4340763986110687
0.5893259644508362
0.5220714211463928
0.7203301787376404
0.6932581067085266
0.5843200087547302
0.4768707752227783
0.476870059967041
0.4768955409526825
0.5360406041145325
0.5360382199287415
0.536033034324646
0.7546258568763733
0.7546260952949524
0.754656195640564
0.6751346588134766
0.7653767466545105
0.8470076322555542
0.8421776294708252
0.844903290271759
0.7755094170570374
0.8204547166824341
0.7730426788330078
0.8193668127059937
