105
0.2836303412914276
0.1264427751302719
0.21450123190879822
0.21906305849552155
0.11043001711368561
0.25578710436820984
0.17144741117954254
0.15586350858211517
0.20828337967395782
0.3744065761566162
0.147588849067688
0.19308114051818848
0.19411036372184753
0.29861703515052795
0.33638468384742737
0.28511935472488403
0.15539300441741943
0.13209159672260284
0.14142350852489471
0.1903846710920334
0.1757042557001114
0.20219866931438446
0.0957849770784378
0.09225048869848251
0.22091785073280334
0.11823821812868118
0.2543456256389618
0.07581597566604614
0.21900741755962372
0.1043187603354454
0.10809887945652008
0.1633356213569641
0.09478095173835754
0.16733534634113312
0.27846559882164
0.10268749296665192
0.17460975050926208
0.16890090703964233
0.3754420280456543
0.46892914175987244
0.317920058965683
0.390484482049942
0.321928471326828
0.4086814522743225
0.2180555909872055
0.281919002532959
0.29710298776626587
0.3465459644794464
0.2951347231864929
0.19227518141269684
0.7868020534515381
0.6821256279945374
0.682116687297821
0.8199074268341064
0.5118058323860168
0.4494849443435669
0.3410486876964569
0.43441304564476013
0.3142227828502655
0.2811877131462097
0.2740427553653717
0.4563998878002167
0.3920123279094696
0.2713395953178406
0.47237706184387207
0.5481062531471252
0.4855877459049225
0.670597493648529
0.47269412875175476
0.6333747506141663
0.5901336073875427
0.38349759578704834
0.5445013642311096
0.587425947189331
0.3815023601055145
0.5415975451469421
0.5825250744819641
0.5352391004562378
0.5954601168632507
0.5686045289039612
0.4835995137691498
0.5789107084274292
0.37741395831108093
0.5340752005577087
0.6524333953857422
0.6097247004508972
0.5375692248344421
0.3786066174507141
0.2974925637245178
0.29750505089759827
0.4257780611515045
0.5177281498908997
0.681662917137146
0.8396468758583069
0.8112146854400635
0.7987444996833801
0.562353789806366
0.542730450630188
0.6164461374282837
0.48602113127708435
0.8142422437667847
0.7795594930648804
0.8009372353553772
0.7974658608436584
0.8145068287849426
