34
0.15384337306022644
0.11377056688070297
0.12657518684864044
0.07096050679683685
0.23851355910301208
0.10182204097509384
0.126563161611557
0.10486679524183273
0.13925257325172424
0.1289638876914978
0.21748782694339752
0.11631941050291061
0.44391947984695435
0.5133941173553467
0.22014456987380981
0.8356295228004456
0.8379318714141846
0.8299669027328491
0.4906308352947235
0.5145196914672852
0.2837669849395752
0.5403033494949341
0.49494919180870056
0.47752776741981506
0.5553966164588928
0.534166157245636
0.4015764594078064
0.5059335231781006
0.3810349702835083
0.4675132930278778
0.36144116520881653
0.7841070890426636
0.8350659012794495
0.8498497605323792
