224
0.08411633223295212
0.1312742829322815
0.09520208835601807
0.1056404560804367
0.09920046478509903
0.31888145208358765
0.36944952607154846
0.13004398345947266
0.333255797624588
0.08070260286331177
0.07820654660463333
0.1503998190164566
0.06858818233013153
0.1287582963705063
0.13523313403129578
0.08951712399721146
0.14028780162334442
0.14729636907577515
0.15711507201194763
0.3531395494937897
0.08935657888650894
0.13305075466632843
0.09844674170017242
0.12796083092689514
0.1679597795009613
0.16071051359176636
0.23202551901340485
0.0821978822350502
0.13101297616958618
0.08419483155012131
0.1181103065609932
0.13516046106815338
0.09585924446582794
0.3512435555458069
0.09187591075897217
0.15950314700603485
0.29470908641815186
0.12832964956760406
0.07037298381328583
0.13247083127498627
0.09807577729225159
0.06303828209638596
0.11684022843837738
0.08744277060031891
0.07709134370088577
0.14799395203590393
0.0626910924911499
0.08698464930057526
0.06637588143348694
0.33293265104293823
0.08599631488323212
0.06758856773376465
0.08793730288743973
0.09626737982034683
0.10917504876852036
0.12980268895626068
0.36515507102012634
0.20758627355098724
0.42789724469184875
0.2896091043949127
0.4460839629173279
0.2688397169113159
0.41488221287727356
0.23263835906982422
0.32323727011680603
0.49886614084243774
0.4198424220085144
0.438619464635849
0.360462486743927
0.42565205693244934
0.3849753737449646
0.22461824119091034
0.4725947976112366
0.18267633020877838
0.38477933406829834
0.5008342862129211
0.1700183004140854
0.3724161982536316
0.37143442034721375
0.8210321068763733
0.8106366991996765
0.8126083612442017
0.7663190364837646
0.8502964377403259
0.8462004661560059
0.6946390271186829
0.7952149510383606
0.434563547372818
0.243699312210083
0.2706373333930969
0.4726775288581848
0.2568173408508301
0.2772676348686218
0.42752817273139954
0.22928760945796967
0.320956289768219
0.4844009578227997
0.40269458293914795
0.39013156294822693
0.3174252212047577
0.23438586294651031
0.48261094093322754
0.3813350200653076
0.3138785660266876
0.3615819215774536
0.30556079745292664
0.49743378162384033
0.5818798542022705
0.2116013765335083
0.44260352849960327
0.23076599836349487
0.4698910117149353
0.4925232529640198
0.6206828355789185
0.5029317140579224
0.5671003460884094
0.7087042927742004
0.5732249617576599
0.49006322026252747
0.47950300574302673
0.6003007888793945
0.6429715156555176
0.45358774065971375
0.589285671710968
0.4927462041378021
0.5516517162322998
0.3527733385562897
0.4823245704174042
0.48652559518814087
0.5488144159317017
0.34902194142341614
0.4728478193283081
0.540401816368103
0.34017881751060486
0.5416246652603149
0.3985712230205536
0.49627119302749634
0.5131525993347168
0.533846914768219
0.5802526473999023
0.46158573031425476
0.49054190516471863
0.46531379222869873
0.40669485926628113
0.6113122701644897
0.6578876972198486
0.46282777190208435
0.5189934968948364
0.581470787525177
0.3721458315849304
0.5560553669929504
0.6206947565078735
0.4091961979866028
0.580483615398407
0.6461741924285889
0.4420665502548218
0.5634901523590088
0.497234582901001
0.47191596031188965
0.5012614727020264
0.5420604944229126
0.4266364574432373
0.519665539264679
0.3498372733592987
0.41712304949760437
0.5841062068939209
0.3488621711730957
0.4915313720703125
0.4153900146484375
0.5285266637802124
0.5099613666534424
0.5597221851348877
0.625048816204071
0.5118165612220764
0.5291449427604675
0.4155474007129669
0.5955967903137207
0.6064199805259705
0.5937616229057312
0.6399204134941101
0.5220915079116821
0.5859546065330505
0.587655246257782
0.5472519397735596
0.8114979267120361
0.8276368975639343
0.5897649526596069
0.4814406931400299
0.35264256596565247
0.6088232398033142
0.49401652812957764
0.8102412819862366
0.742880642414093
0.5892654061317444
0.6777874827384949
0.8171335458755493
0.623059868812561
0.6339446306228638
0.6462902426719666
0.8157118558883667
0.5666402578353882
0.433112770318985
0.3325516879558563
0.8121208548545837
0.512479305267334
0.5124737620353699
0.41487908363342285
0.7112118601799011
0.7112048268318176
0.6024665236473083
0.8414908051490784
0.7634031176567078
0.8358643054962158
0.8282842636108398
0.8265924453735352
0.7767921686172485
0.8319140672683716
0.756254255771637
0.8352073431015015
0.8482229113578796
0.8250350952148438
0.8444528579711914
0.844667375087738
0.8403300046920776
