112
0.09332834184169769
0.13002923130989075
0.12662161886692047
0.2981640100479126
0.3590104579925537
0.2734789252281189
0.14180278778076172
0.289122074842453
0.3036365509033203
0.10787645727396011
0.24258267879486084
0.3104914128780365
0.13991399109363556
0.14873071014881134
0.08050388097763062
0.08926129341125488
0.3404960632324219
0.32821571826934814
0.0690053254365921
0.0761050432920456
0.0769461914896965
0.20465634763240814
0.3159889578819275
0.12263691425323486
0.19716346263885498
0.09003863483667374
0.213693767786026
0.22072453796863556
0.16198670864105225
0.17196491360664368
0.30070850253105164
0.19247035682201385
0.22383956611156464
0.1957646906375885
0.3106492757797241
0.49889037013053894
0.3729225695133209
0.44436392188072205
0.27984127402305603
0.45925024151802063
0.32737991213798523
0.30682551860809326
0.1820465326309204
0.19038869440555573
0.26692840456962585
0.16795527935028076
0.5122439861297607
0.29735955595970154
0.26711025834083557
0.2759679853916168
0.5255008339881897
0.7760489583015442
0.500579833984375
0.3632897138595581
0.43284881114959717
0.3765474557876587
0.3502700626850128
0.4483068287372589
0.392304390668869
0.2204667627811432
0.2154303938150406
0.5471352934837341
0.32534289360046387
0.2872958481311798
0.28993088006973267
0.37613433599472046
0.21924591064453125
0.38125619292259216
0.5240284204483032
0.5539805293083191
0.5568878054618835
0.5661221742630005
0.24733902513980865
0.599936306476593
0.5243083834648132
0.6438814997673035
0.5675156712532043
0.5244258642196655
0.5048847794532776
0.5522202849388123
0.22582004964351654
0.6343249678611755
0.6154236197471619
0.522203803062439
0.6113405227661133
0.5029482245445251
0.626335620880127
0.6662830710411072
0.5639166831970215
0.4728948473930359
0.3946385085582733
0.6020049452781677
0.6785128712654114
0.5064682364463806
0.6714755892753601
0.48791804909706116
0.5754092931747437
0.3836510181427002
0.678209125995636
0.5552787184715271
0.733751118183136
0.4940328001976013
0.5992546677589417
0.6617063879966736
0.7432674169540405
0.5476248860359192
0.31248220801353455
0.43113067746162415
0.49505186080932617
0.5036112666130066
0.8028696179389954
0.8053901791572571
