69
0.12377089262008667
0.11108013242483139
0.12286513298749924
0.09478672593832016
0.33977553248405457
0.22783757746219635
0.24479889869689941
0.11463312059640884
0.08978553861379623
0.30627766251564026
0.10448089241981506
0.20867900550365448
0.20963191986083984
0.11118229478597641
0.13136795163154602
0.07338856905698776
0.10121116787195206
0.06704825907945633
0.30313730239868164
0.1629921942949295
0.19991075992584229
0.09644149243831635
0.10528168827295303
0.1227564588189125
0.43993350863456726
0.2576059401035309
0.25681522488594055
0.43705958127975464
0.28371742367744446
0.20464590191841125
0.4157816767692566
0.2272244393825531
0.42115527391433716
0.428550124168396
0.828472912311554
0.3904087543487549
0.4241746962070465
0.24893595278263092
0.4510617256164551
0.2678705155849457
0.5116916298866272
0.4126508831977844
0.5998186469078064
0.5438950061798096
0.5759563446044922
0.6953830718994141
0.5789984464645386
0.40900152921676636
0.7152241468429565
0.5787190198898315
0.6392568945884705
0.5186201333999634
0.5931750535964966
0.7084316611289978
0.5589398741722107
0.38091522455215454
0.716058075428009
0.5639334321022034
0.5555652976036072
0.23642423748970032
0.3969654142856598
0.36103495955467224
0.3092416226863861
0.49573925137519836
0.4798719584941864
0.5587719678878784
0.8435138463973999
0.7350005507469177
0.8325784206390381
