215
0.2580372095108032
0.34655746817588806
0.20499679446220398
0.2597874104976654
0.115883007645607
0.2869354784488678
0.14601995050907135
0.18520484864711761
0.1622178554534912
0.07918556779623032
0.1678427904844284
0.26413699984550476
0.2585267126560211
0.3106154799461365
0.10486893355846405
0.3462068736553192
0.36469894647598267
0.36511921882629395
0.3701152205467224
0.30905020236968994
0.23477675020694733
0.11288914084434509
0.13758304715156555
0.3093554377555847
0.24888785183429718
0.16033202409744263
0.19155877828598022
0.09326978772878647
0.18434560298919678
0.2790512144565582
0.07970774918794632
0.08781629800796509
0.10451071709394455
0.10953361541032791
0.06191740557551384
0.12310965359210968
0.20958994328975677
0.230147585272789
0.28437376022338867
0.30777618288993835
0.30009758472442627
0.3383757472038269
0.07183714956045151
0.07222407311201096
0.15883241593837738
0.22757956385612488
0.06679344922304153
0.17758575081825256
0.1763964295387268
0.1598353236913681
0.15897271037101746
0.34522464871406555
0.18404632806777954
0.3791979253292084
0.19171154499053955
0.21718254685401917
0.2938475012779236
0.41619113087654114
0.4513587951660156
0.1841515600681305
0.24660128355026245
0.27134454250335693
0.2677571475505829
0.1659889817237854
0.17660796642303467
0.2986183166503906
0.28533482551574707
0.3591160774230957
0.48965728282928467
0.5099555253982544
0.5019832253456116
0.4882674813270569
0.1671813577413559
0.16132883727550507
0.4482993185520172
0.37043190002441406
0.4258534610271454
0.16825637221336365
0.828301191329956
0.8222606778144836
0.7945590615272522
0.7944484353065491
0.7238823175430298
0.8344705104827881
0.7194778919219971
0.6957613229751587
0.7835723161697388
0.7569596767425537
0.7512972354888916
0.8243604898452759
0.8039349913597107
0.804137647151947
0.18419069051742554
0.38156187534332275
0.18610642850399017
0.37072744965553284
0.2239142805337906
0.23782558739185333
0.33767813444137573
0.43478184938430786
0.47031646966934204
0.1967078149318695
0.3256874680519104
0.2597217857837677
0.2572925388813019
0.19295725226402283
0.19998416304588318
0.355058878660202
0.3289365768432617
0.32941922545433044
0.4496217370033264
0.309592068195343
0.4231138229370117
0.3106379806995392
0.42446842789649963
0.5262668132781982
0.5707197189331055
0.18154814839363098
0.20698757469654083
0.44274666905403137
0.49362698197364807
0.43175163865089417
0.18296977877616882
0.4571417570114136
0.42598679661750793
0.5691959857940674
0.5965030789375305
0.5430192947387695
0.6656940579414368
0.5626400709152222
0.6480432152748108
0.5244818329811096
0.553529679775238
0.6815035343170166
0.7172861695289612
0.4496036469936371
0.5063105225563049
0.5175272822380066
0.456687331199646
0.6106378436088562
0.43357643485069275
0.5768470764160156
0.5797735452651978
0.6645174026489258
0.4965810775756836
0.5178536176681519
0.6617924571037292
0.6791683435440063
0.45912736654281616
0.4278659522533417
0.5302308797836304
0.5516316890716553
0.44252443313598633
0.5714800953865051
0.5833701491355896
0.4385622441768646
0.6065418124198914
0.41973185539245605
0.5689533948898315
0.6215074062347412
0.5969457030296326
0.6715245246887207
0.6715644001960754
0.4958935081958771
0.49580055475234985
0.6624791622161865
0.6624337434768677
0.5801485180854797
0.5407561659812927
0.601928174495697
0.4873710870742798
0.5835434198379517
0.4986632466316223
0.5180403590202332
0.581443190574646
0.5156819224357605
0.49827563762664795
0.662104070186615
0.6622651219367981
0.5121684074401855
0.407121479511261
0.5203527212142944
0.7226988077163696
0.5122585296630859
0.569958508014679
0.6224318742752075
0.6224570870399475
0.6548026204109192
0.47168636322021484
0.6786448359489441
0.7659919857978821
0.401836633682251
0.40238574147224426
0.36129245162010193
0.694115936756134
0.4708666503429413
0.5741561055183411
0.48108556866645813
0.4479881227016449
0.4276161789894104
0.4280429184436798
0.3493269681930542
0.7855056524276733
0.7830412983894348
0.7826979756355286
0.4585210084915161
0.5083682537078857
0.8337755799293518
0.7308604717254639
0.8096868395805359
0.8098586201667786
0.6133372783660889
0.6723355054855347
0.7702235579490662
0.8170110583305359
