56
0.2155216485261917
0.16387513279914856
0.08169429749250412
0.21091420948505402
0.19687415659427643
0.28634771704673767
0.34816256165504456
0.1186259314417839
0.32738247513771057
0.34118327498435974
0.4067298471927643
0.17873796820640564
0.15325328707695007
0.15482184290885925
0.16322709619998932
0.17240676283836365
0.3224910497665405
0.09766488522291183
0.27508148550987244
0.1621847301721573
0.4070274531841278
0.16836673021316528
0.4170464873313904
0.8168378472328186
0.7703812122344971
0.8065921068191528
0.4473932981491089
0.21576708555221558
0.4690989851951599
0.5704112648963928
0.7626753449440002
0.6533923745155334
0.6398100852966309
0.46316370368003845
0.6213111877441406
0.5882222652435303
0.703889787197113
0.6558077931404114
0.7667210698127747
0.6437344551086426
0.5286524891853333
0.6823065280914307
0.5269334316253662
0.5406321883201599
0.5905241966247559
0.5185816287994385
0.41102099418640137
0.5750725269317627
0.49842599034309387
0.6622118353843689
0.6053195595741272
0.5088374614715576
0.7850514650344849
0.761687159538269
0.3717791736125946
0.8425586819648743
