279
0.12493780255317688
0.12129669636487961
0.13373436033725739
0.3266677260398865
0.12305677682161331
0.13955992460250854
0.1791214942932129
0.10846078395843506
0.12335140258073807
0.11049351096153259
0.19006051123142242
0.07725376635789871
0.11214306205511093
0.11802679300308228
0.0986650213599205
0.10402356088161469
0.08577465265989304
0.09323996305465698
0.2124832570552826
0.15891094505786896
0.09336762130260468
0.21048472821712494
0.13214457035064697
0.28234243392944336
0.1846122443675995
0.1683003306388855
0.1344081610441208
0.1752101331949234
0.0868736058473587
0.16770823299884796
0.10464607924222946
0.14184395968914032
0.07586662471294403
0.07210705429315567
0.17327380180358887
0.08468370884656906
0.08313120901584625
0.0830620750784874
0.1330011636018753
0.0735049843788147
0.14872345328330994
0.1879994422197342
0.07186248898506165
0.1440483182668686
0.18523238599300385
0.13986057043075562
0.10942751169204712
0.08637116104364395
0.07100607454776764
0.0976887047290802
0.10093044489622116
0.12188200652599335
0.1983531415462494
0.13086099922657013
0.2065989077091217
0.14942090213298798
0.2204979956150055
0.21086415648460388
0.2626539468765259
0.1467544287443161
0.13001367449760437
0.13126017153263092
0.1688595861196518
0.12067902833223343
0.23003201186656952
0.11590839922428131
0.17777380347251892
0.09741223603487015
0.07857755571603775
0.10275954753160477
0.10126534104347229
0.1940104365348816
0.2155441790819168
0.15975677967071533
0.17251193523406982
0.1687466949224472
0.20569775998592377
0.37862056493759155
0.1308622807264328
0.15332169830799103
0.2629068195819855
0.11590929329395294
0.13068614900112152
0.196530282497406
0.34520453214645386
0.348728209733963
0.44396185874938965
0.25432300567626953
0.35923269391059875
0.3629065454006195
0.46826761960983276
0.41308557987213135
0.20702438056468964
0.24947230517864227
0.32152482867240906
0.3793719708919525
0.3510969579219818
0.44321149587631226
0.2181738018989563
0.1928071528673172
0.5342613458633423
0.8455884456634521
0.8442625403404236
0.8453840613365173
0.8284279108047485
0.8259620666503906
0.8482022881507874
0.8369842171669006
0.7530789971351624
0.8320820927619934
0.8431565165519714
0.8466391563415527
0.19666549563407898
0.22038079798221588
0.2046477198600769
0.22571150958538055
0.15884514153003693
0.190728098154068
0.34445133805274963
0.15295591950416565
0.1806827038526535
0.3130566477775574
0.16120699048042297
0.1878328025341034
0.3082808256149292
0.41106611490249634
0.41505005955696106
0.5257261991500854
0.3282786011695862
0.33162829279899597
0.4259383976459503
0.24284256994724274
0.32419028878211975
0.32748594880104065
0.422232449054718
0.2403869330883026
0.4509908854961395
0.20644965767860413
0.3242477476596832
0.40997353196144104
0.5378770232200623
0.5027708411216736
0.37758973240852356
0.2463080883026123
0.22194264829158783
0.4501936733722687
0.5484082102775574
0.5920668244361877
0.5131332278251648
0.5644742846488953
0.6350226998329163
0.6059487462043762
0.6452832818031311
0.5835688710212708
0.5533909797668457
0.4329597055912018
0.4787595272064209
0.4296990931034088
0.4081437587738037
0.4857301414012909
0.5324999690055847
0.478788286447525
0.4536795914173126
0.5893116593360901
0.6300811767578125
0.5743260383605957
0.5480645895004272
0.6572226285934448
0.6912506222724915
0.6518740057945251
0.6207907199859619
0.5106461644172668
0.5555963516235352
0.5061116218566895
0.39518803358078003
0.5123310089111328
0.3069685101509094
0.5720839500427246
0.585713803768158
0.302558571100235
0.44215673208236694
0.5308454632759094
0.501947283744812
0.5518907904624939
0.5009252429008484
0.5507236123085022
0.5723685026168823
0.6186714768409729
0.5281258225440979
0.4922615885734558
0.5416841506958008
0.4898608326911926
0.46651437878608704
0.4526416063308716
0.49863675236701965
0.45376724004745483
0.6407670378684998
0.6775642037391663
0.6432844400405884
0.6116833090782166
0.4021218419075012
0.4925203025341034
0.2401144653558731
0.5505192875862122
0.4858247637748718
0.2658255696296692
0.6268682479858398
0.4632827937602997
0.5833155512809753
0.39759179949760437
0.5416582226753235
0.5703253746032715
0.5893576741218567
0.4482083320617676
0.5424007177352905
0.5114008188247681
0.42057275772094727
0.467166930437088
0.4732609987258911
0.42980754375457764
0.43203794956207275
0.6576353907585144
0.6244205832481384
0.6075184941291809
0.49245867133140564
0.4634958803653717
0.497698575258255
0.3920850455760956
0.3332524001598358
0.5284625887870789
0.46805962920188904
0.5838256478309631
0.5848105549812317
0.5303696990013123
0.5341909527778625
0.39920198917388916
0.5758810639381409
0.7457061409950256
0.5630697011947632
0.5891492366790771
0.811095118522644
0.3458919823169708
0.8216266632080078
0.535030722618103
0.5238943099975586
0.5707869529724121
0.6025050282478333
0.3083636164665222
0.388353556394577
0.5732888579368591
0.5066453814506531
0.34806931018829346
0.4577038586139679
0.6295492649078369
0.63288813829422
0.8192427754402161
0.7840717434883118
0.44678279757499695
0.41854676604270935
0.39042118191719055
0.32283198833465576
0.47389575839042664
0.4601593315601349
0.4582365155220032
0.5509324669837952
0.3977607190608978
0.5297982096672058
0.83730149269104
0.827763557434082
0.8392527103424072
0.8418757915496826
0.8347563147544861
0.7915764451026917
0.82058185338974
0.8097456693649292
0.6619818806648254
0.7686783671379089
0.793346643447876
0.747255802154541
