48
0.283101350069046
0.4137464463710785
0.27899280190467834
0.33876049518585205
0.33905184268951416
0.35230520367622375
0.12391103059053421
0.14645296335220337
0.3265588879585266
0.22521208226680756
0.29986849427223206
0.1846386045217514
0.3230174481868744
0.11893638223409653
0.0806276723742485
0.08434627205133438
0.23171992599964142
0.18842902779579163
0.2436734288930893
0.225409135222435
0.2812391221523285
0.813848078250885
0.8525438904762268
0.8221040368080139
0.36713919043540955
0.29458826780319214
0.18281760811805725
0.19425123929977417
0.18196624517440796
0.3088461458683014
0.5194304585456848
0.28195831179618835
0.4972486197948456
0.5298290252685547
0.2519910931587219
0.4652808606624603
0.5204348564147949
0.23277033865451813
0.30147841572761536
0.5493809580802917
0.5029903650283813
0.415484219789505
0.40799352526664734
0.48285606503486633
0.4646095931529999
0.7635664939880371
0.5532416105270386
0.5539838671684265
