95
0.15458568930625916
0.2312002182006836
0.17687299847602844
0.1091969683766365
0.21348683536052704
0.2191118746995926
0.0866931676864624
0.09950657188892365
0.23373450338840485
0.1485866755247116
0.18318472802639008
0.20540422201156616
0.19901147484779358
0.21616192162036896
0.23185043036937714
0.11299819499254227
0.15769174695014954
0.2615012228488922
0.06791848689317703
0.07395239919424057
0.2452671080827713
0.1903124451637268
0.19780412316322327
0.16781531274318695
0.1884337216615677
0.18371017277240753
0.2682507336139679
0.2407308667898178
0.20851923525333405
0.2692752480506897
0.23071599006652832
0.20087526738643646
0.2405933290719986
0.22510166466236115
0.8036115765571594
0.8425917029380798
0.2785263955593109
0.25026729702949524
0.2804563641548157
0.23553861677646637
0.2876482307910919
0.2474452555179596
0.2952198386192322
0.23469661176204681
0.26848024129867554
0.6130051016807556
0.613049328327179
0.6533411145210266
0.6533805727958679
0.47791746258735657
0.4774535000324249
0.5466681718826294
0.6393678188323975
0.5287984609603882
0.5288742184638977
0.5356665849685669
0.5357404351234436
0.5403884649276733
0.540381669998169
0.4913545250892639
0.4913475215435028
0.41981223225593567
0.4910375773906708
0.5291096568107605
0.6262280941009521
0.41522106528282166
0.4250943660736084
0.4979951083660126
0.48605918884277344
0.5870252847671509
0.5368009209632874
0.49286699295043945
0.4616278111934662
0.555870532989502
0.5245266556739807
0.573447585105896
0.5889592170715332
0.3762884736061096
0.5164512991905212
0.4431321322917938
0.49504750967025757
0.4620823562145233
0.6237071752548218
0.8038007616996765
0.4385673701763153
0.803801417350769
0.438568115234375
0.8437846302986145
0.7858904600143433
0.7342125773429871
0.7860109210014343
0.7343895435333252
0.8271461725234985
0.7911497354507446
0.8024167418479919
