362
0.19042915105819702
0.20766767859458923
0.3681008815765381
0.0785110592842102
0.07395841181278229
0.22248215973377228
0.08832806348800659
0.11206793785095215
0.2831574082374573
0.14483782649040222
0.09652530401945114
0.14763212203979492
0.2071828842163086
0.11909852176904678
0.0960569903254509
0.1584828495979309
0.1313742697238922
0.09497056901454926
0.07900036126375198
0.08991623669862747
0.07551176846027374
0.08599380403757095
0.1386568397283554
0.07435119897127151
0.10353612899780273
0.12141147255897522
0.12242256850004196
0.31766653060913086
0.3248382806777954
0.11631524562835693
0.31393763422966003
0.44178399443626404
0.383506715297699
0.4621889293193817
0.4641095697879791
0.17907145619392395
0.11064260452985764
0.08647822588682175
0.08099164068698883
0.09159966558218002
0.2522341310977936
0.10362722724676132
0.08718456327915192
0.09860825538635254
0.2634265720844269
0.12273278087377548
0.14486144483089447
0.16610218584537506
0.32661256194114685
0.3897530436515808
0.4214614927768707
0.08362860232591629
0.15611368417739868
0.16622181236743927
0.2505987584590912
0.2585820257663727
0.24435371160507202
0.3010624647140503
0.06411009281873703
0.17669622600078583
0.07454723864793777
0.08826345950365067
0.2402821183204651
0.1200997456908226
0.12477494776248932
0.12006407231092453
0.10942183434963226
0.09103422611951828
0.1309138983488083
0.13953199982643127
0.15319493412971497
0.1416919231414795
0.16706730425357819
0.07409586757421494
0.10113022476434708
0.09548675268888474
0.12698742747306824
0.11694232374429703
0.2484228014945984
0.2986235022544861
0.3522791564464569
0.07583507150411606
0.08839709311723709
0.09121273458003998
0.26465028524398804
0.09375053644180298
0.09698354452848434
0.15735438466072083
0.27227267622947693
0.09499665349721909
0.15333811938762665
0.2671782374382019
0.10775976628065109
0.1588107943534851
0.2603074312210083
0.3125435411930084
0.06915806978940964
0.10702399164438248
0.09920025616884232
0.1078772097826004
0.22617347538471222
0.20382709801197052
0.18625880777835846
0.1887618899345398
0.48319610953330994
0.18737180531024933
0.2095646858215332
0.2218473255634308
0.5395906567573547
0.186399444937706
0.3374263048171997
0.355021595954895
0.25246819853782654
0.29358962178230286
0.520085334777832
0.257114976644516
0.5198328495025635
0.42970824241638184
0.6366657018661499
0.2603524923324585
0.473949670791626
0.8351662755012512
0.7671890258789062
0.8106427192687988
0.836700439453125
0.8096960186958313
0.8211164474487305
0.8112471699714661
0.8443355560302734
0.8155724406242371
0.8221829533576965
0.8504800796508789
0.8211007714271545
0.7796666622161865
0.7995304465293884
0.7990361452102661
0.7773458361625671
0.8406175374984741
0.8444929718971252
0.8345227241516113
0.8283615112304688
0.30853432416915894
0.6186169981956482
0.26729893684387207
0.20136292278766632
0.5033677816390991
0.18291522562503815
0.21163897216320038
0.5194665193557739
0.2144814431667328
0.2265283614397049
0.5384846925735474
0.19405800104141235
0.21016855537891388
0.3508489727973938
0.35160720348358154
0.40889155864715576
0.25284522771835327
0.3299860656261444
0.28343236446380615
0.28578290343284607
0.46167778968811035
0.5077976584434509
0.5072431564331055
0.5506865978240967
0.5475636124610901
0.5302419066429138
0.2886740565299988
0.6648803353309631
0.252240389585495
0.48027241230010986
0.5687992572784424
0.6730441451072693
0.4433804750442505
0.56357342004776
0.5380464792251587
0.6496012210845947
0.5309244990348816
0.6436256766319275
0.662322461605072
0.7434808611869812
0.4877704679965973
0.6646125316619873
0.48924607038497925
0.5945330262184143
0.6656298041343689
0.5898038744926453
0.7289445400238037
0.5699440836906433
0.6279689073562622
0.5427591800689697
0.4532029330730438
0.5577876567840576
0.4883505403995514
0.6054190993309021
0.6676520109176636
0.6306539177894592
0.5230274796485901
0.5017489194869995
0.7459555864334106
0.5333754420280457
0.6332402229309082
0.7591224908828735
0.5624251365661621
0.6551889181137085
0.7367105484008789
0.5311886668205261
0.6344415545463562
0.7547906637191772
0.7977719306945801
0.7638063430786133
0.4257773756980896
0.5706889629364014
0.5789967775344849
0.4987115263938904
0.5701566934585571
0.5785068869590759
0.49879851937294006
0.6121987700462341
0.6213778257369995
0.537531852722168
0.6075005531311035
0.6167763471603394
0.5413867235183716
0.5878769755363464
0.5969600081443787
0.5425934195518494
0.5149303674697876
0.69760662317276
0.7060885429382324
0.6599442362785339
0.5462610125541687
0.5402112603187561
0.5922819972038269
0.54282146692276
0.589730978012085
0.4209592342376709
0.5418246984481812
0.6234456896781921
0.7157058119773865
0.5082373023033142
0.6883068084716797
0.5934903025627136
0.6736039519309998
0.4909670352935791
0.6646305918693542
0.5939182639122009
0.5952219367027283
0.5556188225746155
0.4059370458126068
0.5229495167732239
0.4785010814666748
0.41774213314056396
0.7253592014312744
0.5449026823043823
0.6506921052932739
0.6945701241493225
0.5070744156837463
0.6206229329109192
0.6995269060134888
0.5396828055381775
0.6491140127182007
0.8053442239761353
0.5070687532424927
0.5819781422615051
0.591349720954895
0.5144496560096741
0.5799981355667114
0.5897477269172668
0.5221708416938782
0.4885641932487488
0.49476850032806396
0.46379032731056213
0.6668535470962524
0.6759098172187805
0.6445499062538147
0.587673008441925
0.5671067833900452
0.5962013006210327
0.5663211941719055
0.5919051766395569
0.39935460686683655
0.6008583307266235
0.6641828417778015
0.5775858163833618
0.6467733979225159
0.5636959671974182
0.6353605389595032
0.48297932744026184
0.5885910391807556
0.4256642460823059
0.4675597846508026
0.6162152290344238
0.419949471950531
0.4780546724796295
0.6247459053993225
0.4313359260559082
0.5130889415740967
0.6563934087753296
0.4686385691165924
0.42830803990364075
0.4772510230541229
0.5031394362449646
0.4957357943058014
0.3206682801246643
0.636333703994751
0.6566711664199829
0.4506061375141144
0.689086377620697
0.6336164474487305
0.42228811979293823
0.6599030494689941
0.6647175550460815
0.4743616580963135
0.6793253421783447
0.6985145807266235
0.7499169111251831
0.5085695385932922
0.5510071516036987
0.5108339190483093
0.5486041307449341
0.42844873666763306
0.45985203981399536
0.6348038911819458
0.6376089453697205
0.4706031382083893
0.6619699001312256
0.5086696743965149
0.550173819065094
0.5122509002685547
0.5461549758911133
0.5658051371574402
0.6264153718948364
0.5686058402061462
0.5442360639572144
0.7815399765968323
0.7984607815742493
0.7745068073272705
0.5679253935813904
0.5551773309707642
0.50260329246521
0.723705530166626
0.4644162654876709
0.47258272767066956
0.56171053647995
0.43080052733421326
0.5937719345092773
0.5050283074378967
0.42553529143333435
0.568722665309906
0.3714606463909149
0.8470342755317688
0.8075800538063049
0.8268995881080627
0.8367347121238708
0.8457437753677368
0.8412020206451416
0.8294525742530823
0.7767093777656555
0.7752220034599304
0.8303582072257996
0.7406438589096069
