56
0.1384880095720291
0.19664117693901062
0.31151923537254333
0.23830200731754303
0.16161096096038818
0.10449959337711334
0.20120510458946228
0.11309283971786499
0.25590774416923523
0.3096762001514435
0.236882284283638
0.09378210455179214
0.06388967484235764
0.2017807811498642
0.23464827239513397
0.39130401611328125
0.40324991941452026
0.800167441368103
0.8428226709365845
0.8399650454521179
0.8492393493652344
0.7749657034873962
0.7899075150489807
0.8418992757797241
0.2655383348464966
0.40368103981018066
0.5189430713653564
0.5537784099578857
0.25091487169265747
0.46711301803588867
0.6356711983680725
0.6227673888206482
0.7408829927444458
0.7256243824958801
0.5524476766586304
0.618911862373352
0.4894520938396454
0.20625734329223633
0.40324318408966064
0.5349887609481812
0.5271886587142944
0.7190418839454651
0.7027361392974854
0.5499639511108398
0.6289462447166443
0.4838351607322693
0.4849453568458557
0.3923243284225464
0.6028259992599487
0.6327406764030457
0.42796590924263
0.6838103532791138
0.5642952919006348
0.7447847723960876
0.8218908905982971
0.8401941657066345
