82
0.09023184329271317
0.17834174633026123
0.11331970244646072
0.06872204691171646
0.16449978947639465
0.16581158339977264
0.2749898135662079
0.11925458908081055
0.13513383269309998
0.16016310453414917
0.1685572862625122
0.20479506254196167
0.18248464167118073
0.13412490487098694
0.12943625450134277
0.1322806179523468
0.09111305326223373
0.1739574521780014
0.0896117314696312
0.06822609156370163
0.1246010884642601
0.23548199236392975
0.09951619058847427
0.16274353861808777
0.0936444029211998
0.13001404702663422
0.15183424949645996
0.22629565000534058
0.21616023778915405
0.1975334882736206
0.3220115900039673
0.15371602773666382
0.46914219856262207
0.31033557653427124
0.17641480267047882
0.18016496300697327
0.2674006521701813
0.2523156702518463
0.8330702781677246
0.842879056930542
0.2330320030450821
0.22227846086025238
0.2504426836967468
0.238480806350708
0.23634110391139984
0.2253306657075882
0.21883611381053925
0.20936354994773865
0.28561878204345703
0.27090299129486084
0.28103119134902954
0.3799654543399811
0.1675058901309967
0.517438530921936
0.3397766947746277
0.21586835384368896
0.2026277482509613
0.30437135696411133
0.258951336145401
0.22911766171455383
0.21854086220264435
0.2926236093044281
0.27755191922187805
0.5195887684822083
0.618431806564331
0.47131285071372986
0.6462362408638
0.577620267868042
0.5655730366706848
0.4180225729942322
0.5102707147598267
0.5102195143699646
0.5226758122444153
0.5644734501838684
0.580702543258667
0.507804274559021
0.5249976515769958
0.48432624340057373
0.6362534165382385
0.4442782998085022
0.302310585975647
0.8201987147331238
