122
0.08379571884870529
0.14076004922389984
0.1213538646697998
0.15494480729103088
0.226141557097435
0.3142727315425873
0.22280669212341309
0.30519622564315796
0.31463056802749634
0.28822070360183716
0.24205780029296875
0.3400824964046478
0.27491867542266846
0.3038221597671509
0.3477019965648651
0.17870157957077026
0.2840827405452728
0.09327004849910736
0.27128878235816956
0.06381931155920029
0.10734815150499344
0.06736689060926437
0.08311379700899124
0.08920393884181976
0.178314670920372
0.0898546427488327
0.17689132690429688
0.307435005903244
0.23264259099960327
0.19727221131324768
0.28092390298843384
0.22781305015087128
0.30086344480514526
0.33040156960487366
0.16620215773582458
0.1198727935552597
0.266221284866333
0.0833292305469513
0.31091466546058655
0.20576642453670502
0.2082270383834839
0.2204156219959259
0.18290944397449493
0.1926243156194687
0.3933056592941284
0.20200780034065247
0.5041218996047974
0.26496151089668274
0.441249281167984
0.3117474317550659
0.3538580536842346
0.3588094711303711
0.8433311581611633
0.8339887857437134
0.8416298627853394
0.23174437880516052
0.18699973821640015
0.19704166054725647
0.18339315056800842
0.19272197782993317
0.4123988747596741
0.21776139736175537
0.5244848728179932
0.2834448516368866
0.5573421716690063
0.33420678973197937
0.3179306089878082
0.5211539268493652
0.4302864074707031
0.5609277486801147
0.48116040229797363
0.3979206681251526
0.5244897603988647
0.6652137041091919
0.6390150785446167
0.5396859049797058
0.4962003231048584
0.5892912745475769
0.5914757251739502
0.5735976696014404
0.480017751455307
0.6285692453384399
0.48879751563072205
0.4036507308483124
0.5518404841423035
0.6001632809638977
0.6275674700737
0.5095625519752502
0.5443077087402344
0.6419450044631958
0.6458956003189087
0.5848772525787354
0.5314510464668274
0.48629939556121826
0.6097540259361267
0.5806915163993835
0.6504428386688232
0.7053834795951843
0.6262446045875549
0.6622093915939331
0.7363117337226868
0.7083973288536072
0.710850715637207
0.6031389832496643
0.5804460644721985
0.7670125961303711
0.5456854104995728
0.7194462418556213
0.5514968633651733
0.5936224460601807
0.5837440490722656
0.566487193107605
0.5564486980438232
0.6048507690429688
0.7494482398033142
0.5293750166893005
0.7389141917228699
0.79740971326828
0.7811001539230347
0.8045124411582947
0.5909237265586853
0.8202088475227356
