52
0.12649323046207428
0.12711463868618011
0.08771312981843948
0.1439904421567917
0.2936800420284271
0.21300847828388214
0.1877419352531433
0.20218563079833984
0.13118241727352142
0.08284112811088562
0.12612812221050262
0.06560776382684708
0.0932590588927269
0.2290755659341812
0.1365324854850769
0.1599453240633011
0.1204376295208931
0.12210952490568161
0.21867862343788147
0.4763791561126709
0.27470192313194275
0.18603454530239105
0.2785063683986664
0.8387017846107483
0.8430166840553284
0.8189453482627869
0.23036426305770874
0.45312681794166565
0.30044347047805786
0.2231418639421463
0.2677397131919861
0.5438640713691711
0.5250647664070129
0.6503742337226868
0.619952917098999
0.5311409831047058
0.5044953227043152
0.5625645518302917
0.588387131690979
0.5789253115653992
0.5863298177719116
0.4851154088973999
0.49310103058815
0.5941321849822998
0.6400976777076721
0.5851927995681763
0.5751255750656128
0.4766525328159332
0.7415558695793152
0.5520003437995911
0.47129493951797485
0.8154010772705078
