138
0.37464675307273865
0.3432130813598633
0.35375404357910156
0.08411114662885666
0.07037470489740372
0.10675904154777527
0.1609867662191391
0.1728121042251587
0.07151322066783905
0.16509908437728882
0.32652992010116577
0.1776798516511917
0.23259200155735016
0.10192028433084488
0.11745432019233704
0.14107723534107208
0.19177202880382538
0.20136578381061554
0.18852461874485016
0.19776251912117004
0.10820846259593964
0.11158048361539841
0.3508325219154358
0.06622188538312912
0.07874046266078949
0.09235216677188873
0.16920706629753113
0.13142865896224976
0.08007083088159561
0.11917410790920258
0.2880723774433136
0.10770084708929062
0.1875346451997757
0.09790028631687164
0.12032238394021988
0.1321260780096054
0.14717359840869904
0.16028790175914764
0.14808496832847595
0.16102595627307892
0.13138224184513092
0.06947129964828491
0.07710821181535721
0.3624293804168701
0.48806503415107727
0.3310631513595581
0.19880197942256927
0.2697612941265106
0.1956537961959839
0.2529127597808838
0.22722961008548737
0.2436707466840744
0.8136575818061829
0.8508947491645813
0.8254284262657166
0.8262646198272705
0.838135838508606
0.8380813002586365
0.40421003103256226
0.4907131493091583
0.3794700801372528
0.24062292277812958
0.3095828890800476
0.27704447507858276
0.23826372623443604
0.2726825475692749
0.2730158269405365
0.27491095662117004
0.537333607673645
0.4799218773841858
0.48532411456108093
0.49028661847114563
0.5455254316329956
0.6932119131088257
0.7288923263549805
0.5712376832962036
0.7075845003128052
0.5571396946907043
0.589418351650238
0.6161012649536133
0.6494040489196777
0.6426876187324524
0.5563563108444214
0.4313051700592041
0.5580713152885437
0.5518264174461365
0.4534658193588257
0.4591265618801117
0.5132152438163757
0.57200688123703
0.6191287636756897
0.6784254908561707
0.6338530778884888
0.6888890862464905
0.5574856996536255
0.5186516642570496
0.5568273663520813
0.5994556546211243
0.6151906251907349
0.48338583111763
0.5944704413414001
0.5781133770942688
0.5231847763061523
0.48045554757118225
0.561593770980835
0.5519326329231262
0.5554536581039429
0.39629852771759033
0.4366290867328644
0.5811331868171692
0.5811542868614197
0.5900939702987671
0.5926253795623779
0.47762641310691833
0.601833164691925
0.6037923693656921
0.5781391859054565
0.5425491333007812
0.6263872981071472
0.508597195148468
0.5046694874763489
0.5050315856933594
0.5755618810653687
0.5899282693862915
0.30012401938438416
0.3631041646003723
0.49172163009643555
0.49214524030685425
0.3874659240245819
0.7973397970199585
0.8400416374206543
0.7807481288909912
0.8336580991744995
0.7910521626472473
0.6556921601295471
0.8384348750114441
0.8212106823921204
0.7686058878898621
