45
0.2739982306957245
0.3136035203933716
0.11768772453069687
0.3327926993370056
0.1742277443408966
0.3374159336090088
0.30127570033073425
0.26696038246154785
0.1747460514307022
0.08285927772521973
0.24405904114246368
0.0753636583685875
0.20172251760959625
0.4201292097568512
0.27459093928337097
0.42389094829559326
0.33259108662605286
0.520115077495575
0.26852741837501526
0.815154492855072
0.48310789465904236
0.26228928565979004
0.3962036669254303
0.36852726340293884
0.5523270964622498
0.23919165134429932
0.599786639213562
0.6268003582954407
0.689890444278717
0.638797402381897
0.62115079164505
0.5764500498771667
0.3581104278564453
0.5893988013267517
0.3999468982219696
0.4349804222583771
0.6825676560401917
0.47538867592811584
0.4013676643371582
0.6706076264381409
0.3814655840396881
0.729748547077179
0.47152388095855713
0.6733399629592896
0.40174493193626404
