357
0.12274325639009476
0.29904839396476746
0.21681053936481476
0.2908809781074524
0.2614270746707916
0.3008230924606323
0.30161380767822266
0.2777595818042755
0.31017839908599854
0.423076868057251
0.2099619060754776
0.29552769660949707
0.2505720555782318
0.39858290553092957
0.343855619430542
0.37619590759277344
0.40665870904922485
0.34623298048973083
0.4459878206253052
0.16407492756843567
0.23154482245445251
0.29546672105789185
0.21014776825904846
0.26305902004241943
0.340125173330307
0.24583788216114044
0.26768359541893005
0.26271936297416687
0.3300815224647522
0.2141430377960205
0.26725760102272034
0.28292468190193176
0.3514115810394287
0.3226345479488373
0.3666364252567291
0.3572148084640503
0.07912779599428177
0.12996096909046173
0.15144868195056915
0.13014334440231323
0.340658038854599
0.07868378609418869
0.2664670944213867
0.17790329456329346
0.1844508945941925
0.2611956298351288
0.2565844655036926
0.19268959760665894
0.2456352263689041
0.2245035618543625
0.12831541895866394
0.2197313904762268
0.2335788756608963
0.24323813617229462
0.25230589509010315
0.2784251868724823
0.3078308701515198
0.2901405096054077
0.09301755577325821
0.10210256278514862
0.14583012461662292
0.12466837465763092
0.1251334398984909
0.2481880784034729
0.2668819725513458
0.13124434649944305
0.13174474239349365
0.2553544044494629
0.27209946513175964
0.27493375539779663
0.10069258511066437
0.11124137789011002
0.2786007225513458
0.25371018052101135
0.18322280049324036
0.20934458076953888
0.2206646054983139
0.30683764815330505
0.3111114799976349
0.317078560590744
0.2489081174135208
0.276578426361084
0.07043986767530441
0.08454140275716782
0.205500066280365
0.43411266803741455
0.202711284160614
0.208719402551651
0.21455372869968414
0.19349882006645203
0.199787899851799
0.2081831842660904
0.2870522737503052
0.29189634323120117
0.2732604444026947
0.5738992094993591
0.5452771782875061
0.4148021936416626
0.5161238312721252
0.2035268396139145
0.41407549381256104
0.5152662396430969
0.20308275520801544
0.49138960242271423
0.3728533089160919
0.1950591802597046
0.4272087514400482
0.5250007510185242
0.23796865344047546
0.16595768928527832
0.1833001971244812
0.1982463300228119
0.22610418498516083
0.243951216340065
0.2763369381427765
0.2652609348297119
0.2387896031141281
0.19766102731227875
0.5216931700706482
0.3536691963672638
0.3771520256996155
0.31361621618270874
0.5459773540496826
0.30787214636802673
0.8348996043205261
0.8499476909637451
0.8375623226165771
0.8413877487182617
0.8171043395996094
0.8337390422821045
0.7564006447792053
0.7587442994117737
0.836037278175354
0.8279367685317993
0.8273380398750305
0.8361308574676514
0.8449744582176208
0.8444561958312988
0.833432674407959
0.27519136667251587
0.2778790295124054
0.4447278678417206
0.3911847472190857
0.18642517924308777
0.19202642142772675
0.20123276114463806
0.2087034434080124
0.2143973559141159
0.21858370304107666
0.27038687467575073
0.27479615807533264
0.26033955812454224
0.5356905460357666
0.6200365424156189
0.2959658205509186
0.5748240351676941
0.5218622088432312
0.6070680618286133
0.3023131787776947
0.50987708568573
0.5935065746307373
0.3058154284954071
0.21995216608047485
0.23639166355133057
0.24234789609909058
0.27234169840812683
0.2605743706226349
0.2877155840396881
0.3130924701690674
0.31891071796417236
0.3264084458351135
0.2638148367404938
0.3566189110279083
0.28056177496910095
0.22956810891628265
0.4153207540512085
0.43542391061782837
0.3546537160873413
0.5375944972038269
0.5536381602287292
0.4427349865436554
0.5182256698608398
0.5301834940910339
0.3207491934299469
0.7195181250572205
0.6660538911819458
0.695451557636261
0.5480137467384338
0.679137110710144
0.596790075302124
0.6828904151916504
0.6013288497924805
0.6811590790748596
0.5278716683387756
0.5442160964012146
0.5342162251472473
0.6434488296508789
0.5778413414955139
0.6036435961723328
0.326167494058609
0.6943703293800354
0.4155998229980469
0.5929766893386841
0.5360989570617676
0.4866134226322174
0.38469305634498596
0.525994598865509
0.510330855846405
0.591011643409729
0.5944632887840271
0.6679961681365967
0.47995877265930176
0.5828477144241333
0.5935227870941162
0.6190261244773865
0.4631919264793396
0.7216338515281677
0.6731088161468506
0.4585951566696167
0.6191890239715576
0.5273467898368835
0.6981826424598694
0.5503298044204712
0.5257222652435303
0.590680718421936
0.5452468991279602
0.6031525135040283
0.27845117449760437
0.5781042575836182
0.5392451882362366
0.593204140663147
0.2839209735393524
0.6579892635345459
0.34344542026519775
0.552814245223999
0.4351661801338196
0.5925540924072266
0.5392109155654907
0.5088149905204773
0.4448682367801666
0.463604599237442
0.5448040962219238
0.48632147908210754
0.5746880769729614
0.5935010313987732
0.6686062812805176
0.4261881113052368
0.45521843433380127
0.6516932249069214
0.6033335328102112
0.5536556243896484
0.5387147068977356
0.6613665223121643
0.6394599080085754
0.5738837718963623
0.6437198519706726
0.5687491297721863
0.550743818283081
0.6003939509391785
0.5412718057632446
0.40634122490882874
0.6338448524475098
0.5762194991111755
0.44405898451805115
0.5619381070137024
0.5309259295463562
0.6065276265144348
0.6088924407958984
0.5873897075653076
0.5495457053184509
0.6782845258712769
0.5213103294372559
0.6562869548797607
0.49013271927833557
0.6306890249252319
0.4894559979438782
0.6299253106117249
0.457064151763916
0.6068850755691528
0.4228935241699219
0.5758650898933411
0.46441730856895447
0.6219119429588318
0.47799861431121826
0.6184483170509338
0.5460996031761169
0.4099268317222595
0.6630666851997375
0.5279382467269897
0.48945221304893494
0.4893874526023865
0.6143017411231995
0.6182205677032471
0.6021164655685425
0.48063284158706665
0.4687100648880005
0.5338112711906433
0.5362042188644409
0.5989202857017517
0.5989184379577637
0.5348638296127319
0.5348634123802185
0.5346115827560425
0.5487076044082642
0.5486732125282288
0.6778846979141235
0.7230874300003052
0.7061938047409058
0.8312637209892273
0.38545840978622437
0.8124527335166931
0.8364725708961487
0.8345240354537964
0.5315021276473999
0.5959506034851074
0.767830491065979
0.41035130620002747
0.5739014744758606
0.5506528615951538
0.4261600077152252
0.5137597322463989
0.6954575777053833
0.7349993586540222
0.7606038451194763
0.7645403146743774
0.5906296372413635
0.620578944683075
0.5318753123283386
0.6618943214416504
0.676058292388916
0.7256675362586975
0.7248507142066956
0.7697641253471375
0.7108178734779358
0.522144079208374
0.5155863761901855
0.5094766616821289
0.5359357595443726
0.5300785899162292
0.522860586643219
0.8158297538757324
0.5068045854568481
0.5329509973526001
0.411630243062973
0.5694534778594971
0.6735479831695557
0.6146982908248901
0.6152842044830322
0.6050425171852112
0.6474525928497314
0.699709415435791
0.6143414974212646
0.7892225384712219
0.8066216111183167
0.8425567746162415
0.6825430393218994
0.8343011140823364
