39
0.10766464471817017
0.0908939391374588
0.2375522404909134
0.15222333371639252
0.11778809130191803
0.08226810395717621
0.18230874836444855
0.22177952527999878
0.11410421878099442
0.07269567251205444
0.21469098329544067
0.11999715864658356
0.13316784799098969
0.1820446401834488
0.16512298583984375
0.21097323298454285
0.3315003514289856
0.235036239027977
0.1817745566368103
0.17041434347629547
0.24972796440124512
0.35604050755500793
0.28184080123901367
0.3332189619541168
0.23020178079605103
0.17627808451652527
0.30105170607566833
0.22601139545440674
0.5056968331336975
0.3467825949192047
0.4457591772079468
0.4110698699951172
0.47678831219673157
0.38208237290382385
0.47947463393211365
0.37892860174179077
0.3860991597175598
0.3066472113132477
0.37444427609443665
