185
0.18399040400981903
0.3743394911289215
0.3287709951400757
0.20664021372795105
0.40542852878570557
0.37024053931236267
0.25132420659065247
0.2681996524333954
0.1861167550086975
0.20228779315948486
0.2992960214614868
0.2944270372390747
0.31224721670150757
0.293861448764801
0.16224709153175354
0.2895355224609375
0.22819045186042786
0.2534913122653961
0.2468409389257431
0.24605166912078857
0.23308543860912323
0.28275391459465027
0.21570897102355957
0.2151239812374115
0.24311868846416473
0.3434036374092102
0.21118538081645966
0.1796383261680603
0.32225945591926575
0.26848337054252625
0.2027767151594162
0.0828276202082634
0.2544330358505249
0.1718040257692337
0.2517834007740021
0.1000576913356781
0.18055608868598938
0.2461543083190918
0.29886898398399353
0.1939649134874344
0.41713520884513855
0.3169320523738861
0.5041806697845459
0.38472577929496765
0.5988175272941589
0.47279635071754456
0.2081981599330902
0.22258608043193817
0.22008097171783447
0.4568241536617279
0.18597273528575897
0.26787427067756653
0.4472096264362335
0.71318519115448
0.7938512563705444
0.8218700885772705
0.8252381682395935
0.8261770606040955
0.8397985100746155
0.7908095717430115
0.795928418636322
0.8234716653823853
0.7836631536483765
0.795047402381897
0.5958129167556763
0.475762277841568
0.5042420029640198
0.38757994771003723
0.388557493686676
0.45368969440460205
0.34561219811439514
0.5798972845077515
0.31230103969573975
0.30933359265327454
0.39967772364616394
0.3931479752063751
0.4337425231933594
0.20311753451824188
0.30341386795043945
0.39668652415275574
0.4889775812625885
0.5442328453063965
0.5413933396339417
0.645687997341156
0.6364982724189758
0.5389808416366577
0.5264686942100525
0.4838370382785797
0.4719161093235016
0.5428036451339722
0.5666895508766174
0.502823531627655
0.5691743493080139
0.6333819627761841
0.6574497818946838
0.5889495015144348
0.5871562361717224
0.4609055519104004
0.5104659795761108
0.6040334701538086
0.478204607963562
0.4785606861114502
0.6376919746398926
0.4769602417945862
0.44447433948516846
0.6841664910316467
0.5252510905265808
0.6976943612098694
0.5721426606178284
0.46738654375076294
0.4575999081134796
0.541854739189148
0.5290351510047913
0.6394164562225342
0.6280642151832581
0.6308367848396301
0.5202240943908691
0.5341664552688599
0.47384366393089294
0.4793035686016083
0.496182382106781
0.4448143541812897
0.5430676937103271
0.4557773172855377
0.6191806197166443
0.462332546710968
0.6398769021034241
0.47221165895462036
0.6597811579704285
0.46224889159202576
0.4329012334346771
0.42231398820877075
0.7015581130981445
0.5502440929412842
0.5565717220306396
0.4612273871898651
0.450954794883728
0.5291532278060913
0.6267231702804565
0.6170631051063538
0.6326227188110352
0.622575581073761
0.5891044735908508
0.5213935971260071
0.5652844309806824
0.48569193482398987
0.41182222962379456
0.40066027641296387
0.3501254618167877
0.45350417494773865
0.4329436123371124
0.5134797692298889
0.610457718372345
0.5823971033096313
0.566309928894043
0.6822086572647095
0.4392660856246948
0.6927192807197571
0.39208924770355225
0.7791123986244202
0.3777931332588196
0.6926694512367249
0.35332822799682617
0.7716464996337891
0.5726431608200073
0.8153051733970642
0.6920653581619263
0.5269762873649597
0.526973307132721
0.48179882764816284
0.821580171585083
0.6390050053596497
0.6672104001045227
0.8326044678688049
0.7747425436973572
0.8337650895118713
0.7808321118354797
0.840833306312561
0.807383120059967
0.8147363066673279
0.7876479029655457
0.8124518990516663
0.7560520768165588
0.8283471465110779
0.8352459669113159
