93
0.20609906315803528
0.16479142010211945
0.12065903842449188
0.10119245201349258
0.08348716795444489
0.09641776978969574
0.07502764463424683
0.07755797356367111
0.11475129425525665
0.07892508804798126
0.24042391777038574
0.21919718384742737
0.35439836978912354
0.14986857771873474
0.30067873001098633
0.3830943703651428
0.12789586186408997
0.16678845882415771
0.12686951458454132
0.14134599268436432
0.06545939296483994
0.06670644134283066
0.08019386976957321
0.06786047667264938
0.06912452727556229
0.06868407875299454
0.06418898701667786
0.06383856385946274
0.14393767714500427
0.06554962694644928
0.1829236000776291
0.11093631386756897
0.12230275571346283
0.2916216254234314
0.32952797412872314
0.18010129034519196
0.18387368321418762
0.2541660666465759
0.2639273405075073
0.4722174108028412
0.4826101064682007
0.454140841960907
0.5157362818717957
0.7412999272346497
0.8312979936599731
0.7939916253089905
0.22428998351097107
0.2586277425289154
0.25370389223098755
0.5109290480613708
0.46735307574272156
0.4403323233127594
0.5192217826843262
0.48958614468574524
0.6790210604667664
0.5728676915168762
0.5394563674926758
0.6240518093109131
0.5910767316818237
0.6105210185050964
0.5372096300125122
0.4789296090602875
0.5624063611030579
0.4435427188873291
0.5215660333633423
0.6368146538734436
0.6904385089874268
0.6057685613632202
0.6492208242416382
0.613582968711853
0.5849314332008362
0.6299005150794983
0.561621904373169
0.48905593156814575
0.5684823989868164
0.6472578048706055
0.6958652138710022
0.5757038593292236
0.5412852764129639
0.4543479084968567
0.475901335477829
0.4685857892036438
0.5658667087554932
0.4604202210903168
0.49520158767700195
0.7900925874710083
0.57793128490448
0.49705445766448975
0.6036999821662903
0.8433232307434082
0.7855066061019897
0.8253318667411804
0.7908011078834534
