80
0.18575821816921234
0.15034373104572296
0.18713755905628204
0.15185754001140594
0.16297008097171783
0.20360271632671356
0.1723961979150772
0.19984859228134155
0.45277461409568787
0.1547965556383133
0.3015739917755127
0.2709846794605255
0.08771687746047974
0.37638160586357117
0.10569995641708374
0.09364212304353714
0.13019122183322906
0.1093895211815834
0.1354125440120697
0.11358299851417542
0.1452491730451584
0.13018982112407684
0.11362487077713013
0.1320902705192566
0.28109920024871826
0.20285449922084808
0.07447704672813416
0.3139936625957489
0.11978764086961746
0.1429935097694397
0.19929172098636627
0.19747407734394073
0.5205562710762024
0.17971140146255493
0.5021917223930359
0.16741599142551422
0.34968623518943787
0.24400730431079865
0.2357499599456787
0.23441064357757568
0.8415889739990234
0.8249757885932922
0.20088639855384827
0.49950018525123596
0.21536694467067719
0.5442169904708862
0.20741504430770874
0.22955931723117828
0.40028417110443115
0.24865585565567017
0.30539435148239136
0.5614887475967407
0.42929577827453613
0.6532807946205139
0.6368958353996277
0.589256227016449
0.5957334637641907
0.43464353680610657
0.6104824542999268
0.6341848373413086
0.5019859671592712
0.5103563070297241
0.5050191879272461
0.4303835332393646
0.49713921546936035
0.5490912795066833
0.47281894087791443
0.4891156852245331
0.5570212602615356
0.39416182041168213
0.5651066303253174
0.800346851348877
0.47252127528190613
0.44512516260147095
0.4416397511959076
0.5787336826324463
0.42801108956336975
0.38274043798446655
0.8451603055000305
0.7942808270454407
