54
0.3142194151878357
0.3489726185798645
0.33172285556793213
0.1976340264081955
0.27938926219940186
0.3426429033279419
0.29825419187545776
0.28242027759552
0.3138059079647064
0.36154845356941223
0.29135483503341675
0.17687508463859558
0.23265080153942108
0.1885284185409546
0.14450930058956146
0.24378268420696259
0.30438175797462463
0.2856069505214691
0.21095137298107147
0.21914473176002502
0.20932021737098694
0.23580271005630493
0.47624024748802185
0.7215662598609924
0.8149571418762207
0.8337252736091614
0.20980411767959595
0.28397563099861145
0.24672512710094452
0.2847236692905426
0.30852797627449036
0.5599889755249023
0.648476243019104
0.6406104564666748
0.6374155282974243
0.6692053079605103
0.5743876099586487
0.646172046661377
0.6384124159812927
0.5668623447418213
0.5107766389846802
0.576105535030365
0.5829225778579712
0.4774501323699951
0.4751661419868469
0.5039620995521545
0.5283091068267822
0.3588404059410095
0.530614972114563
0.4668413996696472
0.529878556728363
0.7278439402580261
0.8423197269439697
0.8441354632377625
