26
0.2037336677312851
0.08564671128988266
0.15668246150016785
0.0868036299943924
0.0757315456867218
0.07382237166166306
0.17091545462608337
0.16270017623901367
0.06413399428129196
0.441689670085907
0.40160879492759705
0.3261528015136719
0.8372878432273865
0.3709023594856262
0.47384023666381836
0.32805025577545166
0.5280645489692688
0.5032455325126648
0.6113965511322021
0.5432963967323303
0.5647339820861816
0.4868701994419098
0.4240799844264984
0.7703559994697571
0.6678525805473328
0.823386549949646
