95
0.0884847640991211
0.44589686393737793
0.13967619836330414
0.33796900510787964
0.09814653545618057
0.11091097444295883
0.08460809290409088
0.3327658474445343
0.3870140314102173
0.0965447947382927
0.4775720238685608
0.08015542477369308
0.07525962591171265
0.11218763887882233
0.07850184291601181
0.07216709107160568
0.386831134557724
0.12879981100559235
0.14312493801116943
0.3039536774158478
0.384059876203537
0.30442407727241516
0.5242602229118347
0.4089064300060272
0.4457658529281616
0.4801149070262909
0.5164344906806946
0.3973730504512787
0.47782766819000244
0.4205588400363922
0.31386324763298035
0.4010889232158661
0.4208838939666748
0.4451195299625397
0.23983214795589447
0.2564616799354553
0.38795337080955505
0.4115915596485138
0.23104235529899597
0.8033869862556458
0.7996153831481934
0.7835639119148254
0.284872829914093
0.4861162006855011
0.3813820481300354
0.41408392786979675
0.44097355008125305
0.31404975056648254
0.2775808870792389
0.47856515645980835
0.37295588850975037
0.4055711328983307
0.43761423230171204
0.6122981905937195
0.391323447227478
0.5872321128845215
0.4927355647087097
0.5162572860717773
0.5236651301383972
0.20574207603931427
0.42274802923202515
0.4402502775192261
0.7074123024940491
0.6714794635772705
0.2863238751888275
0.47571447491645813
0.5275680422782898
0.5195364952087402
0.6606810688972473
0.6546924114227295
0.5622653961181641
0.5992271900177002
0.5365865230560303
0.5622855424880981
0.4278547763824463
0.4803682863712311
0.8261094689369202
0.5432289838790894
0.7513663172721863
0.5973796248435974
0.8155819773674011
0.7751569151878357
0.7273543477058411
0.8146909475326538
0.8465761542320251
0.5965715646743774
0.4570867717266083
0.8209342956542969
0.8096286654472351
0.8353785276412964
0.7749126553535461
0.7679235339164734
0.82957923412323
0.8051084280014038
0.8071345090866089
