285
0.07844674587249756
0.22931896150112152
0.15716201066970825
0.15385279059410095
0.10897888988256454
0.21858717501163483
0.10425020754337311
0.2178288847208023
0.2451571822166443
0.31805628538131714
0.08145283907651901
0.10157690942287445
0.1036393791437149
0.1482408493757248
0.10401003062725067
0.10675259679555893
0.19282542169094086
0.14049743115901947
0.07203281670808792
0.3726901412010193
0.08262335509061813
0.25876855850219727
0.15417033433914185
0.1236342266201973
0.1145741418004036
0.16920778155326843
0.20523427426815033
0.14270110428333282
0.13085907697677612
0.1894288957118988
0.2266654670238495
0.07920204848051071
0.13999128341674805
0.07533251494169235
0.13306227326393127
0.13838008046150208
0.18271194398403168
0.14658518135547638
0.14924317598342896
0.20540675520896912
0.10677042603492737
0.16682906448841095
0.3066639006137848
0.09649298340082169
0.11640011519193649
0.06509149819612503
0.06797332316637039
0.13205452263355255
0.09660110622644424
0.1903848648071289
0.21511463820934296
0.263020783662796
0.12347742915153503
0.13563239574432373
0.12886327505111694
0.09300320595502853
0.08751470595598221
0.13013917207717896
0.09381063282489777
0.07184600830078125
0.2689780294895172
0.13567636907100677
0.10385514050722122
0.29772883653640747
0.08484478294849396
0.13486427068710327
0.07431074231863022
0.17390982806682587
0.10340746492147446
0.10291726887226105
0.22953598201274872
0.06295565515756607
0.164262056350708
0.05633765831589699
0.1419311761856079
0.09661665558815002
0.16360244154930115
0.1257694810628891
0.09207651764154434
0.2807852029800415
0.06409705430269241
0.0576966218650341
0.4299983084201813
0.23859485983848572
0.42455950379371643
0.5171107649803162
0.20866179466247559
0.21459965407848358
0.18338069319725037
0.46898600459098816
0.23330292105674744
0.23073512315750122
0.19684040546417236
0.4935864806175232
0.2514646649360657
0.20034700632095337
0.17096340656280518
0.3906041979789734
0.2192414104938507
0.2609039843082428
0.459835410118103
0.35576438903808594
0.49604281783103943
0.22458761930465698
0.20787784457206726
0.3878515362739563
0.25977885723114014
0.23935110867023468
0.4447059631347656
0.2869615852832794
0.2681940793991089
0.45373767614364624
0.21891801059246063
0.20831328630447388
0.24363821744918823
0.2373010218143463
0.3250260353088379
0.4794272184371948
0.5461701154708862
0.842663586139679
0.8291115164756775
0.7310858964920044
0.841465413570404
0.8292142152786255
0.8460557460784912
0.8283447027206421
0.8339138031005859
0.8369748592376709
0.4595910310745239
0.4264771640300751
0.2468416690826416
0.4867253303527832
0.18665240705013275
0.3219383656978607
0.6162794828414917
0.35020482540130615
0.23555202782154083
0.2015460878610611
0.49274250864982605
0.2562752068042755
0.20415212213993073
0.17517343163490295
0.42834311723709106
0.2215471863746643
0.2377772480249405
0.20408549904823303
0.4680120050907135
0.25893110036849976
0.25575217604637146
0.4770543575286865
0.277692973613739
0.25480183959007263
0.4451107978820801
0.41054654121398926
0.3494534194469452
0.49304521083831787
0.2473044991493225
0.22870439291000366
0.4201319217681885
0.21549101173877716
0.19925175607204437
0.3687395453453064
0.27014872431755066
0.3233943283557892
0.30351522564888
0.49412769079208374
0.46377068758010864
0.37638601660728455
0.20549048483371735
0.22053669393062592
0.21984942257404327
0.31345421075820923
0.27911680936813354
0.4610506296157837
0.6339820027351379
0.4269576966762543
0.48091015219688416
0.5089806318283081
0.5650492310523987
0.6540365219116211
0.6577971577644348
0.732903003692627
0.5958682894706726
0.5234729051589966
0.6387905478477478
0.6219400763511658
0.5296177268028259
0.4491811990737915
0.3927758038043976
0.5373965501785278
0.5568745732307434
0.5146349668502808
0.4607614278793335
0.4173191785812378
0.6028923392295837
0.6219321489334106
0.6634848117828369
0.5249636769294739
0.691034197807312
0.547206461429596
0.5339937210083008
0.5891620516777039
0.5894455909729004
0.5915612578392029
0.6763693690299988
0.672171413898468
0.5742630362510681
0.5071725249290466
0.5725777745246887
0.549928605556488
0.40991222858428955
0.4816173017024994
0.5560503005981445
0.49351656436920166
0.5640338659286499
0.5197197794914246
0.4100699722766876
0.36657848954200745
0.6471778750419617
0.5889676809310913
0.4109477698802948
0.6555578708648682
0.4864659309387207
0.6308575868606567
0.625741720199585
0.5732238292694092
0.5726988911628723
0.535203218460083
0.48087078332901
0.611617386341095
0.5725865364074707
0.5647066235542297
0.4284442663192749
0.6496609449386597
0.5761219263076782
0.4635576605796814
0.6197780966758728
0.5491247773170471
0.4943075180053711
0.5478106737136841
0.47555750608444214
0.6493765711784363
0.5554212331771851
0.5427169799804688
0.5095813870429993
0.5763119459152222
0.6709532737731934
0.6493933200836182
0.6224325299263
0.6634659767150879
0.808422327041626
0.4248729348182678
0.56499183177948
0.45594796538352966
0.7314527034759521
0.35539141297340393
0.6258376836776733
0.32385334372520447
0.6198350787162781
0.5838428735733032
0.300049751996994
0.577765166759491
0.37307101488113403
0.5432220697402954
0.3680752217769623
0.6057474613189697
0.6173380613327026
0.5401725172996521
0.5543038845062256
0.7745160460472107
0.6620860695838928
0.3506286144256592
0.6562791466712952
0.42818254232406616
0.663431704044342
0.6832056641578674
0.8393725752830505
0.8500844836235046
0.8155323266983032
0.8333418369293213
0.8176005482673645
0.8405926823616028
0.787883460521698
0.7411820292472839
0.7614679336547852
