277
0.175431489944458
0.3268510103225708
0.27839967608451843
0.35847753286361694
0.17522002756595612
0.2975011467933655
0.2738264799118042
0.34311479330062866
0.3291934132575989
0.4041402339935303
0.2059149146080017
0.34960922598838806
0.34075331687927246
0.2861292064189911
0.18269133567810059
0.17167635262012482
0.3170090317726135
0.3340410590171814
0.3438360393047333
0.3544635474681854
0.34670963883399963
0.3565896153450012
0.3837544322013855
0.15487349033355713
0.2603285014629364
0.2003650814294815
0.1566881239414215
0.2852460741996765
0.16309988498687744
0.08988853543996811
0.3039337694644928
0.21222250163555145
0.28894680738449097
0.09231320023536682
0.29140597581863403
0.22629514336585999
0.2902221381664276
0.16469840705394745
0.19461458921432495
0.342176228761673
0.3857523798942566
0.10308385640382767
0.11360697448253632
0.26990529894828796
0.17969687283039093
0.3050607442855835
0.2494831085205078
0.2915789783000946
0.25721415877342224
0.3403787612915039
0.07274544984102249
0.09019917994737625
0.21513821184635162
0.08634156733751297
0.2664100229740143
0.3487318754196167
0.09299914538860321
0.21448259055614471
0.28868919610977173
0.26839688420295715
0.22237925231456757
0.24315965175628662
0.21325549483299255
0.24632298946380615
0.2166358232498169
0.20196014642715454
0.28467732667922974
0.1762138307094574
0.14505431056022644
0.16869060695171356
0.3293200135231018
0.4284103214740753
0.2832774817943573
0.23404721915721893
0.3897203803062439
0.33574625849723816
0.28101372718811035
0.366714209318161
0.36042529344558716
0.372608482837677
0.3753592073917389
0.3872993588447571
0.5055081844329834
0.31897619366645813
0.3403342068195343
0.46359333395957947
0.17894497513771057
0.29434919357299805
0.3127930164337158
0.5344182252883911
0.2106264978647232
0.34283843636512756
0.36330875754356384
0.5042241215705872
0.18675626814365387
0.3183661997318268
0.3389188051223755
0.2339441329240799
0.5099924206733704
0.37719812989234924
0.48576581478118896
0.40868180990219116
0.20630282163619995
0.23610714077949524
0.2294989824295044
0.7242844700813293
0.7597013115882874
0.32178428769111633
0.2699040174484253
0.2832261025905609
0.25009438395500183
0.3273550271987915
0.33343419432640076
0.26413291692733765
0.35384035110473633
0.22680310904979706
0.18504688143730164
0.19988271594047546
0.2976699471473694
0.3804190456867218
0.2576994001865387
0.21601419150829315
0.21824945509433746
0.4356094002723694
0.3775549530982971
0.40254300832748413
0.4532565772533417
0.4491773545742035
0.4708622097969055
0.3812556266784668
0.39213454723358154
0.43438196182250977
0.16639812290668488
0.27693504095077515
0.2947707176208496
0.4627099633216858
0.1857166290283203
0.2970934510231018
0.3149523138999939
0.4772222936153412
0.19563114643096924
0.30710604786872864
0.3249802589416504
0.2374713271856308
0.6027916669845581
0.25588512420654297
0.39986544847488403
0.42161133885383606
0.5643026828765869
0.4205300509929657
0.19218486547470093
0.23472529649734497
0.40221288800239563
0.45641210675239563
0.49244144558906555
0.25275635719299316
0.2761593461036682
0.2777484357357025
0.6795520782470703
0.2674940526485443
0.23853592574596405
0.4367195665836334
0.7044811248779297
0.6980637311935425
0.7456795573234558
0.5493271350860596
0.5348771810531616
0.5163002610206604
0.6697453856468201
0.5856946706771851
0.6018526554107666
0.48656386137008667
0.5017881989479065
0.5244791507720947
0.5363728404045105
0.6627795100212097
0.5826814770698547
0.5858456492424011
0.6853397488594055
0.7263362407684326
0.6113570928573608
0.629747748374939
0.5005142688751221
0.5057693719863892
0.5880033373832703
0.5302302241325378
0.6011995077133179
0.5789104700088501
0.57997727394104
0.640528678894043
0.5436903834342957
0.5486212968826294
0.46554505825042725
0.6072766780853271
0.6222785711288452
0.491423100233078
0.5554139018058777
0.5602368712425232
0.5401580929756165
0.43595999479293823
0.4584863781929016
0.7030471563339233
0.6224802136421204
0.4929024279117584
0.49025729298591614
0.6345407962799072
0.5442887544631958
0.5260840654373169
0.6606044769287109
0.8319048285484314
0.7912544012069702
0.6749321222305298
0.5426440238952637
0.46102115511894226
0.8210137486457825
0.5083475708961487
0.5011828541755676
0.7752965092658997
0.7356323003768921
0.7215149998664856
0.5831625461578369
0.48888126015663147
0.6401845216751099
0.47541648149490356
0.6728129982948303
0.8323599696159363
0.7685537934303284
0.7685590386390686
0.6279330849647522
0.5437642931938171
0.43921878933906555
0.5367195010185242
0.36197879910469055
0.8401899933815002
0.7617893815040588
0.5308960676193237
0.39603322744369507
0.5967201590538025
0.6276145577430725
0.8132221698760986
0.3539074659347534
0.7017225027084351
0.5913859605789185
0.15319986641407013
0.16545361280441284
0.3996815085411072
0.5922603607177734
0.34653863310813904
0.5945558547973633
0.4796837568283081
0.49862441420555115
0.5019603371620178
0.4707643389701843
0.4960598349571228
0.6964312195777893
0.7524258494377136
0.43575313687324524
0.7488007545471191
0.6535229086875916
0.4930763840675354
0.5184953808784485
0.7095947861671448
0.7519843578338623
0.4309372007846832
0.7481392621994019
0.6518852710723877
0.8275459408760071
0.8277842402458191
0.8058005571365356
0.6972647309303284
0.8159293532371521
0.7977771162986755
0.648277997970581
0.7415202260017395
0.5559298396110535
0.8167149424552917
0.7666586637496948
