107
0.21440944075584412
0.3768196403980255
0.3085448145866394
0.34669503569602966
0.29158705472946167
0.32415369153022766
0.30814722180366516
0.33146756887435913
0.34218737483024597
0.2906650900840759
0.21682721376419067
0.27196159958839417
0.36974796652793884
0.32389944791793823
0.2871648669242859
0.2571837306022644
0.1453394889831543
0.31906795501708984
0.1648901253938675
0.2930811643600464
0.18420860171318054
0.30757588148117065
0.3113611042499542
0.2603859007358551
0.25923147797584534
0.11372407525777817
0.28876546025276184
0.30473873019218445
0.16096064448356628
0.2430099993944168
0.20252935588359833
0.4321841597557068
0.20982414484024048
0.4128248393535614
0.23549708724021912
0.46042686700820923
0.21154092252254486
0.24982503056526184
0.16803573071956635
0.17701168358325958
0.18537549674510956
0.3932405710220337
0.24265225231647491
0.2062970995903015
0.7308042049407959
0.8346712589263916
0.8278592824935913
0.8281036615371704
0.1987934410572052
0.39564135670661926
0.21998590230941772
0.41766810417175293
0.27835017442703247
0.5207144021987915
0.22530165314674377
0.2761393189430237
0.19394263625144958
0.21199889481067657
0.19981765747070312
0.3953230381011963
0.20508068799972534
0.40173184871673584
0.27145835757255554
0.29063305258750916
0.6878511905670166
0.6346806883811951
0.637159526348114
0.5513515472412109
0.5136802792549133
0.5510179400444031
0.735496461391449
0.6690199375152588
0.6932746171951294
0.5924397706985474
0.6026734709739685
0.4956820607185364
0.5975320339202881
0.5579525828361511
0.6091552972793579
0.621361255645752
0.5133879780769348
0.5784760117530823
0.4794198274612427
0.532804548740387
0.4336676299571991
0.5903792381286621
0.4894210398197174
0.576782763004303
0.5190855264663696
0.524003803730011
0.5687770247459412
0.4580896496772766
0.7510934472084045
0.6492595076560974
0.5414630770683289
0.6971081495285034
0.7966470122337341
0.5143453478813171
0.37363165616989136
0.3210080862045288
0.5284999012947083
0.46816298365592957
0.3586988151073456
0.6598495841026306
0.8108692765235901
0.8342794179916382
0.8303260207176208
