135
0.10958967357873917
0.24664919078350067
0.16743777692317963
0.19743682444095612
0.2422264963388443
0.1143658235669136
0.08144422620534897
0.2616633474826813
0.21723684668540955
0.34950873255729675
0.38331636786460876
0.0953880324959755
0.09488225728273392
0.08959316462278366
0.08906219154596329
0.3626639246940613
0.3447830080986023
0.10428528487682343
0.21257807314395905
0.12202806025743484
0.16850754618644714
0.1197085976600647
0.199076309800148
0.0940868929028511
0.09486176818609238
0.30953726172447205
0.07685643434524536
0.06481944769620895
0.1242729052901268
0.2594783902168274
0.3402942717075348
0.06690871715545654
0.24776068329811096
0.0872759222984314
0.211969256401062
0.1372152864933014
0.1925869584083557
0.24981196224689484
0.24876058101654053
0.10103577375411987
0.28133314847946167
0.2984553277492523
0.40725553035736084
0.36468687653541565
0.3451782763004303
0.18648134171962738
0.672975480556488
0.554705023765564
0.5515877604484558
0.23463976383209229
0.42165741324424744
0.48414722084999084
0.8115921020507812
0.7138247489929199
0.8339874148368835
0.7725455164909363
0.8234001994132996
0.6924751400947571
0.8305779695510864
0.8449667692184448
0.20334644615650177
0.2052096426486969
0.262857586145401
0.24987605214118958
0.1049598827958107
0.45809340476989746
0.3097919821739197
0.5148295164108276
0.4399157464504242
0.42332446575164795
0.20547816157341003
0.699485182762146
0.5788081884384155
0.5838685631752014
0.24649988114833832
0.6505929827690125
0.5353086590766907
0.5301641225814819
0.23151947557926178
0.5023400187492371
0.5362406373023987
0.44166943430900574
0.6196510791778564
0.48361316323280334
0.49068722128868103
0.6816484928131104
0.36615243554115295
0.46016886830329895
0.3652486205101013
0.6706663370132446
0.41317516565322876
0.4538096487522125
0.44996318221092224
0.5088168382644653
0.579707682132721
0.4764415919780731
0.5200949311256409
0.6017841100692749
0.2792924642562866
0.44192031025886536
0.34868958592414856
0.7196829319000244
0.572723925113678
0.6904813051223755
0.3844490349292755
0.5190145373344421
0.5425781607627869
0.5531976222991943
0.5029693245887756
0.3521578907966614
0.4644300639629364
0.4001696705818176
0.6508572101593018
0.5681074261665344
0.3621034324169159
0.6362065076828003
0.45370587706565857
0.518600583076477
0.68045574426651
0.5283273458480835
0.727063775062561
0.47882139682769775
0.46873390674591064
0.518631637096405
0.603513240814209
0.5411105751991272
0.841355562210083
0.8473981022834778
0.7345166206359863
0.8460032939910889
0.69597989320755
0.8196154236793518
0.8476843237876892
0.82477867603302
0.8444809913635254
