125
0.08715321868658066
0.1636774241924286
0.10693284869194031
0.15088649094104767
0.19962777197360992
0.25343984365463257
0.10459143668413162
0.17088614404201508
0.0860854834318161
0.21815310418605804
0.20015862584114075
0.15918786823749542
0.20728617906570435
0.16528181731700897
0.24327069520950317
0.35307252407073975
0.08837970346212387
0.09187144786119461
0.2793510854244232
0.10189362615346909
0.1409676969051361
0.10382793098688126
0.19328421354293823
0.22740790247917175
0.10788438469171524
0.12029651552438736
0.085100919008255
0.14846408367156982
0.09303281456232071
0.1583608239889145
0.09830522537231445
0.12880589067935944
0.18228577077388763
0.313478946685791
0.07800378650426865
0.08503488451242447
0.41107746958732605
0.21099892258644104
0.3796515166759491
0.4952000081539154
0.2671561539173126
0.3886624872684479
0.26447594165802
0.14871352910995483
0.16283872723579407
0.16405723989009857
0.17910420894622803
0.5414674282073975
0.4390309453010559
0.22009962797164917
0.331969290971756
0.8006948232650757
0.8199528455734253
0.8012049794197083
0.8244234919548035
0.4958992600440979
0.4532307982444763
0.2321043312549591
0.46300122141838074
0.24667848646640778
0.5158698558807373
0.2826848328113556
0.3021848201751709
0.3612338900566101
0.16885966062545776
0.18689878284931183
0.18902885913848877
0.20962326228618622
0.4109457731246948
0.22614285349845886
0.5541046857833862
0.38313597440719604
0.5231919288635254
0.6268371343612671
0.6704270839691162
0.6409894227981567
0.5385438799858093
0.28967198729515076
0.3237282633781433
0.4464709460735321
0.6049821972846985
0.5509650111198425
0.6561883091926575
0.5563302636146545
0.5895082354545593
0.6090985536575317
0.5875956416130066
0.493817538022995
0.48538532853126526
0.41006243228912354
0.38870587944984436
0.38215193152427673
0.5691254138946533
0.3329356610774994
0.465871125459671
0.49301257729530334
0.634491503238678
0.5303173065185547
0.4140792489051819
0.3989641070365906
0.5775941610336304
0.5416141748428345
0.39833131432533264
0.615536630153656
0.4990885257720947
0.46458256244659424
0.638948917388916
0.40520182251930237
0.563016951084137
0.6110817790031433
0.7914963364601135
0.4596382677555084
0.5173187851905823
0.34681177139282227
0.499817430973053
0.3726125657558441
0.7594394087791443
0.8053213953971863
0.8327427506446838
0.61457759141922
0.4353722035884857
0.5053882002830505
0.541921079158783
0.770359218120575
0.7337848544120789
