64
0.10841071605682373
0.13135236501693726
0.2723889946937561
0.13523797690868378
0.3719368278980255
0.20710544288158417
0.27822935581207275
0.30540621280670166
0.26611313223838806
0.32070186734199524
0.2620083689689636
0.17530041933059692
0.10587939620018005
0.09024149179458618
0.15490314364433289
0.07770896703004837
0.12200217694044113
0.09686131030321121
0.06698758900165558
0.2274356186389923
0.24776481091976166
0.24782972037792206
0.25821295380592346
0.3140817880630493
0.2933272421360016
0.3061317205429077
0.11056049913167953
0.4129982888698578
0.18934746086597443
0.17778964340686798
0.3231593668460846
0.2574943006038666
0.17628705501556396
0.17499952018260956
0.8238422274589539
0.45142388343811035
0.2817907929420471
0.23602978885173798
0.3748469650745392
0.2896288335323334
0.25347185134887695
0.22048240900039673
0.5981040596961975
0.7241182923316956
0.5722044110298157
0.56300950050354
0.6085585951805115
0.657515823841095
0.6938173174858093
0.6213902831077576
0.7032438516616821
0.6532745957374573
0.6597755551338196
0.4927985370159149
0.6134512424468994
0.4746086299419403
0.49198564887046814
0.4400250315666199
0.49244365096092224
0.4416448771953583
0.45934826135635376
0.5753574967384338
0.8074194192886353
0.8385221362113953
