54
0.17523428797721863
0.3719828128814697
0.11956759542226791
0.11060781031847
0.07360189408063889
0.143306165933609
0.1776430606842041
0.3262031674385071
0.3267155885696411
0.3267101049423218
0.39329513907432556
0.17360784113407135
0.07817259430885315
0.10995475202798843
0.06509949266910553
0.10397937148809433
0.12772104144096375
0.1677512526512146
0.17235234379768372
0.26421475410461426
0.20469145476818085
0.22996656596660614
0.3721538186073303
0.25915879011154175
0.3840165436267853
0.5014989376068115
0.5178077816963196
0.2188960462808609
0.25215253233909607
0.2995515763759613
0.4325965642929077
0.23273903131484985
0.2694406509399414
0.37760400772094727
0.6568287014961243
0.5821021795272827
0.5319077968597412
0.5267110466957092
0.5322892665863037
0.6628247499465942
0.6780920624732971
0.5105096697807312
0.5550040602684021
0.4563518166542053
0.4909572899341583
0.5288102030754089
0.46744224429130554
0.5179046392440796
0.5662505626678467
0.37993016839027405
0.5164363980293274
0.376181423664093
0.7081475257873535
0.838728129863739
