195
0.3542932868003845
0.33043670654296875
0.46602559089660645
0.3724519908428192
0.4358138144016266
0.3521813750267029
0.3401376008987427
0.31797489523887634
0.27176135778427124
0.32574334740638733
0.3405177891254425
0.25725674629211426
0.27969714999198914
0.16269628703594208
0.2686930298805237
0.16525958478450775
0.29402875900268555
0.15870104730129242
0.2708260118961334
0.14155271649360657
0.22063903510570526
0.45576974749565125
0.14753657579421997
0.2281722128391266
0.4435083270072937
0.2476431280374527
0.11706120520830154
0.18243078887462616
0.3439752459526062
0.3830578923225403
0.3023814558982849
0.325288325548172
0.3086213171482086
0.2892512083053589
0.2790891230106354
0.264322966337204
0.31711265444755554
0.2950765788555145
0.38573628664016724
0.20311769843101501
0.2646264135837555
0.22122551500797272
0.14708887040615082
0.30813097953796387
0.08097616583108902
0.1951187551021576
0.0902290791273117
0.18265938758850098
0.07803589105606079
0.16073636710643768
0.09015253931283951
0.1228998675942421
0.2756803035736084
0.07640182971954346
0.10410449653863907
0.23280596733093262
0.2141837626695633
0.2185983806848526
0.10703425109386444
0.22286191582679749
0.2502605617046356
0.2668164372444153
0.3969149887561798
0.45605021715164185
0.4943869709968567
0.23507057130336761
0.4789023697376251
0.21995572745800018
0.25850385427474976
0.752632200717926
0.6042811274528503
0.8340350985527039
0.808680534362793
0.846669614315033
0.8319941163063049
0.7960740327835083
0.8397534489631653
0.817195475101471
0.450805127620697
0.36851781606674194
0.46739518642425537
0.5539955496788025
0.3828059732913971
0.5294918417930603
0.27725932002067566
0.4087425172328949
0.21200883388519287
0.4066627323627472
0.630268394947052
0.5375247001647949
0.6301947236061096
0.3375782072544098
0.5258719325065613
0.43882396817207336
0.526912271976471
0.6473479270935059
0.556105375289917
0.6466801166534424
0.5043261051177979
0.7253566384315491
0.6464536786079407
0.7237032055854797
0.5579859018325806
0.603290319442749
0.5930414199829102
0.6156507730484009
0.6876869201660156
0.5557494759559631
0.3272158205509186
0.6676614880561829
0.41393983364105225
0.24968330562114716
0.7205089926719666
0.7751195430755615
0.7743383049964905
0.6208171248435974
0.7596594095230103
0.7346370816230774
0.5992037653923035
0.7571830153465271
0.730746328830719
0.5981833934783936
0.7568064332008362
0.7301151156425476
0.49162936210632324
0.6971120238304138
0.6577233672142029
0.6002075672149658
0.3536589741706848
0.5709009766578674
0.4754319190979004
0.5728405117988586
0.6387578845024109
0.5451772809028625
0.6390028595924377
0.6777073740959167
0.5888178944587708
0.6772868633270264
0.5514881014823914
0.5817609429359436
0.5511744618415833
0.6816617846488953
0.4951375126838684
0.27053362131118774
0.6963918209075928
0.42912983894348145
0.24991101026535034
0.7110910415649414
0.7689740657806396
0.7683516144752502
0.6045210361480713
0.7540069818496704
0.7276296019554138
0.5637226700782776
0.7386205196380615
0.7064194083213806
0.5675075054168701
0.7411553263664246
0.709476888179779
0.5277007818222046
0.7208513617515564
0.6846495866775513
0.699692964553833
0.5909053087234497
0.5476768612861633
0.5311331152915955
0.44643232226371765
0.616287112236023
0.6025068759918213
0.5142259001731873
0.6574004888534546
0.6468334197998047
0.5601125359535217
0.5701860785484314
0.40220820903778076
0.4478544592857361
0.5888607501983643
0.6208259463310242
0.5251482725143433
0.5481729507446289
0.43735677003860474
0.32627198100090027
0.7629461288452148
0.7556759119033813
0.726942241191864
0.4092208743095398
0.5733241438865662
0.6647898554801941
0.8296526670455933
0.8260109424591064
0.6797190308570862
0.7563834190368652
0.66019207239151
0.740455687046051
0.7720062732696533
