67
0.3027772903442383
0.23535390198230743
0.18186213076114655
0.14576300978660583
0.2203216403722763
0.3184947371482849
0.07835438847541809
0.15951748192310333
0.13429059088230133
0.10324335098266602
0.17273283004760742
0.12715239822864532
0.13152432441711426
0.0946057140827179
0.21544483304023743
0.26698586344718933
0.06312216818332672
0.11494576930999756
0.15149982273578644
0.19915631413459778
0.09787691384553909
0.19236193597316742
0.17431998252868652
0.1752428263425827
0.21676836907863617
0.17497895658016205
0.2072729915380478
0.8463624715805054
0.8416086435317993
0.242589071393013
0.1890588402748108
0.20785009860992432
0.2761390805244446
0.3387487530708313
0.20935457944869995
0.2115221917629242
0.20331217348575592
0.6522603631019592
0.5098558664321899
0.47693926095962524
0.5226096510887146
0.5059478878974915
0.6453304290771484
0.5150558352470398
0.4150151312351227
0.3800920248031616
0.4206230342388153
0.3507017493247986
0.5397189855575562
0.4394967555999756
0.44492632150650024
0.43967145681381226
0.5079091191291809
0.46874144673347473
0.5242555737495422
0.5726395845413208
0.39327922463417053
0.5710362792015076
0.3657326102256775
0.5371153950691223
0.5145500898361206
0.4296298027038574
0.45961621403694153
0.30443209409713745
0.358608603477478
0.8210577964782715
0.8100042939186096
