105
0.33717256784439087
0.16355642676353455
0.27132105827331543
0.1415022909641266
0.4211468994617462
0.26059237122535706
0.37211301922798157
0.19163993000984192
0.400552362203598
0.326224684715271
0.341378778219223
0.20779667794704437
0.315405935049057
0.3285953402519226
0.21571430563926697
0.10357561707496643
0.08159208297729492
0.26471757888793945
0.3026478886604309
0.09549391269683838
0.24727506935596466
0.30302417278289795
0.29249104857444763
0.19007010757923126
0.16256488859653473
0.21166250109672546
0.31682905554771423
0.2442859560251236
0.47621017694473267
0.414548397064209
0.40781930088996887
0.14198076725006104
0.15614597499370575
0.5030267238616943
0.18403032422065735
0.19593468308448792
0.6192905902862549
0.24019382894039154
0.24897804856300354
0.21099399030208588
0.5710231065750122
0.8218998908996582
0.6482599377632141
0.45043104887008667
0.710953414440155
0.8103814125061035
0.6709324717521667
0.823951005935669
0.8247115612030029
0.8317875862121582
0.280803918838501
0.5831409692764282
0.4172437787055969
0.1538470983505249
0.49719926714897156
0.1890861988067627
0.20029094815254211
0.5795326828956604
0.22678376734256744
0.23554374277591705
0.22609886527061462
0.44912755489349365
0.6667092442512512
0.5083385705947876
0.5972346067428589
0.6151101589202881
0.3918248116970062
0.6127799153327942
0.5547888875007629
0.4591456651687622
0.45589587092399597
0.44624778628349304
0.546746015548706
0.37421369552612305
0.428355872631073
0.59745854139328
0.5009284615516663
0.5575357675552368
0.5561455488204956
0.47906893491744995
0.6805921196937561
0.5692898035049438
0.4031112492084503
0.4026308059692383
0.31546154618263245
0.30090510845184326
0.48520538210868835
0.5289126634597778
0.35726305842399597
0.5367462038993835
0.7995391488075256
0.40398040413856506
0.7063630223274231
0.6728909015655518
0.552824079990387
0.5511234998703003
0.25129950046539307
0.573214054107666
0.5679188370704651
0.3902035355567932
0.2719372510910034
0.604042112827301
0.5988144278526306
0.7128152251243591
0.835371732711792
