309
0.08830013126134872
0.18832284212112427
0.2271573394536972
0.08396445214748383
0.10632620006799698
0.09929332137107849
0.16114893555641174
0.12068341672420502
0.14801016449928284
0.11207753419876099
0.10011988878250122
0.3507978022098541
0.08027128875255585
0.08829554170370102
0.38964319229125977
0.21086296439170837
0.22017857432365417
0.1353917270898819
0.27130866050720215
0.13528543710708618
0.3566962778568268
0.18644247949123383
0.14656363427639008
0.10659383237361908
0.13564088940620422
0.07492566853761673
0.23689934611320496
0.18700651824474335
0.10024498403072357
0.06516869366168976
0.06831999868154526
0.07261630892753601
0.07956024259328842
0.13746583461761475
0.0788230374455452
0.11396363377571106
0.18990829586982727
0.09897866100072861
0.1905565708875656
0.09854111820459366
0.19749599695205688
0.0979459211230278
0.10469147562980652
0.21033431589603424
0.3102620840072632
0.06178261339664459
0.18830494582653046
0.23532110452651978
0.2416784018278122
0.27083536982536316
0.09631551057100296
0.1114269271492958
0.14522375166416168
0.33075764775276184
0.18766777217388153
0.1334977000951767
0.11615023761987686
0.1738455593585968
0.36698463559150696
0.20387230813503265
0.4836233854293823
0.4539114236831665
0.30921033024787903
0.3534506857395172
0.47584226727485657
0.41139230132102966
0.4049524664878845
0.5197708010673523
0.21085312962532043
0.4060015082359314
0.39322760701179504
0.46214479207992554
0.428730845451355
0.5541187524795532
0.1390225887298584
0.16947878897190094
0.1571115404367447
0.19011695683002472
0.7981196641921997
0.7842044830322266
0.7651753425598145
0.816146969795227
0.8469734787940979
0.8333394527435303
0.7551702857017517
0.7928122282028198
0.7574787735939026
0.8220349550247192
0.8330944776535034
0.790608823299408
0.8374606370925903
0.8315029740333557
0.1832382082939148
0.3268221616744995
0.42260414361953735
0.40301159024238586
0.362556517124176
0.3700106143951416
0.4633949100971222
0.3312259912490845
0.18900345265865326
0.3460993468761444
0.4380151629447937
0.4130488634109497
0.3696586787700653
0.2080373764038086
0.4816819727420807
0.4532022178173065
0.2373359352350235
0.448487788438797
0.1957540363073349
0.37218964099884033
0.2587384581565857
0.46695366501808167
0.4539681077003479
0.5146001577377319
0.5221185088157654
0.1315385401248932
0.19646985828876495
0.18120646476745605
0.22561916708946228
0.5970096588134766
0.5562694072723389
0.6218761205673218
0.5950291156768799
0.461067259311676
0.6400511264801025
0.6823965311050415
0.393889844417572
0.6912773847579956
0.5525968670845032
0.28694918751716614
0.5664203763008118
0.591528594493866
0.31771937012672424
0.6074311137199402
0.5410335063934326
0.46934160590171814
0.6370956897735596
0.5673054456710815
0.48447930812835693
0.5762054324150085
0.5970912575721741
0.6654077768325806
0.5648434162139893
0.5459076762199402
0.48872455954551697
0.5880518555641174
0.48879632353782654
0.46285009384155273
0.49923786520957947
0.4761508107185364
0.6890239715576172
0.603766918182373
0.429360032081604
0.5114003419876099
0.39036932587623596
0.5312342643737793
0.618229866027832
0.40689730644226074
0.5449347496032715
0.5191173553466797
0.43984076380729675
0.5988350510597229
0.5622826814651489
0.5009807348251343
0.4877084195613861
0.4800187647342682
0.5772414803504944
0.55794757604599
0.649255633354187
0.6004050374031067
0.3160410225391388
0.3061971664428711
0.6030434966087341
0.586814284324646
0.5268723368644714
0.43880173563957214
0.3349263668060303
0.5466380715370178
0.4973151683807373
0.47461211681365967
0.561275064945221
0.6482890248298645
0.5397758483886719
0.5170834064483643
0.5187102556228638
0.6202646493911743
0.4914085268974304
0.36729004979133606
0.49999910593032837
0.5837072730064392
0.445264995098114
0.48090893030166626
0.492453932762146
0.4771914780139923
0.3992239534854889
0.5771695375442505
0.52569979429245
0.4830102026462555
0.568274974822998
0.45703327655792236
0.5627620220184326
0.46189773082733154
0.5622406601905823
0.6438406109809875
0.5348877310752869
0.486992746591568
0.37609806656837463
0.4233676791191101
0.3645230829715729
0.5155152082443237
0.3939856290817261
0.4108559191226959
0.4436858594417572
0.33808040618896484
0.37601280212402344
0.32225754857063293
0.5196624398231506
0.4059867262840271
0.46957752108573914
0.4043585956096649
0.540152370929718
0.45219510793685913
0.5275195837020874
0.4606887698173523
0.39091575145721436
0.4418749511241913
0.4280672073364258
0.4811924695968628
0.4104829430580139
0.46207767724990845
0.37076354026794434
0.5202605128288269
0.32506263256073
0.5534730553627014
0.42079004645347595
0.4752246141433716
0.5643696188926697
0.3811168074607849
0.41825419664382935
0.4137478172779083
0.39842280745506287
0.42020177841186523
0.555798351764679
0.46892333030700684
0.8032028675079346
0.7769586443901062
0.4447433352470398
0.3702946603298187
0.6902474761009216
0.6317493915557861
0.6370291113853455
0.46899735927581787
0.4842977225780487
0.3779042959213257
0.5465525984764099
0.48262280225753784
0.8004592657089233
0.821698784828186
0.43892917037010193
0.8148032426834106
0.7987022399902344
0.5564078092575073
0.4023747742176056
0.7091600894927979
0.7623536586761475
0.5424267649650574
0.2896724045276642
0.6393425464630127
0.6974437832832336
0.28886666893959045
0.42016905546188354
0.3440767824649811
0.406237930059433
0.5075476765632629
0.33750292658805847
0.766541600227356
0.7549185156822205
0.8324170708656311
0.6966460943222046
0.3884966969490051
0.5267797112464905
0.5739042162895203
0.6927762031555176
0.44640401005744934
0.801949143409729
0.7206395268440247
0.5278623700141907
0.6622105240821838
0.7693529725074768
0.7887179255485535
0.8312980532646179
0.6998392343521118
0.7984646558761597
0.8416925668716431
0.8305984139442444
0.8218064308166504
0.8418036699295044
0.817568838596344
0.8215236067771912
0.8364459872245789
0.7973995804786682
0.739920437335968
0.7376155257225037
0.6676877737045288
0.8147003054618835
0.8517487645149231
0.8373515605926514
