65
0.2963734567165375
0.29405099153518677
0.3964810073375702
0.3556700348854065
0.17742307484149933
0.15839721262454987
0.29860666394233704
0.3157579302787781
0.3340473175048828
0.3390081226825714
0.21668285131454468
0.2871708273887634
0.3373064696788788
0.3331741392612457
0.10045329481363297
0.10232322663068771
0.22493743896484375
0.29142487049102783
0.329683393239975
0.29487380385398865
0.333291232585907
0.8325251340866089
0.8445765376091003
0.8234173059463501
0.552640974521637
0.6968711018562317
0.6401784420013428
0.4545466899871826
0.611129879951477
0.5308431386947632
0.6546077132225037
0.5175552368164062
0.5954979062080383
0.7089893817901611
0.5826369524002075
0.6036748290061951
0.7153398990631104
0.5904120802879333
0.5800251364707947
0.5158986449241638
0.6688434481620789
0.393516480922699
0.5443770289421082
0.5541792511940002
0.6744669675827026
0.542179524898529
0.5916120409965515
0.7036510705947876
0.5746878385543823
0.5695435404777527
0.6826236248016357
0.5459253191947937
0.643208384513855
0.5383686423301697
0.4379357099533081
0.5738793015480042
0.6050153970718384
0.5806232690811157
0.8376867175102234
0.8391266465187073
0.8164945840835571
0.8289401531219482
0.8093593120574951
0.8193776607513428
0.8140222430229187
