615
0.1520307958126068
0.16715791821479797
0.1707388311624527
0.1719137281179428
0.14044499397277832
0.14353227615356445
0.1557391732931137
0.11438743770122528
0.18843041360378265
0.19246864318847656
0.19078734517097473
0.156111940741539
0.0914318859577179
0.07447672635316849
0.07521098852157593
0.09234335273504257
0.09327658265829086
0.09680819511413574
0.08388875424861908
0.14690446853637695
0.12310405820608139
0.15504296123981476
0.16895580291748047
0.09279821068048477
0.24537518620491028
0.0873778760433197
0.1358950287103653
0.08339332044124603
0.08111000806093216
0.17823056876659393
0.060522206127643585
0.08029801398515701
0.08197009563446045
0.07811817526817322
0.17210394144058228
0.21249762177467346
0.46896234154701233
0.08800584822893143
0.3651609420776367
0.0902739018201828
0.18655069172382355
0.09021296352148056
0.1861850619316101
0.13518953323364258
0.1637212187051773
0.3464653193950653
0.128195121884346
0.15668857097625732
0.261444091796875
0.399558961391449
0.2048160880804062
0.14358215034008026
0.1247895210981369
0.18513770401477814
0.10064697265625
0.14616918563842773
0.23771440982818604
0.24476324021816254
0.07488779723644257
0.09398578852415085
0.07689546793699265
0.3825625479221344
0.12326276302337646
0.10603650659322739
0.09415695071220398
0.09627443552017212
0.1681518405675888
0.13509134948253632
0.11640187352895737
0.08789371699094772
0.12621065974235535
0.13032524287700653
0.08761393278837204
0.1256989985704422
0.1300523430109024
0.10446906834840775
0.11438991874456406
0.16628587245941162
0.16093307733535767
0.08174607902765274
0.1419578492641449
0.10078179091215134
0.06843521445989609
0.06398278474807739
0.11985164135694504
0.09689961373806
0.09609092772006989
0.13382938504219055
0.07192292809486389
0.28685298562049866
0.1206335499882698
0.08697479218244553
0.12867777049541473
0.09548663347959518
0.08817579597234726
0.07775582373142242
0.13429708778858185
0.15812894701957703
0.10432568192481995
0.09008553624153137
0.07611728459596634
0.36766335368156433
0.32286253571510315
0.12330923974514008
0.3073561489582062
0.12435168027877808
0.30958154797554016
0.3636299669742584
0.1452631801366806
0.13400618731975555
0.19072803854942322
0.12400604039430618
0.17529518902301788
0.08196894824504852
0.12666474282741547
0.38125136494636536
0.06358316540718079
0.1870015263557434
0.09942197799682617
0.13698790967464447
0.07354982197284698
0.21690762042999268
0.11435345560312271
0.22171789407730103
0.10189870744943619
0.13653604686260223
0.43213534355163574
0.28299829363822937
0.4844929575920105
0.23469936847686768
0.3824959397315979
0.249048113822937
0.4360739588737488
0.2084202915430069
0.3762702941894531
0.221734419465065
0.4279490113258362
0.19007733464241028
0.43817436695098877
0.26761600375175476
0.4891619384288788
0.2278784066438675
0.1864914447069168
0.21263256669044495
0.22626978158950806
0.2663632333278656
0.20418107509613037
0.23356831073760986
0.24814103543758392
0.2928123474121094
0.21702036261558533
0.2511744499206543
0.2605976164340973
0.31834954023361206
0.21756954491138458
0.3729436993598938
0.18900024890899658
0.20201893150806427
0.3395797312259674
0.2103288769721985
0.18771295249462128
0.41363659501075745
0.43834078311920166
0.21323010325431824
0.41746094822883606
0.21322834491729736
0.25978371500968933
0.26244425773620605
0.34779712557792664
0.1863151490688324
0.42532968521118164
0.613704264163971
0.5628730654716492
0.6787274479866028
0.5358961224555969
0.28779199719429016
0.3473801016807556
0.3087156116962433
0.38498368859291077
0.67475825548172
0.6538880467414856
0.3798869848251343
0.18411287665367126
0.20565012097358704
0.23417477309703827
0.19894418120384216
0.3008958399295807
0.48104068636894226
0.6503428220748901
0.2822907567024231
0.4188675284385681
0.22949953377246857
0.3140900731086731
0.17206048965454102
0.26436203718185425
0.20595183968544006
0.33927828073501587
0.17400804162025452
0.2665867805480957
0.8356217741966248
0.8380545973777771
0.7897771000862122
0.7052363753318787
0.6879801750183105
0.8093070387840271
0.8376923203468323
0.8349704146385193
0.8310868740081787
0.8472840785980225
0.8423519134521484
0.84355229139328
0.6295580267906189
0.7991060614585876
0.8466928601264954
0.8064679503440857
0.7734832167625427
0.7499813437461853
0.8525919914245605
0.798547089099884
0.785472571849823
0.8377640247344971
0.8400068879127502
0.6571309566497803
0.8134917616844177
0.3771061599254608
0.2469191551208496
0.41894325613975525
0.20696039497852325
0.37448397278785706
0.2445381134748459
0.41822198033332825
0.20533868670463562
0.47246161103248596
0.29840585589408875
0.5223850607872009
0.249419167637825
0.5049883127212524
0.3272421061992645
0.5535734295845032
0.27413228154182434
0.478966623544693
0.32661673426628113
0.2747856378555298
0.476174920797348
0.540234386920929
0.1862766593694687
0.21205437183380127
0.2263578474521637
0.2654396891593933
0.22901667654514313
0.2620999217033386
0.27835407853126526
0.3275145888328552
0.22680754959583282
0.2593097388744354
0.27625298500061035
0.32377955317497253
0.3830576241016388
0.435076504945755
0.2260889708995819
0.3850221335887909
0.19592778384685516
0.19267934560775757
0.3228975236415863
0.17037007212638855
0.24208049476146698
0.211771160364151
0.3616439700126648
0.489652544260025
0.24023206532001495
0.49374285340309143
0.44354248046875
0.4348427951335907
0.21456751227378845
0.3674021363258362
0.18630819022655487
0.35129186511039734
0.3535469174385071
0.3066015839576721
0.3086933195590973
0.33328840136528015
0.1811176836490631
0.33540230989456177
0.4626609683036804
0.6184424757957458
0.4903952479362488
0.7343121767044067
0.5761783123016357
0.37236288189888
0.4188283383846283
0.3934396207332611
0.45502904057502747
0.6976565718650818
0.6760095953941345
0.4263332486152649
0.21244151890277863
0.5072125792503357
0.1751095950603485
0.2591294050216675
0.4181463420391083
0.5351139307022095
0.6105671525001526
0.7097365856170654
0.2253095954656601
0.3271156847476959
0.22159183025360107
0.2786521315574646
0.4290894567966461
0.35254156589508057
0.4838225245475769
0.5645553469657898
0.5415878891944885
0.426496297121048
0.611250638961792
0.590886116027832
0.4757033586502075
0.5022122263908386
0.47832149267196655
0.37172237038612366
0.5952879190444946
0.5726305246353149
0.48241686820983887
0.49095290899276733
0.5253027081489563
0.38076597452163696
0.5922005772590637
0.2915954291820526
0.48743364214897156
0.4683528542518616
0.595410943031311
0.6172734498977661
0.5360185503959656
0.3994547128677368
0.3992924392223358
0.46482446789741516
0.5615262985229492
0.567594051361084
0.6378129720687866
0.5837030410766602
0.39926761388778687
0.5554588437080383
0.45325610041618347
0.3090977370738983
0.6910120248794556
0.518338680267334
0.35156968235969543
0.4307016432285309
0.5546135902404785
0.3861655294895172
0.4716249406337738
0.7287775874137878
0.5717978477478027
0.6511468887329102
0.5890666246414185
0.5177879333496094
0.5251173973083496
0.46150943636894226
0.6602411270141602
0.6270645260810852
0.6849337220191956
0.6491994261741638
0.4973529875278473
0.6387292146682739
0.6189335584640503
0.4533194899559021
0.5954096913337708
0.5762609839439392
0.7275568842887878
0.7854072451591492
0.5808786749839783
0.5500058531761169
0.478789359331131
0.6228554844856262
0.5978939533233643
0.6915030479431152
0.6605390310287476
0.518971860408783
0.6305963397026062
0.596143364906311
0.5062452554702759
0.619519829750061
0.5980045199394226
0.48053351044654846
0.5252900123596191
0.5000519156455994
0.3879367709159851
0.6390957832336426
0.61841881275177
0.5020455121994019
0.47891730070114136
0.4551492929458618
0.37107396125793457
0.5085381865501404
0.5466880798339844
0.39221176505088806
0.5932313203811646
0.5415506958961487
0.549352765083313
0.24566872417926788
0.42785757780075073
0.40846431255340576
0.518695056438446
0.5258705019950867
0.5153161883354187
0.6627892255783081
0.35013556480407715
0.44370338320732117
0.3692565858364105
0.4843392074108124
0.33465996384620667
0.4115663170814514
0.7155815958976746
0.633500874042511
0.6518852114677429
0.5868250727653503
0.5484808087348938
0.48507413268089294
0.48677220940589905
0.4360746741294861
0.6674208641052246
0.7420353889465332
0.41928595304489136
0.5646294355392456
0.5477344393730164
0.4069925546646118
0.5492321848869324
0.6771038770675659
0.6557310223579407
0.5987873077392578
0.5581992268562317
0.5132719278335571
0.466378390789032
0.6060209274291992
0.5645325183868408
0.5150963068008423
0.46815943717956543
0.47337716817855835
0.5455724000930786
0.6221392154693604
0.5702077746391296
0.5664318799972534
0.6148731708526611
0.6191186308860779
0.47412770986557007
0.41068965196609497
0.3455546498298645
0.5301041007041931
0.3830534815788269
0.3343980312347412
0.2795363664627075
0.6372706294059753
0.5592628121376038
0.4953539967536926
0.4345995783805847
0.3623656928539276
0.630271852016449
0.5562697052955627
0.46627065539360046
0.6214996576309204
0.5835837125778198
0.44933584332466125
0.6410098671913147
0.6923632621765137
0.4870602786540985
0.4771089553833008
0.6156323552131653
0.367525190114975
0.3782782554626465
0.2867752015590668
0.3080609440803528
0.4169236123561859
0.542570948600769
0.34335044026374817
0.4639416038990021
0.5923054814338684
0.5391235947608948
0.5199329853057861
0.39275577664375305
0.4679650068283081
0.6866527795791626
0.6584702134132385
0.6922875642776489
0.6078389883041382
0.5878663063049316
0.5733798742294312
0.48760777711868286
0.46451815962791443
0.614159882068634
0.5083737373352051
0.7400788068771362
0.5398129820823669
0.5377997756004333
0.5236421823501587
0.5241579413414001
0.6155988574028015
0.6582714915275574
0.47198009490966797
0.6562181711196899
0.5197127461433411
0.3797350227832794
0.49181267619132996
0.6288079023361206
0.3632868826389313
0.5408816337585449
0.41089946031570435
0.6048315167427063
0.31645897030830383
0.4452126622200012
0.5113005638122559
0.6802240014076233
0.4079628586769104
0.5414445996284485
0.4123033285140991
0.606163740158081
0.31812700629234314
0.44664669036865234
0.737831711769104
0.6463077664375305
0.837616503238678
0.61086106300354
0.6070328950881958
0.47679632902145386
0.4609096944332123
0.5261622071266174
0.6119672656059265
0.6457817554473877
0.7892593145370483
0.8340809941291809
0.8323766589164734
0.6634917855262756
0.5983477830886841
0.5938010215759277
0.5371088981628418
0.8382235169410706
0.7800121307373047
0.7701805233955383
0.8423070907592773
0.7829359769821167
0.634135901927948
0.5651381015777588
0.4502110481262207
0.8261616230010986
0.7351152896881104
0.6812617778778076
0.5541595220565796
0.800717294216156
0.7600579261779785
0.8339146971702576
0.43261468410491943
0.5879510641098022
0.6430948972702026
0.6213960647583008
0.6046661138534546
0.6132807731628418
0.628454327583313
0.4293614327907562
0.5478072762489319
0.8440576791763306
0.841780960559845
0.8278312683105469
0.5752602815628052
0.6177784204483032
0.3880482614040375
0.4981142282485962
0.508461058139801
0.2827720046043396
0.35472050309181213
0.46235308051109314
0.41935592889785767
0.3961218297481537
0.8280870318412781
0.24627625942230225
0.30756574869155884
0.4947566092014313
0.6193801164627075
0.7193434834480286
0.6392704844474792
0.7769299745559692
0.42308348417282104
0.5497312545776367
0.2368927150964737
0.22339694201946259
0.41204288601875305
0.3826412856578827
0.2617109715938568
0.6009475588798523
0.6462001204490662
0.6299306154251099
0.8045042157173157
0.7791889309883118
0.5741561651229858
0.806263267993927
0.5288321375846863
0.4935249984264374
0.5379317402839661
0.7507531642913818
0.8405811190605164
0.8235043287277222
0.8372329473495483
0.806025505065918
0.8125398755073547
0.8100878000259399
0.8421071171760559
0.7787356972694397
0.7790163159370422
0.8364989161491394
0.7593574523925781
0.8487425446510315
0.5829589366912842
0.8387731313705444
0.737697422504425
0.8397196531295776
0.8452175259590149
0.8348298072814941
0.8405231237411499
