100
0.2037360519170761
0.2389150857925415
0.16062180697917938
0.23221628367900848
0.36791178584098816
0.17084932327270508
0.2904664874076843
0.1207578033208847
0.16648772358894348
0.23142407834529877
0.22056737542152405
0.2048272043466568
0.11356034129858017
0.15772949159145355
0.13522030413150787
0.17816361784934998
0.09800964593887329
0.23687683045864105
0.07957050949335098
0.21233157813549042
0.21049462258815765
0.2242080271244049
0.09083285927772522
0.20158039033412933
0.20099526643753052
0.2134542316198349
0.11268507689237595
0.12521608173847198
0.1780463308095932
0.2412603199481964
0.4680880606174469
0.2814539074897766
0.2545253038406372
0.19281822443008423
0.19466273486614227
0.09630690515041351
0.09275469183921814
0.4705516993999481
0.8179986476898193
0.8305369019508362
0.8143919706344604
0.2627352476119995
0.48665112257003784
0.2196752279996872
0.3041718304157257
0.325713187456131
0.19392341375350952
0.17546066641807556
0.11366786062717438
0.43203917145729065
0.12552706897258759
0.5483771562576294
0.49956977367401123
0.6301592588424683
0.5276892781257629
0.44495531916618347
0.3153625428676605
0.30894485116004944
0.5511173605918884
0.5472282767295837
0.3966522514820099
0.39422014355659485
0.641473114490509
0.5254373550415039
0.5017815232276917
0.5732517838478088
0.5114203691482544
0.33278438448905945
0.338151216506958
0.610537588596344
0.4636409282684326
0.3005920946598053
0.3051145374774933
0.5654453039169312
0.40618282556533813
0.5320011973381042
0.5895289778709412
0.46907514333724976
0.6241548657417297
0.5100815296173096
0.5563111305236816
0.5172292590141296
0.5284806489944458
0.568141520023346
0.43793463706970215
0.5522308945655823
0.5347451567649841
0.836250364780426
0.8339239954948425
0.5604053139686584
0.5229188203811646
0.839102566242218
0.836351215839386
0.8271788954734802
0.8246942162513733
0.8376386761665344
0.7391494512557983
0.695339024066925
0.8228439688682556
0.8090398907661438
