34
0.31296417117118835
0.24052490293979645
0.2183084338903427
0.195567786693573
0.22896404564380646
0.19640636444091797
0.09665568172931671
0.2316851168870926
0.20340634882450104
0.08676077425479889
0.19393666088581085
0.16441220045089722
0.0681203156709671
0.17832960188388824
0.14725695550441742
0.42987993359565735
0.2610752582550049
0.8297364115715027
0.815697968006134
0.17679902911186218
0.3828190267086029
0.5460009574890137
0.4218069314956665
0.6287134289741516
0.6061422228813171
0.4733826816082001
0.484142929315567
0.5634581446647644
0.5802040696144104
0.5517284274101257
0.5214577317237854
0.44318538904190063
0.8017646670341492
0.7983206510543823
