72
0.0792241096496582
0.08994928747415543
0.13969244062900543
0.08984296023845673
0.14224198460578918
0.15677040815353394
0.15584738552570343
0.16413506865501404
0.10911040753126144
0.14801688492298126
0.08837292343378067
0.12965865433216095
0.19470664858818054
0.08719590306282043
0.14960245788097382
0.08215838670730591
0.11874832957983017
0.1218031495809555
0.08668985217809677
0.09607496112585068
0.11857978254556656
0.3424549400806427
0.4385460913181305
0.37209466099739075
0.18614649772644043
0.22116771340370178
0.8208090662956238
0.8318120241165161
0.8409402966499329
0.848128616809845
0.8105464577674866
0.8105703592300415
0.8345322608947754
0.8345670104026794
0.24201975762844086
0.4701855182647705
0.48304155468940735
0.3846051096916199
0.36063024401664734
0.23061424493789673
0.2164723426103592
0.21327438950538635
0.5920910835266113
0.4813633859157562
0.657008171081543
0.48816511034965515
0.48625698685646057
0.49657878279685974
0.4158317446708679
0.4784289002418518
0.382766991853714
0.5816649198532104
0.5628830790519714
0.5054378509521484
0.5139107704162598
0.48127058148384094
0.36592936515808105
0.5787927508354187
0.5182175636291504
0.4867740869522095
0.5784400105476379
0.4921548366546631
0.7598128914833069
0.8296699523925781
0.58936607837677
0.4656950533390045
0.7411198616027832
0.5749102234840393
0.42246904969215393
0.8053389191627502
0.8141544461250305
0.8102700114250183
