113
0.08915466070175171
0.10842461884021759
0.1396435797214508
0.11890935897827148
0.16282103955745697
0.1121034026145935
0.11557473242282867
0.11195603758096695
0.15241825580596924
0.07043881714344025
0.0704677477478981
0.08394903689622879
0.07458452135324478
0.1198035329580307
0.10675051063299179
0.16802237927913666
0.1134331226348877
0.17883190512657166
0.08760268241167068
0.10740264505147934
0.2513139545917511
0.10180415958166122
0.08406683802604675
0.3181203007698059
0.2876635789871216
0.3569793701171875
0.10452018678188324
0.10788320749998093
0.08385930955410004
0.11497669667005539
0.08391490578651428
0.078671395778656
0.10687503963708878
0.07101594656705856
0.0826408714056015
0.06916225701570511
0.07495147734880447
0.19298583269119263
0.07057138532400131
0.17542316019535065
0.06546967476606369
0.13200296461582184
0.2716144323348999
0.07016042619943619
0.23154427111148834
0.4323587119579315
0.28861337900161743
0.5387317538261414
0.474445641040802
0.7123852372169495
0.8419358134269714
0.8465621471405029
0.814195454120636
0.8376330137252808
0.4233965277671814
0.3632104694843292
0.5841351747512817
0.5424590706825256
0.4741646349430084
0.5893419981002808
0.5988128185272217
0.6058639287948608
0.4669259190559387
0.484984815120697
0.4600931704044342
0.468294233083725
0.4777861535549164
0.4141905605792999
0.4309605658054352
0.5111119151115417
0.5804516077041626
0.6728813648223877
0.6639203429222107
0.6276827454566956
0.5751587152481079
0.610305905342102
0.6085807085037231
0.4646342992782593
0.4735861122608185
0.48414644598960876
0.4581718146800995
0.47713637351989746
0.449394166469574
0.4578961133956909
0.4678252935409546
0.40198394656181335
0.4189690351486206
0.650935709476471
0.5729883313179016
0.6831074953079224
0.5524466037750244
0.6027404069900513
0.6084796786308289
0.46332240104675293
0.4576195776462555
0.4496856927871704
0.44106024503707886
0.39948439598083496
0.4920833706855774
0.6284112930297852
0.5491347312927246
0.5656617283821106
0.39106985926628113
0.573107898235321
0.6083386540412903
0.6493105292320251
0.8114876747131348
0.8070200681686401
0.7289465069770813
0.7962200045585632
0.7681367993354797
0.8337975740432739
0.8292757272720337
