269
0.2288874089717865
0.3441580832004547
0.2925862669944763
0.2849830389022827
0.32479026913642883
0.35100239515304565
0.369838148355484
0.35516470670700073
0.3617357909679413
0.2560833990573883
0.30506592988967896
0.33666378259658813
0.1820385456085205
0.17107462882995605
0.2907487750053406
0.354405015707016
0.12893372774124146
0.30634230375289917
0.3077462315559387
0.335475355386734
0.3537130653858185
0.10418158769607544
0.12760497629642487
0.3303229808807373
0.12842287123203278
0.16344450414180756
0.4062250852584839
0.1603250801563263
0.3330968916416168
0.21320927143096924
0.19320304691791534
0.3054679036140442
0.29942283034324646
0.1482459157705307
0.282650351524353
0.2892480194568634
0.1194106936454773
0.15518875420093536
0.3156321942806244
0.3450891077518463
0.07882487028837204
0.17287862300872803
0.20401711761951447
0.2916087508201599
0.3499498963356018
0.30953696370124817
0.19197291135787964
0.25135743618011475
0.24118486046791077
0.2778037190437317
0.2589249312877655
0.292310893535614
0.10345428436994553
0.218633234500885
0.34495896100997925
0.25841131806373596
0.07140649110078812
0.30024847388267517
0.07996418327093124
0.08719158172607422
0.24138784408569336
0.07790780067443848
0.21392080187797546
0.08450449258089066
0.17875027656555176
0.06545897573232651
0.15855179727077484
0.14293642342090607
0.19730116426944733
0.3903284966945648
0.243256077170372
0.07489925622940063
0.2364497184753418
0.3504960238933563
0.2044842541217804
0.21741819381713867
0.23455950617790222
0.3850329518318176
0.22221334278583527
0.3969917893409729
0.2579881250858307
0.1724478155374527
0.49065691232681274
0.29162850975990295
0.4967884123325348
0.43311595916748047
0.3774474561214447
0.8230434656143188
0.8328661918640137
0.8136184215545654
0.7520590424537659
0.8238574266433716
0.8236013054847717
0.5221893787384033
0.8223739266395569
0.8255311250686646
0.8098997473716736
0.8452757596969604
0.8411946296691895
0.8355987071990967
0.34245845675468445
0.2525158226490021
0.20513394474983215
0.24887043237686157
0.47082141041755676
0.2923557162284851
0.4303465783596039
0.29900848865509033
0.5804309844970703
0.18099340796470642
0.4679822623729706
0.27718642354011536
0.6653690338134766
0.41691309213638306
0.46912288665771484
0.2913416922092438
0.5452280044555664
0.5346723198890686
0.41218864917755127
0.39745017886161804
0.5801451802253723
0.5380747318267822
0.49601632356643677
0.6983673572540283
0.6123594641685486
0.6830875277519226
0.6587879657745361
0.590476393699646
0.7389761805534363
0.7173597812652588
0.6650318503379822
0.6709100008010864
0.4886223077774048
0.4078700542449951
0.5531426668167114
0.4699375629425049
0.5274579524993896
0.6727256774902344
0.6001695990562439
0.4849868416786194
0.6393420100212097
0.5626958608627319
0.7193316221237183
0.6138646006584167
0.6004292964935303
0.3657253384590149
0.6404794454574585
0.2621348798274994
0.466668963432312
0.5706549882888794
0.7308158278465271
0.7308031916618347
0.7401561141014099
0.7121826410293579
0.7121679782867432
0.7347408533096313
0.6741229295730591
0.674103856086731
0.5726756453514099
0.5726516246795654
0.6170546412467957
0.573790967464447
0.5737670660018921
0.6180477142333984
0.6137261390686035
0.6137046217918396
0.6618599891662598
0.550180971622467
0.5501576662063599
0.6943878531455994
0.6943760514259338
0.6640853881835938
0.6640704870223999
0.6820566654205322
0.6820484399795532
0.7248197197914124
0.5646495223045349
0.6256763935089111
0.5256649255752563
0.5562106966972351
0.4567321836948395
0.6278793215751648
0.516232430934906
0.6643948554992676
0.659931480884552
0.5575124621391296
0.7373307943344116
0.7215185165405273
0.655951976776123
0.6581750512123108
0.6251580715179443
0.4369795024394989
0.5923093557357788
0.5069478750228882
0.5159626007080078
0.6650984883308411
0.5870090126991272
0.645988941192627
0.5725721716880798
0.6126260757446289
0.29349133372306824
0.5888928771018982
0.2948417365550995
0.5482717156410217
0.5134515166282654
0.4310038089752197
0.7331598401069641
0.7331451773643494
0.7304098606109619
0.6378989219665527
0.6378829479217529
0.697350800037384
0.6050456166267395
0.5022282600402832
0.6153883337974548
0.5132203102111816
0.5972658395767212
0.6012255549430847
0.658671498298645
0.5728074312210083
0.4062958359718323
0.44481581449508667
0.4988953471183777
0.4809094965457916
0.5222682356834412
0.5798372626304626
0.5368595719337463
0.6275652050971985
0.4879162907600403
0.5387798547744751
0.6205527186393738
0.5676891207695007
0.621410608291626
0.5610482096672058
0.5845314860343933
0.5159411430358887
0.4813838303089142
0.4383370280265808
0.39443475008010864
0.4405187964439392
0.5671802163124084
0.36704546213150024
0.6554968357086182
0.6093018054962158
0.5843150615692139
0.6189947128295898
0.5942842960357666
0.7356423735618591
0.5411354899406433
0.44503551721572876
0.5207628011703491
0.5391610860824585
0.6149566769599915
0.8115297555923462
0.6603546738624573
0.59554523229599
0.5395489931106567
0.37574654817581177
0.6400018334388733
0.7573926448822021
0.8322935104370117
0.8325170874595642
0.6989269852638245
0.6420496702194214
0.8232582211494446
0.8441776037216187
0.7721080183982849
0.8277231454849243
0.8293027281761169
