296
0.07513339072465897
0.06507954746484756
0.08468116819858551
0.09122348576784134
0.1494954377412796
0.21687021851539612
0.11467095464468002
0.09726214408874512
0.07322556525468826
0.11879216134548187
0.2109590768814087
0.07696810364723206
0.19384485483169556
0.29387739300727844
0.09932196885347366
0.13468590378761292
0.2737213373184204
0.17925263941287994
0.24191871285438538
0.10554847866296768
0.31689125299453735
0.3559876084327698
0.1637466698884964
0.11470961570739746
0.1615445464849472
0.3293183445930481
0.07207532972097397
0.2436063140630722
0.09277210384607315
0.20508921146392822
0.22571758925914764
0.11870148032903671
0.25312182307243347
0.3149903118610382
0.09464766830205917
0.23460647463798523
0.1381719708442688
0.2020149976015091
0.121779665350914
0.21947558224201202
0.13039016723632812
0.31449267268180847
0.32691261172294617
0.4024589955806732
0.3659795820713043
0.3988955616950989
0.37021321058273315
0.23446431756019592
0.09990894794464111
0.11799753457307816
0.23923318088054657
0.23560737073421478
0.07273899763822556
0.10907922685146332
0.09550373256206512
0.10945950448513031
0.30647677183151245
0.39210939407348633
0.0656776949763298
0.13019724190235138
0.16147315502166748
0.07902176678180695
0.05797029659152031
0.11227093636989594
0.06514059752225876
0.172393336892128
0.25703200697898865
0.06982990354299545
0.15628747642040253
0.26076266169548035
0.11444181948900223
0.1222706213593483
0.1574779450893402
0.1144561916589737
0.28590065240859985
0.29137665033340454
0.08676359057426453
0.07307355850934982
0.08220409601926804
0.1357838362455368
0.20502665638923645
0.07069890946149826
0.17895442247390747
0.2820579409599304
0.1085229218006134
0.07923725247383118
0.1205076351761818
0.08732975274324417
0.17462441325187683
0.14344240725040436
0.07096171379089355
0.07724109292030334
0.15264953672885895
0.1092052087187767
0.1517692357301712
0.10226164758205414
0.11156134307384491
0.26759833097457886
0.5275347232818604
0.4083283543586731
0.22338677942752838
0.4338969588279724
0.27335324883461
0.48297369480133057
0.41890305280685425
0.1803940236568451
0.26937946677207947
0.30342987179756165
0.16664700210094452
0.17623543739318848
0.46196457743644714
0.08570623397827148
0.09455402195453644
0.48877984285354614
0.3964938521385193
0.3894229531288147
0.1619526445865631
0.3440912365913391
0.749028205871582
0.8383665084838867
0.8376448154449463
0.5154232978820801
0.7953689098358154
0.795389711856842
0.3455096185207367
0.7689706683158875
0.8472446203231812
0.7741438746452332
0.7942335605621338
0.8386382460594177
0.5706592798233032
0.5875732898712158
0.5431807637214661
0.3335212469100952
0.43868985772132874
0.25226181745529175
0.46483707427978516
0.3581085801124573
0.5729545950889587
0.4484010636806488
0.23275542259216309
0.373160719871521
0.3154905438423157
0.172683447599411
0.18487372994422913
0.47393083572387695
0.09213795512914658
0.4527401328086853
0.10621359944343567
0.5327563881874084
0.5226075053215027
0.4362662732601166
0.4402879476547241
0.44262978434562683
0.24806249141693115
0.3393309414386749
0.18588583171367645
0.3787611424922943
0.39561015367507935
0.543755054473877
0.5809564590454102
0.5961664319038391
0.571898877620697
0.5958730578422546
0.6771487593650818
0.4909965395927429
0.5262800455093384
0.5385546684265137
0.5703830718994141
0.718878984451294
0.47516679763793945
0.542556643486023
0.46075475215911865
0.538080632686615
0.5751885175704956
0.6534397602081299
0.6198492646217346
0.37375879287719727
0.374982625246048
0.7056015729904175
0.5190806984901428
0.5389962196350098
0.6024561524391174
0.6282904148101807
0.7432788610458374
0.7594908475875854
0.6772170066833496
0.7030505537986755
0.7107961177825928
0.4712966978549957
0.6434553861618042
0.42594167590141296
0.5919158458709717
0.5741764903068542
0.6256730556488037
0.5571100115776062
0.6096224784851074
0.6878665089607239
0.7246848344802856
0.5850604176521301
0.601503312587738
0.538276195526123
0.5711244344711304
0.6609869003295898
0.4342025816440582
0.47470730543136597
0.4746807813644409
0.5115141868591309
0.6737265586853027
0.6005115509033203
0.5523717403411865
0.6134942173957825
0.5454190969467163
0.3166607916355133
0.3660862445831299
0.6709350347518921
0.5359137654304504
0.5614596009254456
0.6846998333930969
0.5792206525802612
0.6073043346405029
0.4689619839191437
0.6532515287399292
0.42747774720191956
0.5928656458854675
0.5392998456954956
0.5981436967849731
0.4946730434894562
0.5527772307395935
0.32088711857795715
0.6326639652252197
0.6918910145759583
0.58091801404953
0.6570042967796326
0.22627465426921844
0.47734004259109497
0.5597918629646301
0.27221834659576416
0.5081724524497986
0.5824767351150513
0.6402120590209961
0.6957157254219055
0.5852943062782288
0.6569634675979614
0.5829833149909973
0.583001971244812
0.4519149363040924
0.25491762161254883
0.6643239855766296
0.5661606788635254
0.4532333016395569
0.23643650114536285
0.4719904065132141
0.4366745948791504
0.5819677114486694
0.5157103538513184
0.56147700548172
0.3933330774307251
0.5073334574699402
0.24816370010375977
0.5322827100753784
0.43627142906188965
0.5572004914283752
0.2710188031196594
0.5139132142066956
0.4730447232723236
0.4049668610095978
0.3285588324069977
0.40932315587997437
0.526750922203064
0.3555062413215637
0.6577734351158142
0.5290936231613159
0.514401376247406
0.8092042803764343
0.7215018272399902
0.3847865164279938
0.5446450710296631
0.6396423578262329
0.4959031939506531
0.5000929236412048
0.40298283100128174
0.4905487298965454
0.7700172066688538
0.6827476620674133
0.8473836183547974
0.8403512239456177
0.8219043612480164
0.8308916091918945
0.8327058553695679
0.8423807621002197
0.794265627861023
0.8271245360374451
0.837226927280426
0.8316011428833008
0.8439273238182068
