132
0.19428271055221558
0.28270331025123596
0.34971854090690613
0.24021440744400024
0.39619356393814087
0.2764672636985779
0.2222784161567688
0.26005956530570984
0.35158467292785645
0.2354699671268463
0.2618441879749298
0.18037717044353485
0.28473636507987976
0.14075176417827606
0.21771010756492615
0.28373995423316956
0.3754613399505615
0.44868549704551697
0.30008184909820557
0.31191298365592957
0.3230023682117462
0.24042491614818573
0.2168327271938324
0.10262379795312881
0.26901954412460327
0.2809428572654724
0.1796107143163681
0.165785551071167
0.30966484546661377
0.1277206689119339
0.2024376094341278
0.14848041534423828
0.092134989798069
0.21765165030956268
0.31334632635116577
0.24901825189590454
0.24054929614067078
0.44074681401252747
0.5214098691940308
0.5028693675994873
0.24718673527240753
0.4560866355895996
0.18365798890590668
0.3291221559047699
0.19092722237110138
0.4684590995311737
0.7081445455551147
0.8228307366371155
0.8217630982398987
0.714100182056427
0.8106606006622314
0.8218089938163757
0.803682804107666
0.6541998982429504
0.6543710827827454
0.831243634223938
0.6595097780227661
0.44250327348709106
0.5927436947822571
0.21088875830173492
0.5210200548171997
0.2825069725513458
0.47784385085105896
0.3743068277835846
0.19742481410503387
0.27451807260513306
0.3803443908691406
0.5682387351989746
0.44914811849594116
0.5721012353897095
0.6762904524803162
0.607300341129303
0.6924657821655273
0.5830901861190796
0.3274374008178711
0.771957278251648
0.4847623109817505
0.6046891212463379
0.6177310347557068
0.28667378425598145
0.7287490367889404
0.6176958084106445
0.32547932863235474
0.7402890920639038
0.6702908873558044
0.5903058648109436
0.5803182125091553
0.48233211040496826
0.6018275022506714
0.5162935256958008
0.5323942303657532
0.6801747679710388
0.5773833990097046
0.6940531730651855
0.5836028456687927
0.24533513188362122
0.2770509421825409
0.7178502082824707
0.5810810327529907
0.47990742325782776
0.6353392004966736
0.5433145761489868
0.6441227793693542
0.5586341023445129
0.5902496576309204
0.4849652051925659
0.5382258892059326
0.49422094225883484
0.6395322680473328
0.6201046109199524
0.5065186619758606
0.5412724018096924
0.5607515573501587
0.49118736386299133
0.6397821307182312
0.60450679063797
0.5990120768547058
0.5503897666931152
0.5610634088516235
0.40877798199653625
0.3427274823188782
0.5402966737747192
0.5039968490600586
0.758457601070404
0.785967230796814
0.8019267320632935
0.5339629650115967
0.835667073726654
0.8132069110870361
0.5761205554008484
0.5608074069023132
0.7711511254310608
