148
0.12688228487968445
0.08822711557149887
0.33509665727615356
0.12221766263246536
0.1814574897289276
0.09577831625938416
0.20966793596744537
0.2189120054244995
0.24167586863040924
0.1445494145154953
0.26976582407951355
0.34513911604881287
0.3299425542354584
0.2735963761806488
0.3073172867298126
0.2552717924118042
0.3969571590423584
0.3498729467391968
0.3564261496067047
0.12010577321052551
0.16329731047153473
0.25644224882125854
0.1172257512807846
0.15896925330162048
0.23645731806755066
0.31711602210998535
0.1736464649438858
0.2191075086593628
0.2679690420627594
0.28971850872039795
0.17227841913700104
0.1707531064748764
0.25007838010787964
0.19450901448726654
0.08747304230928421
0.24791431427001953
0.27237480878829956
0.21950936317443848
0.19614505767822266
0.13582101464271545
0.30019593238830566
0.2878077030181885
0.07387617975473404
0.07131166756153107
0.08745663613080978
0.3172634243965149
0.32741764187812805
0.14630286395549774
0.31492340564727783
0.1902894228696823
0.2136169970035553
0.2405582070350647
0.2679784595966339
0.4026811122894287
0.33921122550964355
0.3711622953414917
0.472266286611557
0.3635227680206299
0.49806109070777893
0.4014318883419037
0.3307788074016571
0.3630463778972626
0.46694931387901306
0.22994591295719147
0.7771411538124084
0.826738178730011
0.8027566075325012
0.7748336791992188
0.8461900949478149
0.829094409942627
0.4742518663406372
0.4681054651737213
0.3345830738544464
0.3670092225074768
0.37631210684776306
0.3578989505767822
0.2502230703830719
0.3498009145259857
0.3076898753643036
0.36903563141822815
0.40443071722984314
0.5282295942306519
0.35510796308517456
0.38684922456741333
0.4824749231338501
0.33739420771598816
0.3744664192199707
0.5070021748542786
0.303336501121521
0.3357411324977875
0.4675200879573822
0.3813084065914154
0.4159194231033325
0.5248977541923523
0.3289981484413147
0.5932113528251648
0.6704320907592773
0.6235316395759583
0.644237756729126
0.5410354733467102
0.5935816764831543
0.475067675113678
0.6566030383110046
0.6316068172454834
0.5193514823913574
0.34738245606422424
0.5244620442390442
0.6823006272315979
0.6450631022453308
0.6904993653297424
0.5899870991706848
0.6018556952476501
0.6784817576408386
0.44329705834388733
0.558414101600647
0.6276384592056274
0.5532406568527222
0.6786990165710449
0.6222825050354004
0.5682548880577087
0.5253952145576477
0.536567747592926
0.37868577241897583
0.49947911500930786
0.5272828340530396
0.4904550611972809
0.5445471405982971
0.5950575470924377
0.6449680924415588
0.5958924889564514
0.5177319645881653
0.5912249088287354
0.5972011685371399
0.5107647776603699
0.5987629890441895
0.506317138671875
0.5971698760986328
0.4415265619754791
0.5609358549118042
0.5717812776565552
0.44005733728408813
0.7708964943885803
0.3219449818134308
0.3219897449016571
0.4085461497306824
0.3760747015476227
0.8243594169616699
0.8057934641838074
