300
0.11254704743623734
0.12357872724533081
0.12023191899061203
0.08632941544055939
0.07596586644649506
0.14589932560920715
0.10126078873872757
0.28639817237854004
0.1409597247838974
0.07773380726575851
0.15001943707466125
0.13906650245189667
0.14585179090499878
0.07942036539316177
0.3174965977668762
0.16130593419075012
0.08838023245334625
0.129019632935524
0.470033198595047
0.37812310457229614
0.06909849494695663
0.13285037875175476
0.10128781199455261
0.10655500739812851
0.06978236138820648
0.1345636248588562
0.1069612205028534
0.09120625257492065
0.08229732513427734
0.08234794437885284
0.1284778118133545
0.11443785578012466
0.0906345322728157
0.08986733108758926
0.08992483466863632
0.07983678579330444
0.15201343595981598
0.07819247990846634
0.2191571742296219
0.2567767798900604
0.06587617844343185
0.10584686696529388
0.08171479403972626
0.07420774549245834
0.2492564469575882
0.08778595179319382
0.11592598259449005
0.090443454682827
0.127835214138031
0.12582294642925262
0.0947016105055809
0.06985389441251755
0.11080870032310486
0.08455311506986618
0.4655236601829529
0.4577659070491791
0.271363765001297
0.37980490922927856
0.5067698359489441
0.24618788063526154
0.2214573621749878
0.237582728266716
0.8344624042510986
0.7937781810760498
0.8389244079589844
0.6977213621139526
0.7988137006759644
0.8499227166175842
0.8376815319061279
0.7938826084136963
0.842811644077301
0.8358427286148071
0.8361326456069946
0.7777937054634094
0.8111247420310974
0.7995286583900452
0.8195697665214539
0.8195972442626953
0.793980598449707
0.7823564410209656
0.8542301654815674
0.8397921323776245
0.8525311946868896
0.6044765710830688
0.7300283312797546
0.8408143520355225
0.30062001943588257
0.3738059997558594
0.36616578698158264
0.3181765377521515
0.40990206599235535
0.4023379683494568
0.5657534599304199
0.5593326091766357
0.3344978988170624
0.4039171636104584
0.20502279698848724
0.6529366970062256
0.672360360622406
0.23795722424983978
0.2638359069824219
0.2550595998764038
0.20439887046813965
0.6898956894874573
0.38212212920188904
0.39347270131111145
0.4947376251220703
0.5950429439544678
0.45325636863708496
0.4532347321510315
0.31957876682281494
0.49176737666130066
0.5994357466697693
0.6636947393417358
0.36756235361099243
0.5503308176994324
0.5503140091896057
0.634361743927002
0.3701173961162567
0.3846084177494049
0.46927863359451294
0.5706105828285217
0.6911859512329102
0.5360840559005737
0.5360724925994873
0.3737807869911194
0.6484406590461731
0.5047347545623779
0.503083348274231
0.3901568055152893
0.5044853687286377
0.5364055633544922
0.42686790227890015
0.5080763697624207
0.5349463820457458
0.6115861535072327
0.47999897599220276
0.6255922913551331
0.41036680340766907
0.6750931143760681
0.6772149205207825
0.5784807801246643
0.6612196564674377
0.5777401924133301
0.7070308923721313
0.690525472164154
0.4975501000881195
0.5201741456985474
0.48629578948020935
0.45613473653793335
0.49252310395240784
0.447509765625
0.3954841196537018
0.656468391418457
0.4123714566230774
0.5185141563415527
0.6222068071365356
0.31686103343963623
0.47944673895835876
0.4794255197048187
0.5671083927154541
0.31902021169662476
0.3343711793422699
0.405842661857605
0.5028877854347229
0.6787513494491577
0.31488698720932007
0.47940677404403687
0.4793948233127594
0.5653952360153198
0.3136843740940094
0.3316277861595154
0.4410979151725769
0.5404595136642456
0.7019465565681458
0.33769890666007996
0.5142694115638733
0.5142601132392883
0.6005661487579346
0.3362230658531189
0.35409027338027954
0.43180492520332336
0.5293009877204895
0.7000601291656494
0.5046415328979492
0.5046329498291016
0.431526780128479
0.5289630889892578
0.6999861001968384
0.5043445825576782
0.5043355822563171
0.6469544768333435
0.6109668612480164
0.5998091101646423
0.48301106691360474
0.609622597694397
0.5045570731163025
0.6284319162368774
0.6308662295341492
0.5266095399856567
0.6143103837966919
0.5267511606216431
0.6762849688529968
0.6591218709945679
0.46718263626098633
0.6136966347694397
0.4782978594303131
0.6383424997329712
0.417668879032135
0.5874447226524353
0.5124636888504028
0.4624423086643219
0.4235655963420868
0.4590485394001007
0.49002668261528015
0.6125649809837341
0.6583897471427917
0.45246651768684387
0.6047880053520203
0.4495733976364136
0.6231380105018616
0.4857324957847595
0.6095679998397827
0.6091464161872864
0.6119243502616882
0.48805850744247437
0.5699913501739502
0.6392529010772705
0.36181068420410156
0.4695153832435608
0.5646260380744934
0.38884812593460083
0.5762479305267334
0.42867982387542725
0.5113902688026428
0.5415250062942505
0.5783888101577759
0.3837425708770752
0.5557593107223511
0.5887222290039062
0.4312424659729004
0.4212542772293091
0.38119515776634216
0.513176441192627
0.546696126461029
0.3886932134628296
0.5522949695587158
0.5865493416786194
0.4278222918510437
0.47871553897857666
0.46297597885131836
0.4872562885284424
0.6138914823532104
0.4467465281486511
0.6594314575195312
0.778605043888092
0.8483535647392273
0.8064843416213989
0.8165359497070312
0.488651841878891
0.7356729507446289
0.46290332078933716
0.45472389459609985
0.7485163807868958
0.724463701248169
0.7284342050552368
0.6588077545166016
0.8327397704124451
0.7845547199249268
0.802575409412384
0.8319804072380066
0.8037307858467102
0.8049806952476501
0.7886753082275391
0.8315707445144653
0.8229109644889832
0.8405341506004333
0.8494287133216858
0.8155088424682617
0.7764250636100769
0.8337264657020569
0.8345881104469299
0.8256282210350037
0.8398429155349731
0.5526338219642639
0.7350305914878845
0.7584053874015808
0.7584853768348694
0.8293869495391846
0.7385687828063965
0.740098237991333
0.7164329290390015
0.7996178269386292
0.7354437708854675
0.736621618270874
0.795589029788971
0.8473079800605774
0.845960259437561
0.8450034856796265
0.8311123251914978
