142
0.2129717916250229
0.43040353059768677
0.1887739598751068
0.2646605968475342
0.23740068078041077
0.3012586236000061
0.3029417395591736
0.25841885805130005
0.3427349030971527
0.2764589786529541
0.211442768573761
0.13064491748809814
0.3872297704219818
0.29514023661613464
0.30154886841773987
0.2948645055294037
0.2974833548069
0.147241473197937
0.34795239567756653
0.10549844801425934
0.2415235936641693
0.10957636684179306
0.24714158475399017
0.30340513586997986
0.23683476448059082
0.2901911437511444
0.15373511612415314
0.09688062220811844
0.07669052481651306
0.3162061274051666
0.11478970944881439
0.16102276742458344
0.332700252532959
0.3452015221118927
0.17454777657985687
0.23995035886764526
0.635520875453949
0.3844287693500519
0.567528486251831
0.3037678897380829
0.6263864636421204
0.35388338565826416
0.27773216366767883
0.5089285969734192
0.250198096036911
0.13037890195846558
0.5471985340118408
0.1840420365333557
0.24021311104297638
0.1924755722284317
0.42873629927635193
0.4408675730228424
0.8108649849891663
0.5530299544334412
0.7321155071258545
0.6633571982383728
0.7984459400177002
0.8197447657585144
0.802912712097168
0.7909386157989502
0.8312103152275085
0.1986607313156128
0.560226321220398
0.24177366495132446
0.6641583442687988
0.42452168464660645
0.6553323268890381
0.3969935476779938
0.25580498576164246
0.48793864250183105
0.6378202438354492
0.37409693002700806
0.2425764501094818
0.4324292242527008
0.37284383177757263
0.5025566816329956
0.5476399064064026
0.19347171485424042
0.2957777678966522
0.2833503186702728
0.5712597370147705
0.5380600690841675
0.4811452627182007
0.4609442353248596
0.5554705262184143
0.7377719283103943
0.528425931930542
0.6237056255340576
0.7471768260002136
0.5197708606719971
0.5878373384475708
0.7426872849464417
0.5009226202964783
0.5616065263748169
0.6554122567176819
0.5753496289253235
0.6738804578781128
0.7209656834602356
0.48950809240341187
0.7133187055587769
0.4240874648094177
0.7424889802932739
0.48437345027923584
0.5486086010932922
0.6083950996398926
0.6741672158241272
0.5098230838775635
0.5391472578048706
0.5657161474227905
0.45580440759658813
0.5162155032157898
0.6551859974861145
0.6503891348838806
0.5639066100120544
0.6106985807418823
0.5289515256881714
0.693786084651947
0.5393763780593872
0.6092959046363831
0.546740710735321
0.5427568554878235
0.48277491331100464
0.733451247215271
0.6323130130767822
0.7543116807937622
0.7497474551200867
0.7052592635154724
0.8282729983329773
0.5510991215705872
0.77562415599823
0.6373612880706787
0.5556360483169556
0.6304506659507751
0.3250773251056671
0.21320468187332153
0.5309553146362305
0.7624693512916565
0.7950345873832703
0.6786180138587952
0.803715169429779
0.8048585653305054
0.8281505703926086
