48
0.15396970510482788
0.2077663093805313
0.12827607989311218
0.296222984790802
0.3269987106323242
0.36592593789100647
0.3515162169933319
0.3169913589954376
0.10533736646175385
0.16802231967449188
0.08384726941585541
0.33092379570007324
0.3458969295024872
0.1500454694032669
0.203642800450325
0.2072707712650299
0.28968876600265503
0.19261203706264496
0.8247820734977722
0.8399726748466492
0.7574050426483154
0.2924017608165741
0.5697933435440063
0.7099707126617432
0.7036661505699158
0.6369102001190186
0.5958607792854309
0.6835519075393677
0.6160176396369934
0.6120954751968384
0.5050705671310425
0.7003837823867798
0.62693190574646
0.5490203499794006
0.6603271961212158
0.6468904614448547
0.5867236256599426
0.5821645855903625
0.6536650657653809
0.6499341726303101
0.4843120276927948
0.5475094318389893
0.6155945658683777
0.6438866257667542
0.486325204372406
0.8214213848114014
0.7785252928733826
0.8354499340057373
