119
0.38735270500183105
0.30954062938690186
0.11596059799194336
0.3209333121776581
0.38239625096321106
0.3199188709259033
0.1274859756231308
0.15267272293567657
0.15341880917549133
0.1442897766828537
0.14501988887786865
0.1737252026796341
0.07345876097679138
0.13439781963825226
0.14266350865364075
0.0899672731757164
0.09886859357357025
0.10800115764141083
0.2891325056552887
0.37415051460266113
0.3481365740299225
0.3372730016708374
0.3067474663257599
0.30798250436782837
0.2761323153972626
0.09579474478960037
0.10028381645679474
0.1339847892522812
0.1180361732840538
0.2723166346549988
0.13448429107666016
0.11846970021724701
0.27331995964050293
0.12540148198604584
0.07322683185338974
0.08460848033428192
0.1063445657491684
0.06473178416490555
0.10529015213251114
0.07238158583641052
0.4106897711753845
0.7229788303375244
0.2246817648410797
0.19346052408218384
0.1864374279975891
0.17185482382774353
0.19905833899974823
0.19460611045360565
0.18455535173416138
0.18875354528427124
0.1738642305135727
0.20158854126930237
0.19703668355941772
0.18680350482463837
0.14732111990451813
0.13663853704929352
0.15869306027889252
0.15541031956672668
0.14787907898426056
0.18443088233470917
0.27685821056365967
0.19289802014827728
0.24631166458129883
0.8291711807250977
0.3945896327495575
0.5055624842643738
0.39056986570358276
0.2966774106025696
0.29294976592063904
0.24104619026184082
0.22777895629405975
0.20939286053180695
0.24041123688220978
0.23489022254943848
0.22235378623008728
0.22879600524902344
0.21033181250095367
0.24140501022338867
0.23586338758468628
0.22327864170074463
0.18188786506652832
0.28863704204559326
0.20235289633274078
0.22754405438899994
0.6185415983200073
0.6308305263519287
0.6191237568855286
0.5892283916473389
0.5887264609336853
0.4484424889087677
0.5793842077255249
0.5651307106018066
0.5495316982269287
0.4968947470188141
0.5759421586990356
0.4845108687877655
0.582567572593689
0.5982731580734253
0.35441070795059204
0.42311352491378784
0.514862060546875
0.5148425698280334
0.4105604887008667
0.33503881096839905
0.5183982849121094
0.5183770060539246
0.41407451033592224
0.34008821845054626
0.5365057587623596
0.5364835858345032
0.3501708209514618
0.536519467830658
0.536496639251709
0.35114264488220215
0.5431499481201172
0.5431257486343384
0.4337999224662781
0.3569808602333069
0.8059442043304443
