51
0.1639220416545868
0.2796974778175354
0.17624731361865997
0.1530333161354065
0.10087687522172928
0.1819916069507599
0.09521803259849548
0.12029026448726654
0.2527342736721039
0.23903046548366547
0.15422753989696503
0.08351488411426544
0.17965857684612274
0.18117812275886536
0.20504312217235565
0.08593738079071045
0.3867696523666382
0.5518079996109009
0.4362408518791199
0.5496786832809448
0.8113577961921692
0.8241777420043945
0.7743907570838928
0.7993507385253906
0.3705601096153259
0.5055564045906067
0.5740861296653748
0.6196229457855225
0.3888190984725952
0.5852636098861694
0.5923542976379395
0.6271824836730957
0.6412776708602905
0.5996604561805725
0.575320839881897
0.45344239473342896
0.6094717383384705
0.6251675486564636
0.5031617283821106
0.5186700224876404
0.4004155397415161
0.5705954432487488
0.5881503224372864
0.5222178101539612
0.5402867794036865
0.37611255049705505
0.39233288168907166
0.7358448505401611
0.7356992363929749
0.8006350994110107
0.8491913080215454
