201
0.09469012171030045
0.07922377437353134
0.09605003148317337
0.08822950720787048
0.07451929897069931
0.3681061565876007
0.07103476673364639
0.09515520930290222
0.08655573427677155
0.1025116816163063
0.11127270758152008
0.13204093277454376
0.10336512327194214
0.1310543268918991
0.2784319818019867
0.10790762305259705
0.20284844934940338
0.24460263550281525
0.2625095844268799
0.1870671510696411
0.13597624003887177
0.10383174568414688
0.1348276287317276
0.07696183770895004
0.13335712254047394
0.4321361184120178
0.3552461266517639
0.08886966109275818
0.093962162733078
0.0711241364479065
0.17535331845283508
0.11218573153018951
0.1142420694231987
0.128089040517807
0.0885356143116951
0.10281822085380554
0.11675014346837997
0.1607830673456192
0.17538408935070038
0.15896162390708923
0.17363764345645905
0.1340869665145874
0.06778743863105774
0.07943537831306458
0.12230590730905533
0.09908368438482285
0.09148965030908585
0.24870215356349945
0.42496705055236816
0.2506553828716278
0.4463346600532532
0.1684730052947998
0.35684606432914734
0.45403578877449036
0.36663246154785156
0.400238573551178
0.48158136010169983
0.3821452260017395
0.18969334661960602
0.2136162668466568
0.2124985009431839
0.23590393364429474
0.18203496932983398
0.17642971873283386
0.39422139525413513
0.21409329771995544
0.7958393692970276
0.8443245887756348
0.8437495827674866
0.854788601398468
0.8437244296073914
0.7950494885444641
0.7757822275161743
0.8254347443580627
0.4217268228530884
0.25003787875175476
0.41391533613204956
0.24394889175891876
0.4531303346157074
0.26738905906677246
0.4454984664916992
0.2319926619529724
0.3415309488773346
0.4304288923740387
0.3497752547264099
0.35323891043663025
0.43160179257392883
0.3443273603916168
0.2532655596733093
0.2782094478607178
0.24470725655555725
0.2687055766582489
0.20468997955322266
0.21495136618614197
0.4050191640853882
0.22062604129314423
0.44871199131011963
0.6634525656700134
0.4410744905471802
0.48057717084884644
0.5553601980209351
0.563103437423706
0.45985502004623413
0.6294863224029541
0.5490214228630066
0.6346141695976257
0.6698285937309265
0.5001963376998901
0.6763059496879578
0.38119176030158997
0.38899266719818115
0.5194658041000366
0.4218711853027344
0.6021360158920288
0.548531711101532
0.421550452709198
0.5214688181877136
0.5239646434783936
0.6256764531135559
0.6754318475723267
0.5300015211105347
0.4512828588485718
0.4700322449207306
0.5371713042259216
0.4854518473148346
0.3883077800273895
0.6317869424819946
0.6728351712226868
0.3996530771255493
0.6181055903434753
0.4482015371322632
0.6259064078330994
0.5432037115097046
0.578948974609375
0.593725860118866
0.43854472041130066
0.4839954972267151
0.5895602703094482
0.7453805804252625
0.6516355276107788
0.6219186782836914
0.5026531219482422
0.5920689105987549
0.5862590074539185
0.42867326736450195
0.5374733805656433
0.4748484492301941
0.4753161668777466
0.6340166330337524
0.3586224615573883
0.4971824884414673
0.529865026473999
0.55064857006073
0.5682580471038818
0.5060431957244873
0.5923464894294739
0.526641845703125
0.6131500005722046
0.5822415351867676
0.5608322620391846
0.608081042766571
0.5781164765357971
0.5588706135749817
0.8144201040267944
0.7168764472007751
0.7970552444458008
0.681461751461029
0.6229091882705688
0.7625329494476318
0.4874277412891388
0.43768510222435
0.5595300197601318
0.45633751153945923
0.5536319017410278
0.8208339214324951
0.8190301656723022
0.8364512324333191
0.5971066355705261
0.8075332045555115
0.651711106300354
0.7909664511680603
0.7279677987098694
0.7458048462867737
0.555524468421936
0.6667667031288147
0.7784989476203918
0.7298476696014404
0.5709737539291382
0.5062631964683533
0.8472285270690918
0.8117476105690002
0.8397573232650757
0.8367427587509155
0.7757478952407837
0.8371505737304688
0.7071366310119629
0.7103986740112305
0.673489511013031
0.7173454761505127
0.6869778633117676
0.7369853854179382
