120
0.14454255998134613
0.23769903182983398
0.13782045245170593
0.20664416253566742
0.1278863251209259
0.18969275057315826
0.2898416519165039
0.1327686458826065
0.21260681748390198
0.19690243899822235
0.1382400244474411
0.21649041771888733
0.2904640734195709
0.26387402415275574
0.11457854509353638
0.18476219475269318
0.2558465003967285
0.07610100507736206
0.24245120584964752
0.08171147108078003
0.15680311620235443
0.08901973813772202
0.17208905518054962
0.2430161088705063
0.08932577818632126
0.15082208812236786
0.119657002389431
0.09137246757745743
0.15333768725395203
0.2274162322282791
0.09751540422439575
0.23916055262088776
0.20570465922355652
0.4024939239025116
0.25468847155570984
0.3510763347148895
0.233692929148674
0.22252097725868225
0.2179671823978424
0.21464499831199646
0.16245782375335693
0.18575112521648407
0.7043697237968445
0.8440291881561279
0.6331989765167236
0.8259116411209106
0.7848720550537109
0.8163508176803589
0.8417312502861023
0.49849939346313477
0.4409260153770447
0.4160884916782379
0.2771097719669342
0.4207996726036072
0.30212196707725525
0.27851951122283936
0.2672874331474304
0.2739408016204834
0.1778140366077423
0.1946519911289215
0.4680650234222412
0.4671947956085205
0.6793293952941895
0.4588319659233093
0.456502765417099
0.40698322653770447
0.6625590920448303
0.6258099675178528
0.6038803458213806
0.5576633214950562
0.5897848010063171
0.5037552118301392
0.5434811115264893
0.5076256394386292
0.5476650595664978
0.6172115206718445
0.6550894379615784
0.5577540993690491
0.6763505339622498
0.5816569924354553
0.48528853058815
0.5654831528663635
0.629997193813324
0.508456826210022
0.5526610016822815
0.48306959867477417
0.5334663391113281
0.45705339312553406
0.5122110843658447
0.5916432738304138
0.5671192407608032
0.47628992795944214
0.4841221272945404
0.6288923621177673
0.556799054145813
0.5382837653160095
0.4907694160938263
0.4615810513496399
0.4574594497680664
0.5187776684761047
0.6312628984451294
0.625930905342102
0.594624400138855
0.5012104511260986
0.5320972800254822
0.801317572593689
0.6792982816696167
0.46515411138534546
0.35292789340019226
0.3693777918815613
0.5034589171409607
0.36346083879470825
0.2750733494758606
0.4429999887943268
0.48042431473731995
0.7544991374015808
0.8060564994812012
0.6099943518638611
0.8271474242210388
0.819103479385376
