105
0.3083809018135071
0.07308001816272736
0.13157962262630463
0.1083090752363205
0.1838447004556656
0.5126352310180664
0.09072872251272202
0.3493238389492035
0.1749223917722702
0.07946319133043289
0.09884128719568253
0.16787920892238617
0.2388305515050888
0.08400075137615204
0.13248080015182495
0.10327383130788803
0.1434953659772873
0.32004618644714355
0.07639668136835098
0.07198495417833328
0.17069682478904724
0.17041388154029846
0.18608784675598145
0.1765388548374176
0.1832655519247055
0.18984632194042206
0.17951056361198425
0.18614104390144348
0.19020718336105347
0.8065023422241211
0.7668290734291077
0.8504816293716431
0.777769148349762
0.8475117683410645
0.1435348242521286
0.1392717808485031
0.1433127522468567
0.233709454536438
0.692221999168396
0.4948246479034424
0.5932361483573914
0.6857254505157471
0.6020905375480652
0.6792243123054504
0.6040651202201843
0.49626174569129944
0.30990350246429443
0.49016594886779785
0.5395211577415466
0.6628046631813049
0.5104911923408508
0.5668246746063232
0.5936728715896606
0.5970770120620728
0.5130298137664795
0.24860484898090363
0.4877534508705139
0.5136481523513794
0.3878401815891266
0.43692177534103394
0.5214068293571472
0.554377019405365
0.552290141582489
0.3532044589519501
0.4807717800140381
0.33760908246040344
0.4021644592285156
0.34810593724250793
0.5921089053153992
0.5715146660804749
0.5094248056411743
0.37512847781181335
0.5109838843345642
0.3571973443031311
0.428930401802063
0.3729862868785858
0.6189418435096741
0.5818438529968262
0.34160715341567993
0.620361864566803
0.35134464502334595
0.5717284679412842
0.4604050815105438
0.4385741055011749
0.5662165284156799
0.3551464378833771
0.41323044896125793
0.3633951246738434
0.5843978524208069
0.5556289553642273
0.3493984639644623
0.4061690866947174
0.3576103150844574
0.5757831931114197
0.4220341742038727
0.6285157203674316
0.5872915983200073
0.5763385891914368
0.8426781296730042
0.8208247423171997
0.8356012105941772
0.8005537986755371
0.8167796730995178
0.8408175706863403
0.6951239109039307
