127
0.094570592045784
0.14870983362197876
0.1783457100391388
0.1789235919713974
0.14941023290157318
0.17916253209114075
0.1797417849302292
0.3649027645587921
0.3018340766429901
0.0773964524269104
0.08233307301998138
0.22469373047351837
0.26978060603141785
0.2203979343175888
0.2795228660106659
0.24097119271755219
0.12986107170581818
0.19325467944145203
0.13066363334655762
0.16024979948997498
0.2959083616733551
0.2952941060066223
0.12394216656684875
0.19580985605716705
0.11936028301715851
0.1858639419078827
0.1455688327550888
0.1858247071504593
0.3197143077850342
0.15089884400367737
0.30603641271591187
0.08084234595298767
0.25683125853538513
0.15458542108535767
0.13716311752796173
0.16293585300445557
0.13123826682567596
0.15748722851276398
0.1591120809316635
0.18402644991874695
0.1639510840177536
0.08197981864213943
0.09942750632762909
0.12750929594039917
0.10833336412906647
0.18640190362930298
0.18241403996944427
0.18882635235786438
0.1868283897638321
0.4780348837375641
0.2116764932870865
0.8426001071929932
0.8504229187965393
0.8241641521453857
0.761238157749176
0.7348850965499878
0.80312579870224
0.7838241457939148
0.19939133524894714
0.2568805515766144
0.2393895983695984
0.5028074383735657
0.25481417775154114
0.788301944732666
0.7879699468612671
0.7482642531394958
0.6215574741363525
0.5112703442573547
0.7291069626808167
0.6811642646789551
0.4514087438583374
0.7074645161628723
0.649827778339386
0.41784918308258057
0.7072202563285828
0.6498674750328064
0.4177013635635376
0.5166164040565491
0.6004325747489929
0.5633754134178162
0.5456032752990723
0.5070198774337769
0.6626980900764465
0.6295090317726135
0.482252299785614
0.44470787048339844
0.3445594608783722
0.6969091892242432
0.6619038581848145
0.43111810088157654
0.6783707737922668
0.634756863117218
0.40261325240135193
0.7908734679222107
0.6435081958770752
0.5905410647392273
0.3641306161880493
0.47568953037261963
0.5907465219497681
0.5541396737098694
0.6614328026771545
0.6263556480407715
0.35438716411590576
0.45802316069602966
0.5032926201820374
0.46505817770957947
0.6435865759849548
0.4113289415836334
0.5691737532615662
0.44420722126960754
0.476531982421875
0.46495452523231506
0.4526440501213074
0.5380032658576965
0.5212449431419373
0.5665869116783142
0.5415714383125305
0.4958094358444214
0.3728794455528259
0.5086401700973511
0.5263493657112122
0.7721081972122192
0.4606030583381653
0.8145593404769897
0.6132400035858154
0.770055890083313
0.842616081237793
