381
0.17192168533802032
0.09691184759140015
0.14287050068378448
0.06391893327236176
0.07386118173599243
0.07060836255550385
0.2655186951160431
0.23501361906528473
0.18572500348091125
0.28107723593711853
0.08666003495454788
0.22211842238903046
0.14718395471572876
0.1509360820055008
0.17468321323394775
0.21177689731121063
0.30391737818717957
0.27488473057746887
0.34620365500450134
0.07665657997131348
0.12082679569721222
0.11031769961118698
0.0742022767663002
0.1213947981595993
0.39289093017578125
0.19991576671600342
0.12290792912244797
0.20066134631633759
0.12370384484529495
0.21157118678092957
0.16728787124156952
0.3877246677875519
0.14863495528697968
0.19947324693202972
0.10739948600530624
0.1489885449409485
0.1998957395553589
0.10766636580228806
0.11624117940664291
0.3722723424434662
0.16646160185337067
0.0767422616481781
0.08452555537223816
0.20605097711086273
0.3101992607116699
0.12387440353631973
0.26827847957611084
0.07427989691495895
0.13884557783603668
0.2579585313796997
0.11277735233306885
0.09221027046442032
0.1503463089466095
0.25909945368766785
0.2133869230747223
0.3025657832622528
0.12260235100984573
0.1262369602918625
0.11168335378170013
0.09520484507083893
0.12921281158924103
0.11295919120311737
0.10357998311519623
0.2115899920463562
0.11372987180948257
0.23493294417858124
0.19771237671375275
0.2873994708061218
0.10705701261758804
0.1322765052318573
0.09143541008234024
0.06398032605648041
0.07249996066093445
0.1753506362438202
0.06058681383728981
0.0682186409831047
0.16210544109344482
0.06696639955043793
0.07647740095853806
0.1882432997226715
0.10109583288431168
0.3221730589866638
0.12538984417915344
0.2695994973182678
0.27124297618865967
0.46926864981651306
0.4557652771472931
0.44623398780822754
0.40210235118865967
0.3223101794719696
0.23822972178459167
0.2609548270702362
0.2582521438598633
0.4498225748538971
0.1820673942565918
0.3319948613643646
0.30210474133491516
0.5317699909210205
0.5266212821006775
0.39174142479896545
0.6221001148223877
0.2910681962966919
0.34324413537979126
0.4609508216381073
0.5737670660018921
0.37016722559928894
0.4508092999458313
0.5801134705543518
0.4741613268852234
0.15865710377693176
0.14946800470352173
0.3563867509365082
0.6895859241485596
0.1919473558664322
0.8344663381576538
0.851703405380249
0.8275308012962341
0.7606351375579834
0.8037140369415283
0.7994275689125061
0.8332397937774658
0.8428466320037842
0.840888500213623
0.46920403838157654
0.6350424289703369
0.7881900072097778
0.8321580290794373
0.8215522766113281
0.8438814878463745
0.8189186453819275
0.8353162407875061
0.4227193593978882
0.3224891424179077
0.49380946159362793
0.3482707738876343
0.4607193171977997
0.2518678903579712
0.20727328956127167
0.2954682409763336
0.2775583267211914
0.4409507215023041
0.2247685045003891
0.49189361929893494
0.3989044427871704
0.6170982718467712
0.3322805166244507
0.35124215483665466
0.591214656829834
0.41226232051849365
0.397113561630249
0.6307004690170288
0.3534860908985138
0.5837650299072266
0.3977455496788025
0.3731376826763153
0.48850011825561523
0.39373257756233215
0.16443616151809692
0.4148193895816803
0.4806097149848938
0.4779472053050995
0.6763277053833008
0.2443217933177948
0.48521238565444946
0.5415582060813904
0.5387763977050781
0.4263078570365906
0.5866913795471191
0.6356468796730042
0.6330886483192444
0.5218555927276611
0.5770207643508911
0.6396967768669128
0.631482720375061
0.5623884201049805
0.6334719061851501
0.5029905438423157
0.3815564513206482
0.4645369350910187
0.4933396875858307
0.6240008473396301
0.601009726524353
0.5908704400062561
0.6862849593162537
0.643693745136261
0.474627822637558
0.49533766508102417
0.7077670097351074
0.5583069920539856
0.5704957842826843
0.7416645288467407
0.6601277589797974
0.6583876609802246
0.5479699373245239
0.6317083239555359
0.5482056140899658
0.5577234029769897
0.6030580997467041
0.5051064491271973
0.5921729207038879
0.3956540524959564
0.4958397448062897
0.5118761658668518
0.6743288636207581
0.47954609990119934
0.5945156812667847
0.6001904010772705
0.716583788394928
0.5450026988983154
0.6511297225952148
0.6508444547653198
0.6149281859397888
0.4342913329601288
0.7678242921829224
0.7289760708808899
0.5144228935241699
0.4565742611885071
0.3985070586204529
0.4001004993915558
0.269089013338089
0.2896672189235687
0.354240357875824
0.35691073536872864
0.24250514805316925
0.2605094015598297
0.4500897526741028
0.4500700533390045
0.30040350556373596
0.3258077800273895
0.3845460116863251
0.26152002811431885
0.46678245067596436
0.3154742121696472
0.46590307354927063
0.5808828473091125
0.6375682353973389
0.632411539554596
0.5176633596420288
0.4087243676185608
0.4856778383255005
0.475216805934906
0.43155190348625183
0.4328044056892395
0.61115962266922
0.6757975816726685
0.5485618710517883
0.6049419045448303
0.5885747671127319
0.4355311989784241
0.5481311082839966
0.5007065534591675
0.515211820602417
0.677513062953949
0.5197450518608093
0.6959178447723389
0.5179668664932251
0.5380091667175293
0.6258241534233093
0.6281458735466003
0.5548678636550903
0.6436704397201538
0.4299880564212799
0.5624582767486572
0.5473487377166748
0.5383662581443787
0.3326704502105713
0.4624336361885071
0.424689382314682
0.640427827835083
0.43348920345306396
0.5714702010154724
0.5307654142379761
0.6866151094436646
0.5737963914871216
0.5206881165504456
0.5263412594795227
0.5239539742469788
0.3502724766731262
0.3842999339103699
0.4890196621417999
0.4874342978000641
0.3212755024433136
0.3511451184749603
0.3635633587837219
0.36574968695640564
0.24366652965545654
0.26224544644355774
0.39765384793281555
0.6115546822547913
0.45417556166648865
0.5974408388137817
0.4502514600753784
0.40250158309936523
0.5117140412330627
0.2634676396846771
0.5378897786140442
0.5392501950263977
0.6363519430160522
0.5525067448616028
0.614482045173645
0.6102602481842041
0.2693004608154297
0.2696625590324402
0.26509273052215576
0.2654613256454468
0.23964816331863403
0.24001535773277283
0.2904529273509979
0.2908582389354706
0.2635376751422882
0.2636680603027344
0.3114900588989258
0.543708860874176
0.4875917136669159
0.30653896927833557
0.5834007859230042
0.35732394456863403
0.49529725313186646
0.47263044118881226
0.6007354855537415
0.5261586308479309
0.6278303861618042
0.6662777066230774
0.6887668371200562
0.7163430452346802
0.6255567073822021
0.5356934070587158
0.6388549208641052
0.6864400506019592
0.7235451340675354
0.7450458407402039
0.516368567943573
0.4771501123905182
0.3503071367740631
0.3976619839668274
0.6010577082633972
0.6125180721282959
0.7463314533233643
0.5667965412139893
0.5564693808555603
0.793420135974884
0.45492273569107056
0.7055753469467163
0.502849280834198
0.4849296510219574
0.7808622717857361
0.2703690230846405
0.4713197350502014
0.4407862722873688
0.5281044244766235
0.8432780504226685
0.8089192509651184
0.8448638319969177
0.6704393625259399
0.803309977054596
0.5938127636909485
0.7240490913391113
0.5730631351470947
0.7686004638671875
0.684950590133667
0.7921649217605591
0.571520209312439
0.7347263097763062
0.3686589300632477
0.7494461536407471
0.8254998922348022
0.7664721012115479
0.7941007614135742
0.8313963413238525
0.6994501352310181
0.848157525062561
0.8431301712989807
0.8513390421867371
0.8305306434631348
0.8316786885261536
0.8030871152877808
0.8357308506965637
0.7080078125
0.5896976590156555
0.8172528147697449
0.8421953916549683
