87
0.17500028014183044
0.3787205219268799
0.4024689197540283
0.18490852415561676
0.17728111147880554
0.12560725212097168
0.08475542068481445
0.1678922027349472
0.20434142649173737
0.2628529667854309
0.22259244322776794
0.2567655146121979
0.21961914002895355
0.3308624029159546
0.2402358204126358
0.11081305891275406
0.3445887565612793
0.3095741271972656
0.21606731414794922
0.08170373737812042
0.1357409656047821
0.15228575468063354
0.30193036794662476
0.10517638176679611
0.11826091259717941
0.11883290857076645
0.13177037239074707
0.14054365456104279
0.15873925387859344
0.34567025303840637
0.40332576632499695
0.31606006622314453
0.2948923110961914
0.15009279549121857
0.4192450940608978
0.4785335958003998
0.38899534940719604
0.360737144947052
0.18634414672851562
0.7335246801376343
0.8320304155349731
0.2027444988489151
0.33889448642730713
0.38992586731910706
0.31208330392837524
0.29217472672462463
0.15684573352336884
0.4029189348220825
0.4585181176662445
0.37394559383392334
0.3491980731487274
0.18804427981376648
0.631052553653717
0.7806580662727356
0.7338238954544067
0.6162549257278442
0.5963371992111206
0.7280391454696655
0.5558132529258728
0.6149248480796814
0.7773644328117371
0.4967435598373413
0.6189415454864502
0.6806523203849792
0.5951449871063232
0.36534175276756287
0.40823623538017273
0.39659005403518677
0.5735595226287842
0.6379966139793396
0.3858973979949951
0.8062145113945007
0.7812511920928955
0.7902137637138367
0.8284223675727844
0.7363763451576233
0.6677250266075134
0.6944817900657654
0.6136006116867065
0.7097753882408142
0.7770078182220459
0.7162788510322571
0.4130820631980896
0.4144003391265869
0.8081478476524353
0.7925004959106445
0.7674255967140198
