149
0.12421873211860657
0.3363577723503113
0.22960875928401947
0.3053814172744751
0.22963547706604004
0.10717688500881195
0.12786409258842468
0.138685941696167
0.13874638080596924
0.15410783886909485
0.1674419641494751
0.16754822432994843
0.10840892791748047
0.11737453937530518
0.14849793910980225
0.1520255208015442
0.14617297053337097
0.1858082264661789
0.11146009713411331
0.3056046962738037
0.26083970069885254
0.11116760969161987
0.2819664478302002
0.24718201160430908
0.2763349711894989
0.28642135858535767
0.2652934193611145
0.34631088376045227
0.08034565299749374
0.29973262548446655
0.12194059789180756
0.27844423055648804
0.0744519904255867
0.2946932017803192
0.29138684272766113
0.0874600037932396
0.08294587582349777
0.09075762331485748
0.08351394534111023
0.07743430882692337
0.08488605916500092
0.107863649725914
0.06985669583082199
0.07719522714614868
0.09753168374300003
0.0744590237736702
0.28536999225616455
0.26613649725914
0.07202304899692535
0.2653259336948395
0.24441681802272797
0.3748478591442108
0.24832849204540253
0.2655269503593445
0.425487220287323
0.36729195713996887
0.4554522931575775
0.3973720669746399
0.1985989362001419
0.27724480628967285
0.5027420520782471
0.5162215232849121
0.48065629601478577
0.465114027261734
0.39915135502815247
0.8137717843055725
0.8432015776634216
0.8278244137763977
0.5683916211128235
0.7539660334587097
0.790172815322876
0.8089727163314819
0.5125241875648499
0.44797301292419434
0.47079312801361084
0.41273218393325806
0.2656484544277191
0.30857348442077637
0.5732362866401672
0.5578676462173462
0.5276162028312683
0.5208033919334412
0.5263957381248474
0.5193540453910828
0.45067623257637024
0.45473241806030273
0.32871365547180176
0.6376063227653503
0.6702979803085327
0.5165322422981262
0.6202285885810852
0.5939425230026245
0.6525058746337891
0.6257645487785339
0.6276217699050903
0.4946724474430084
0.6812915802001953
0.5672062039375305
0.6701704859733582
0.595604658126831
0.7116106748580933
0.7493574023246765
0.7159546613693237
0.6618905067443848
0.6105611324310303
0.6198636889457703
0.6834672689437866
0.608553946018219
0.604595959186554
0.6389725208282471
0.6166235208511353
0.5872820019721985
0.41395533084869385
0.6468594670295715
0.49363481998443604
0.6313512325286865
0.50258469581604
0.7191727757453918
0.6395072937011719
0.5416280627250671
0.5873413681983948
0.5385897755622864
0.5312709212303162
0.5126966834068298
0.5421930551528931
0.5983322858810425
0.6174856424331665
0.5827453136444092
0.5248093605041504
0.5833121538162231
0.6319940090179443
0.5239787697792053
0.5000566840171814
0.5889731645584106
0.5774368643760681
0.5288121700286865
0.38260307908058167
0.6205036044120789
0.5197994112968445
0.5968064069747925
0.7181189060211182
0.7482004761695862
0.5006883144378662
0.6939484477043152
0.6575937271118164
0.6544526219367981
0.8110125064849854
0.8071627020835876
0.7979282140731812
