62
0.09315414726734161
0.0996851921081543
0.29708170890808105
0.1934080868959427
0.09998355805873871
0.1368999481201172
0.09388944506645203
0.15060420334339142
0.09291065484285355
0.13519176840782166
0.19393308460712433
0.0652085542678833
0.187935471534729
0.07460436969995499
0.1560784876346588
0.07924507558345795
0.16109547019004822
0.06810815632343292
0.07380463927984238
0.15357746183872223
0.10848824679851532
0.37884417176246643
0.16449879109859467
0.4416669011116028
0.18394307792186737
0.8404787182807922
0.8328854441642761
0.8173285126686096
0.7887859344482422
0.8444036245346069
0.3506840467453003
0.20005154609680176
0.4334668815135956
0.20203542709350586
0.5665367245674133
0.47073009610176086
0.564058244228363
0.5179217457771301
0.6149489879608154
0.33743900060653687
0.4783741235733032
0.6491315960884094
0.4549879729747772
0.6201673150062561
0.6452381610870361
0.5688246488571167
0.46993643045425415
0.5681564807891846
0.2948300242424011
0.49867695569992065
0.6714543700218201
0.4508780241012573
0.6136233806610107
0.5467206835746765
0.5538660883903503
0.5121232867240906
0.3362649381160736
0.24648991227149963
0.24343961477279663
0.49609023332595825
0.8023260831832886
0.8218916058540344
