152
0.2305067777633667
0.10687265545129776
0.1989414393901825
0.08591850847005844
0.17316080629825592
0.07926449179649353
0.07622933387756348
0.21445880830287933
0.09270461648702621
0.13589735329151154
0.26590436697006226
0.09723903983831406
0.11504408717155457
0.16375243663787842
0.08292166888713837
0.23284879326820374
0.10490979254245758
0.15695376694202423
0.2142343819141388
0.10518693178892136
0.1052609384059906
0.22733157873153687
0.10457933694124222
0.13911856710910797
0.07034632563591003
0.2069804072380066
0.06506151705980301
0.18770571053028107
0.19240814447402954
0.0672624409198761
0.06140342727303505
0.23358777165412903
0.07847120612859726
0.08528916537761688
0.06313394010066986
0.20072302222251892
0.1767493188381195
0.14732478559017181
0.14731565117835999
0.08800347149372101
0.17422226071357727
0.186079204082489
0.35989752411842346
0.19708088040351868
0.24389111995697021
0.5586125254631042
0.4209105670452118
0.5333496332168579
0.49573415517807007
0.30797770619392395
0.4462593197822571
0.27559947967529297
0.4882136583328247
0.41371777653694153
0.49017271399497986
0.4303067922592163
0.36505863070487976
0.1777915507555008
0.2811664938926697
0.36562761664390564
0.21097064018249512
0.7655631899833679
0.8406901359558105
0.7740094661712646
0.2186242938041687
0.22338919341564178
0.38459402322769165
0.30922815203666687
0.3556447923183441
0.3997042775154114
0.571621298789978
0.49589642882347107
0.4917868971824646
0.42029982805252075
0.49476757645606995
0.30873286724090576
0.41216564178466797
0.35130903124809265
0.41677525639533997
0.25913068652153015
0.5304802060127258
0.3399013876914978
0.4536105990409851
0.38587486743927
0.4315319061279297
0.36894869804382324
0.19060486555099487
0.217256560921669
0.45021384954452515
0.45016127824783325
0.24193046987056732
0.5802138447761536
0.5506853461265564
0.5425845384597778
0.5882241725921631
0.5630669593811035
0.6216605305671692
0.6206865310668945
0.473275363445282
0.4732261896133423
0.533394455909729
0.5142546892166138
0.6267399787902832
0.5672827363014221
0.6031395792961121
0.56283038854599
0.3855513036251068
0.46720755100250244
0.5165658593177795
0.5077439546585083
0.4018894135951996
0.66783207654953
0.607008695602417
0.6669922471046448
0.545924723148346
0.44988346099853516
0.5479133129119873
0.4191826581954956
0.4940258264541626
0.8421021103858948
0.5117558836936951
0.38107600808143616
0.7488486766815186
0.5498985648155212
0.7588112354278564
0.7587692737579346
0.5195417404174805
0.8209317922592163
0.4451998472213745
0.7621780037879944
0.8169471621513367
0.8169183135032654
0.6383656859397888
0.8470685482025146
0.5680632591247559
0.8187659382820129
0.8433125019073486
0.731961727142334
0.4041743874549866
0.5054140686988831
0.48528626561164856
0.6332412958145142
0.7910868525505066
0.7910575866699219
0.5809089541435242
0.8345134258270264
0.507671058177948
0.7937710285186768
0.8370484113693237
0.8138605356216431
0.8246222734451294
0.7793840765953064
