160
0.2722181975841522
0.31070956587791443
0.17829006910324097
0.1293964982032776
0.14110206067562103
0.18135377764701843
0.2962065637111664
0.2962660491466522
0.3016802668571472
0.3575572669506073
0.25554198026657104
0.17165622115135193
0.3360159397125244
0.262570858001709
0.3124505877494812
0.0988265722990036
0.13418550789356232
0.2840498983860016
0.08070709556341171
0.10359319299459457
0.264324814081192
0.0963488519191742
0.10755463689565659
0.09434476494789124
0.19514165818691254
0.25673434138298035
0.26130956411361694
0.28902414441108704
0.26598042249679565
0.29693880677223206
0.29669031500816345
0.17511115968227386
0.5116235017776489
0.5701140761375427
0.0587654635310173
0.05953396484255791
0.3206042945384979
0.07131130993366241
0.3743642568588257
0.24782618880271912
0.39727023243904114
0.18093474209308624
0.8458227515220642
0.7570429444313049
0.6225410103797913
0.8288106322288513
0.7976542711257935
0.8393855094909668
0.4853295683860779
0.5873342752456665
0.5865859389305115
0.30511900782585144
0.05731070414185524
0.2702449560165405
0.39515188336372375
0.07339346408843994
0.348666787147522
0.46093887090682983
0.24869640171527863
0.6231354475021362
0.5673387050628662
0.3860104978084564
0.4542268216609955
0.5449506640434265
0.45248427987098694
0.4777393341064453
0.6539938449859619
0.651340126991272
0.4050241708755493
0.6261072754859924
0.5467206835746765
0.44847598671913147
0.35953232645988464
0.49399349093437195
0.593063473701477
0.4901374280452728
0.4003693759441376
0.5213925838470459
0.6430222392082214
0.7138075828552246
0.5647628307342529
0.6990454196929932
0.6782345175743103
0.7062915563583374
0.5494447350502014
0.3714001178741455
0.357805073261261
0.4293923079967499
0.36906003952026367
0.6026574373245239
0.6895948052406311
0.6077082753181458
0.41517937183380127
0.664499044418335
0.5628898739814758
0.4639987349510193
0.38584038615226746
0.5302069783210754
0.43301478028297424
0.4064382016658783
0.5555538535118103
0.6491896510124207
0.5522297024726868
0.4536803662776947
0.36973699927330017
0.5241733193397522
0.625398576259613
0.4175816774368286
0.5573172569274902
0.6413972973823547
0.6361725330352783
0.4625307619571686
0.5953686237335205
0.620900571346283
0.38096925616264343
0.2855367064476013
0.3670633137226105
0.4967947006225586
0.5416082143783569
0.4186079502105713
0.4582197070121765
0.5714016556739807
0.6180280447006226
0.30388733744621277
0.3488520383834839
0.3385067284107208
0.6080552935600281
0.3296366035938263
0.5594920516014099
0.626423180103302
0.2980922758579254
0.5238085389137268
0.315117210149765
0.5450657606124878
0.29048413038253784
0.3032851219177246
0.41810113191604614
0.6548377871513367
0.4005747139453888
0.31971830129623413
0.40470457077026367
0.406019926071167
0.5302209854125977
0.48444193601608276
0.4149954319000244
0.3585451543331146
0.6180402040481567
0.6154847741127014
0.6981210112571716
0.5108324289321899
0.3540898561477661
0.8433362245559692
0.7408338189125061
0.6274150013923645
0.8095794320106506
0.5599920153617859
0.4566701054573059
0.8072316646575928
0.7826102375984192
0.8277391195297241
