28
0.07539062947034836
0.14379340410232544
0.14323286712169647
0.0739051103591919
0.0668315514922142
0.16087722778320312
0.1325303465127945
0.12905988097190857
0.06574348360300064
0.3114398419857025
0.7959883213043213
0.8504679799079895
0.3172574043273926
0.5061907172203064
0.51553875207901
0.5158752202987671
0.5064029097557068
0.4747292399406433
0.5240139365196228
0.6459015607833862
0.5835277438163757
0.5329880714416504
0.6002027988433838
0.38515838980674744
0.5152609348297119
0.4393145740032196
0.3894496262073517
0.8253600001335144
