85
0.27889320254325867
0.17744828760623932
0.2319606989622116
0.41831129789352417
0.24081091582775116
0.2881700098514557
0.3307130038738251
0.39145827293395996
0.29502758383750916
0.3300808370113373
0.08458452671766281
0.22557415068149567
0.10362062603235245
0.1628396064043045
0.3619776666164398
0.2778201103210449
0.11056335270404816
0.19908547401428223
0.41475051641464233
0.1706930249929428
0.15960422158241272
0.03948597609996796
0.1749257594347
0.16742609441280365
0.25812235474586487
0.2427712231874466
0.050953496247529984
0.27799180150032043
0.266478568315506
0.6311246156692505
0.8365282416343689
0.7877631783485413
0.5294509530067444
0.6043135523796082
0.8333871960639954
0.8433899879455566
0.8278605341911316
0.8034964203834534
0.2631893754005432
0.35522979497909546
0.38099050521850586
0.19411662220954895
0.18217208981513977
0.043570540845394135
0.20517785847187042
0.19641762971878052
0.6731277704238892
0.529729962348938
0.6075330376625061
0.589552640914917
0.6307626962661743
0.4702032804489136
0.5464047193527222
0.6594903469085693
0.5727307796478271
0.42904433608055115
0.46665748953819275
0.32422029972076416
0.4893418848514557
0.425840824842453
0.5439501404762268
0.42401912808418274
0.6547818779945374
0.49721384048461914
0.7297518849372864
0.47443753480911255
0.5703302025794983
0.4726448059082031
0.5521125197410583
0.562206506729126
0.6909065842628479
0.35937464237213135
0.5925245881080627
0.3635547161102295
0.5893534421920776
0.5212050676345825
0.45202478766441345
0.43298813700675964
0.6048234105110168
0.5136256814002991
0.5075052380561829
0.46295902132987976
0.648848295211792
0.8146148324012756
0.8366269469261169
