251
0.18988090753555298
0.20596523582935333
0.12607388198375702
0.10119970887899399
0.2837319076061249
0.27601590752601624
0.31482404470443726
0.095095694065094
0.26354527473449707
0.11041709035634995
0.11872916668653488
0.1929319053888321
0.36138883233070374
0.22637660801410675
0.25779101252555847
0.27538400888442993
0.07442117482423782
0.1326359212398529
0.1472887247800827
0.06946057826280594
0.1250348836183548
0.19764003157615662
0.2635049521923065
0.3578172028064728
0.4559236168861389
0.27452337741851807
0.1662527620792389
0.22304867208003998
0.3486170470714569
0.47793281078338623
0.08973296731710434
0.21076369285583496
0.09780222922563553
0.08551666140556335
0.2537297308444977
0.24261759221553802
0.14907361567020416
0.15891532599925995
0.09491484612226486
0.10311950743198395
0.08583902567625046
0.2801770567893982
0.1588694304227829
0.15281306207180023
0.31951478123664856
0.07545517385005951
0.10831351578235626
0.17488417029380798
0.32255420088768005
0.1711706817150116
0.1744663566350937
0.09992414712905884
0.21634304523468018
0.0839567556977272
0.1751844733953476
0.06865033507347107
0.1255757361650467
0.13589346408843994
0.06727909296751022
0.12196215987205505
0.4076080918312073
0.6374627947807312
0.08614733070135117
0.16124576330184937
0.09038149565458298
0.06158355250954628
0.18625864386558533
0.1415715217590332
0.43352073431015015
0.4331490993499756
0.5870975852012634
0.5353484153747559
0.4904831647872925
0.3986970782279968
0.19098906219005585
0.48007622361183167
0.476042777299881
0.39251163601875305
0.37244126200675964
0.4640408754348755
0.44585534930229187
0.38662993907928467
0.36442115902900696
0.33909356594085693
0.2205793559551239
0.21352948248386383
0.4479425847530365
0.39709654450416565
0.3463500142097473
0.20550404489040375
0.46961358189582825
0.8003371953964233
0.8278982639312744
0.7517970204353333
0.8397430181503296
0.7032410502433777
0.8484803438186646
0.7927049994468689
0.8171050548553467
0.8465309739112854
0.8228083252906799
0.44717806577682495
0.4396463930606842
0.6048611998558044
0.5508818626403809
0.532680332660675
0.451637864112854
0.33292582631111145
0.38847240805625916
0.27039167284965515
0.46040821075439453
0.31288886070251465
0.47733646631240845
0.4604436755180359
0.3983583450317383
0.3758872449398041
0.26500242948532104
0.2149951308965683
0.2390991449356079
0.7998164892196655
0.2788050174713135
0.4312685430049896
0.354066401720047
0.3551965057849884
0.2061939388513565
0.5275960564613342
0.5701561570167542
0.5799347162246704
0.35026320815086365
0.5778152942657471
0.6213914155960083
0.6344150304794312
0.38370051980018616
0.5189064741134644
0.5674757957458496
0.5844134092330933
0.6127329468727112
0.6538881659507751
0.6666842103004456
0.6416410207748413
0.42746374011039734
0.49116942286491394
0.7364921569824219
0.4646631181240082
0.4117510914802551
0.705826461315155
0.44622278213500977
0.6570215225219727
0.6278942823410034
0.35602614283561707
0.6569629907608032
0.5062142014503479
0.4961340129375458
0.4888385236263275
0.46770426630973816
0.41161683201789856
0.5195832848548889
0.4480087459087372
0.5634491443634033
0.7325315475463867
0.554516077041626
0.45260557532310486
0.5566397905349731
0.4268341660499573
0.5702664256095886
0.4800777733325958
0.38567525148391724
0.4969566762447357
0.511741578578949
0.5684821009635925
0.5939127802848816
0.3410181701183319
0.5608825087547302
0.6193323731422424
0.653069794178009
0.6384629607200623
0.7274571657180786
0.4673207402229309
0.49886366724967957
0.4815782606601715
0.32909002900123596
0.700624942779541
0.5583130121231079
0.6233685612678528
0.553170919418335
0.5585432648658752
0.38678136467933655
0.5998481512069702
0.5968226790428162
0.5263916850090027
0.4391213059425354
0.5399311780929565
0.4414753317832947
0.4683837592601776
0.5738715529441833
0.4385300576686859
0.5855082869529724
0.27974221110343933
0.3949681222438812
0.5033227205276489
0.4755157232284546
0.3943192660808563
0.6541220545768738
0.5142627954483032
0.5343432426452637
0.6191846132278442
0.5104385614395142
0.5685290694236755
0.4572128653526306
0.5176751017570496
0.41255638003349304
0.4657568037509918
0.5945031046867371
0.4251140058040619
0.5960413217544556
0.62281733751297
0.5135174989700317
0.5458636283874512
0.5612019896507263
0.6481348276138306
0.5144923329353333
0.7767993211746216
0.5703319907188416
0.4821001887321472
0.7020812630653381
0.4137117564678192
0.8348658084869385
0.8272847533226013
0.8007577657699585
0.8104239702224731
0.33022618293762207
0.4635767638683319
0.7617056369781494
0.7975642681121826
0.6624276041984558
0.8034635186195374
0.7731289267539978
0.7449793219566345
0.8161640763282776
0.8235474228858948
0.8486133217811584
0.4347996115684509
0.791461169719696
0.7707545161247253
0.7258253693580627
0.7303999662399292
0.7674022912979126
0.773131251335144
0.8345865607261658
0.8403946757316589
0.7975351810455322
