73
0.07219903916120529
0.21596233546733856
0.1770574301481247
0.09389720112085342
0.10365094989538193
0.09568105638027191
0.15060995519161224
0.25149407982826233
0.11358892917633057
0.10213634371757507
0.1183234453201294
0.10066667199134827
0.1602356880903244
0.07638237625360489
0.06437834352254868
0.08710654824972153
0.08419310301542282
0.26731929183006287
0.13036097586154938
0.0808546170592308
0.1785465031862259
0.23707032203674316
0.2334377020597458
0.4219484329223633
0.39892280101776123
0.7969882488250732
0.8369853496551514
0.8086990714073181
0.8391088247299194
0.7749183177947998
0.8329706788063049
0.2663017809391022
0.3310045599937439
0.43006300926208496
0.5326838493347168
0.4761826992034912
0.4557095170021057
0.5829620361328125
0.5589077472686768
0.6237857341766357
0.6182014346122742
0.5472330451011658
0.5649683475494385
0.6503850817680359
0.6619648337364197
0.5673447251319885
0.554182231426239
0.501283586025238
0.5294381976127625
0.4759494364261627
0.5927108526229858
0.623279869556427
0.5660004615783691
0.5903565883636475
0.5597023367881775
0.5820260047912598
0.5636519193649292
0.611731231212616
0.585945725440979
0.5520730018615723
0.4566054940223694
0.5813168883323669
0.45464444160461426
0.5682305693626404
0.5375739932060242
0.597757875919342
0.532674252986908
0.5556370615959167
0.5110498666763306
0.7794945240020752
0.6768313050270081
0.8032953143119812
0.8275497555732727
