73
0.13876047730445862
0.29118701815605164
0.13506995141506195
0.20071923732757568
0.3854488432407379
0.07969775795936584
0.1102660521864891
0.10878223180770874
0.23990026116371155
0.11254346370697021
0.11929542571306229
0.1484110802412033
0.07882707566022873
0.09680991619825363
0.09663493931293488
0.09722240269184113
0.07529245316982269
0.48559343814849854
0.4516383707523346
0.4729461967945099
0.47300082445144653
0.3934768736362457
0.22827105224132538
0.2853054404258728
0.2835187315940857
0.48463234305381775
0.25624680519104004
0.4197913706302643
0.40604519844055176
0.793738067150116
0.8122161030769348
0.8291316628456116
0.8368930816650391
0.7112106680870056
0.7926511168479919
0.5131459832191467
0.4719904065132141
0.4953928589820862
0.4954613149166107
0.37753406167030334
0.29347750544548035
0.21769249439239502
0.3126782476902008
0.5187150835990906
0.24262118339538574
0.5034200549125671
0.612865149974823
0.6506586670875549
0.5095314383506775
0.6007667183876038
0.5946094989776611
0.5750741362571716
0.6286671161651611
0.4888157546520233
0.5605760216712952
0.6048742532730103
0.6337888836860657
0.48767223954200745
0.5025424361228943
0.4667496681213379
0.44980326294898987
0.4867052733898163
0.39144015312194824
0.4374562203884125
0.6412133574485779
0.8183515071868896
0.6006221771240234
0.7076464891433716
0.4172748327255249
0.45909199118614197
0.6012723445892334
0.8186700940132141
0.8167346715927124
