225
0.1194491758942604
0.20662428438663483
0.15769632160663605
0.11688736826181412
0.20396727323532104
0.15334179997444153
0.1868114173412323
0.24182091653347015
0.1334376484155655
0.16666273772716522
0.20883047580718994
0.2557160258293152
0.19019533693790436
0.3444536030292511
0.2908226549625397
0.1686428040266037
0.36247316002845764
0.14669130742549896
0.30281510949134827
0.14570434391498566
0.280343621969223
0.2645707130432129
0.27543380856513977
0.18779079616069794
0.07565069943666458
0.12967121601104736
0.14135576784610748
0.07142902165651321
0.12441862374544144
0.1347055584192276
0.1750354915857315
0.22664423286914825
0.161917045712471
0.10996270924806595
0.11235161870718002
0.12519009411334991
0.1279653012752533
0.16710598766803741
0.11583132296800613
0.11847953498363495
0.10525702685117722
0.27649664878845215
0.2947694659233093
0.09226779639720917
0.28358137607574463
0.15488210320472717
0.08751783519983292
0.3154982626438141
0.38343581557273865
0.20323000848293304
0.08890870213508606
0.2395511269569397
0.22551900148391724
0.17143738269805908
0.2654153108596802
0.18713706731796265
0.1970728188753128
0.19352859258651733
0.2931492030620575
0.21019284427165985
0.22138504683971405
0.1977071464061737
0.29943913221359253
0.2151234894990921
0.2256188988685608
0.41973066329956055
0.3060031533241272
0.36260467767715454
0.39973539113998413
0.2194046825170517
0.24316424131393433
0.21620887517929077
0.4141763150691986
0.566317617893219
0.2808378338813782
0.4098055362701416
0.48166996240615845
0.8420432806015015
0.732675313949585
0.7791197896003723
0.8326880931854248
0.7670080661773682
0.8375523090362549
0.8428253531455994
0.36629998683929443
0.5222597122192383
0.3871990740299225
0.2096693217754364
0.228598490357399
0.3556775152683258
0.25402939319610596
0.25832828879356384
0.24033577740192413
0.264509916305542
0.3984082341194153
0.2937038242816925
0.29306191205978394
0.2287762463092804
0.34908273816108704
0.25382673740386963
0.2554478943347931
0.4591595530509949
0.23765404522418976
0.21353347599506378
0.25489160418510437
0.14290867745876312
0.4256391227245331
0.5713140964508057
0.3710852563381195
0.5272133350372314
0.4684731662273407
0.719588041305542
0.6578927636146545
0.7070408463478088
0.4841083884239197
0.3434566855430603
0.46456512808799744
0.7237474918365479
0.7194477915763855
0.5861603617668152
0.5605348944664001
0.5747470259666443
0.5576494932174683
0.644768476486206
0.4515470564365387
0.5556086897850037
0.6553497314453125
0.7060866951942444
0.528866171836853
0.5489973425865173
0.5500757098197937
0.5590804219245911
0.5843950510025024
0.4953705072402954
0.5149106383323669
0.515316367149353
0.5277283787727356
0.5564427971839905
0.5144505500793457
0.5290834903717041
0.5722079277038574
0.49273496866226196
0.5061869621276855
0.5536129474639893
0.4278166890144348
0.44451481103897095
0.44313672184944153
0.4468269646167755
0.4987519681453705
0.5093593001365662
0.5097544193267822
0.5249564051628113
0.5509818196296692
0.49374696612358093
0.5133776068687439
0.5137311816215515
0.5292430520057678
0.5556254982948303
0.5640576481819153
0.5866795778274536
0.5862168073654175
0.5848811864852905
0.6371797919273376
0.5196291208267212
0.5841658711433411
0.5753505825996399
0.45748037099838257
0.6193851828575134
0.533014178276062
0.5942273736000061
0.45717665553092957
0.6433680057525635
0.520949125289917
0.5809703469276428
0.5737446546554565
0.6387149691581726
0.333964467048645
0.5165672302246094
0.33267536759376526
0.584186315536499
0.3904498219490051
0.4636443555355072
0.5530543327331543
0.5830647945404053
0.5842976570129395
0.2922001779079437
0.2774884104728699
0.49647825956344604
0.4957396984100342
0.44828611612319946
0.5585384964942932
0.4126439690589905
0.4126668870449066
0.4625888168811798
0.4666096866130829
0.415983647108078
0.416199654340744
0.4377782642841339
0.4661431610584259
0.7592731714248657
0.5921831130981445
0.6345062851905823
0.4749472737312317
0.505957841873169
0.8119920492172241
0.7044141292572021
0.8063320517539978
0.5196970701217651
0.4589051902294159
0.583110511302948
0.5328917503356934
0.5760328769683838
0.4397064447402954
0.3699520528316498
0.8378548622131348
0.6990344524383545
0.848276674747467
0.7291683554649353
0.5949773192405701
0.7763073444366455
0.7799456119537354
0.836666464805603
0.8306494355201721
0.8031316995620728
0.8211423754692078
