156
0.09099821001291275
0.08517058938741684
0.1212591901421547
0.09379693120718002
0.13277402520179749
0.10745782405138016
0.09787669777870178
0.06474964320659637
0.10192648321390152
0.10059859603643417
0.10672973841428757
0.223778635263443
0.10684043169021606
0.1510009914636612
0.20778648555278778
0.07437704503536224
0.16950885951519012
0.12397327274084091
0.07649852335453033
0.13108782470226288
0.08018041402101517
0.08447995036840439
0.08046946674585342
0.08831147849559784
0.07295028865337372
0.08968384563922882
0.13775980472564697
0.07543317973613739
0.13336770236492157
0.07488883286714554
0.08415362983942032
0.16006121039390564
0.1346469223499298
0.13446186482906342
0.362060010433197
0.3670082688331604
0.38927513360977173
0.394448846578598
0.22818376123905182
0.2535051703453064
0.22940649092197418
0.22795544564723969
0.2588941156864166
0.1120908185839653
0.3426946997642517
0.40044963359832764
0.19816532731056213
0.2111583650112152
0.3860577642917633
0.23040850460529327
0.8240453004837036
0.7754487991333008
0.8451531529426575
0.8387249112129211
0.6608258485794067
0.787336528301239
0.7212415933609009
0.8274060487747192
0.3827453553676605
0.387829065322876
0.40814995765686035
0.41337165236473083
0.19662819802761078
0.21819783747196198
0.22280386090278625
0.24733972549438477
0.35331952571868896
0.22144253551959991
0.3650021553039551
0.35089412331581116
0.24225829541683197
0.1252015382051468
0.3860427141189575
0.44823458790779114
0.22084388136863708
0.25144580006599426
0.362117737531662
0.3334139883518219
0.44548317790031433
0.46384310722351074
0.24349485337734222
0.5606300830841064
0.5975387096405029
0.5851230621337891
0.557664692401886
0.6805871725082397
0.6571096777915955
0.583764374256134
0.6270729303359985
0.5302672386169434
0.6065725088119507
0.5381211042404175
0.5422823429107666
0.5734596848487854
0.5028813481330872
0.6588042974472046
0.3748762905597687
0.5280615091323853
0.5865818858146667
0.5819792151451111
0.6600267887115479
0.6494529247283936
0.5613912343978882
0.6682716608047485
0.5666763186454773
0.6459426879882812
0.5785448551177979
0.49897053837776184
0.5963790416717529
0.367092490196228
0.4859248399734497
0.5731704831123352
0.5540002584457397
0.6454450488090515
0.5390300154685974
0.638396143913269
0.4465416371822357
0.5442504286766052
0.6061948537826538
0.3881351351737976
0.5847131609916687
0.579404890537262
0.43844571709632874
0.5304362177848816
0.5642721056938171
0.5081591010093689
0.4959084093570709
0.3778983950614929
0.3562036454677582
0.4337725341320038
0.47473233938217163
0.5759894251823425
0.48008984327316284
0.6040907502174377
0.8436247706413269
0.8119481801986694
0.45929259061813354
0.29192623496055603
0.473818838596344
0.5027942061424255
0.6071317195892334
0.43685051798820496
0.43830448389053345
0.589564323425293
0.5728534460067749
0.7548524141311646
0.3430013358592987
0.434223473072052
0.8401309251785278
0.8452253341674805
0.789136528968811
0.8164386749267578
0.7298327684402466
0.6824911236763
0.8375126719474792
0.7901012897491455
