103
0.36592915654182434
0.16189342737197876
0.3581746518611908
0.08107728511095047
0.19093382358551025
0.17907726764678955
0.13986963033676147
0.18538643419742584
0.12657570838928223
0.10194289684295654
0.08512196689844131
0.1843084841966629
0.08875996619462967
0.10922608524560928
0.3306504487991333
0.14633864164352417
0.05772947520017624
0.20485477149486542
0.1394849717617035
0.10475509613752365
0.061010848730802536
0.13705100119113922
0.11061342805624008
0.11713878065347672
0.12875643372535706
0.07559400796890259
0.15610858798027039
0.06869177520275116
0.4787989854812622
0.2343403846025467
0.3773725926876068
0.2574416697025299
0.158672034740448
0.18524925410747528
0.19957710802555084
0.2156755030155182
0.16446545720100403
0.17705994844436646
0.2965814769268036
0.8355770707130432
0.7973352670669556
0.8034789562225342
0.8443928956985474
0.8455312848091125
0.30626043677330017
0.41115742921829224
0.4596005082130432
0.2710132300853729
0.19636958837509155
0.3936173617839813
0.20862576365470886
0.4356570243835449
0.23181751370429993
0.17325444519519806
0.20058120787143707
0.2163444310426712
0.2712428867816925
0.6393192410469055
0.6356568336486816
0.7835298180580139
0.7829116582870483
0.47714662551879883
0.39165112376213074
0.3954567015171051
0.6450263261795044
0.6119454503059387
0.6085176467895508
0.610142707824707
0.5115801095962524
0.48426127433776855
0.4113899767398834
0.40325701236724854
0.5552708506584167
0.500008225440979
0.35631194710731506
0.32791081070899963
0.48155826330184937
0.5545167326927185
0.583821177482605
0.48138338327407837
0.5809001922607422
0.3836591839790344
0.3946470320224762
0.47912004590034485
0.376872718334198
0.3876669108867645
0.47018587589263916
0.4003410339355469
0.8125922083854675
0.5236259698867798
0.4899275302886963
0.4772751033306122
0.5906975269317627
0.47640252113342285
0.5868337154388428
0.5882448554039001
0.5788568258285522
0.7119119763374329
0.5105860829353333
0.8073155879974365
0.8390682935714722
0.8322904706001282
0.8325636386871338
