242
0.1004839614033699
0.17330873012542725
0.1607312709093094
0.16388382017612457
0.16167695820331573
0.16484616696834564
0.15940994024276733
0.29417338967323303
0.38290420174598694
0.263884574174881
0.15686148405075073
0.2141687572002411
0.09703907370567322
0.09725643694400787
0.07466883212327957
0.07484152168035507
0.12889066338539124
0.08386298269033432
0.07874944061040878
0.14504185318946838
0.21395553648471832
0.18889634311199188
0.16619107127189636
0.08650169521570206
0.3783239424228668
0.39677000045776367
0.2247067093849182
0.21045516431331635
0.17462976276874542
0.2443416565656662
0.2064969390630722
0.15906476974487305
0.2042207270860672
0.3405378460884094
0.1273980438709259
0.12654398381710052
0.17826779186725616
0.12686124444007874
0.17859111726284027
0.1501697152853012
0.10599678009748459
0.33740460872650146
0.2003253698348999
0.12396591901779175
0.1243518814444542
0.1360826939344406
0.16941069066524506
0.0755247250199318
0.1868777871131897
0.06669417023658752
0.06954939663410187
0.15952838957309723
0.09062234312295914
0.15148691833019257
0.07110770791769028
0.30918368697166443
0.3409360647201538
0.09513037651777267
0.18613427877426147
0.11570991575717926
0.11348771303892136
0.17276810109615326
0.1406652331352234
0.2028271108865738
0.11043073982000351
0.15979936718940735
0.3049595355987549
0.2125512659549713
0.4699143171310425
0.440968781709671
0.44164055585861206
0.45870649814605713
0.4713114798069
0.4687492549419403
0.4001598358154297
0.40271231532096863
0.2906036972999573
0.229770228266716
0.39787817001342773
0.27701932191848755
0.2961840331554413
0.20994612574577332
0.20682987570762634
0.36769142746925354
0.4833676517009735
0.18723741173744202
0.4638643264770508
0.10504823923110962
0.6036350727081299
0.13511279225349426
0.4739060401916504
0.22891433537006378
0.3268352448940277
0.2310693860054016
0.4780915081501007
0.4831102192401886
0.46308428049087524
0.8506911993026733
0.8403695225715637
0.8360622525215149
0.836165189743042
0.7858996391296387
0.7863191962242126
0.8256305456161499
0.8452602028846741
0.23949529230594635
0.4653169810771942
0.5114114284515381
0.4666842222213745
0.34066644310951233
0.4778965413570404
0.3587748408317566
0.465141236782074
0.46745380759239197
0.34140557050704956
0.47866466641426086
0.35950717329978943
0.46602416038513184
0.32949507236480713
0.23741433024406433
0.25287023186683655
0.39062657952308655
0.32627859711647034
0.21192044019699097
0.24772965908050537
0.20593416690826416
0.24065987765789032
0.46886634826660156
0.4661370515823364
0.17799365520477295
0.4852884113788605
0.5238938331604004
0.11485499143600464
0.5869467854499817
0.1356726884841919
0.23861679434776306
0.3209347426891327
0.298602432012558
0.5313535928726196
0.4918862283229828
0.49657148122787476
0.5392584204673767
0.5388170480728149
0.6196282505989075
0.5394831299781799
0.5390536189079285
0.617654025554657
0.540977954864502
0.5405591130256653
0.6171693801879883
0.61164391040802
0.6112666726112366
0.5870128273963928
0.5866584181785583
0.6540234088897705
0.6144774556159973
0.6140968799591064
0.6155418753623962
0.6151021718978882
0.5657588243484497
0.435014933347702
0.44257858395576477
0.5040580630302429
0.6124281287193298
0.5335655212402344
0.6862907409667969
0.5378474593162537
0.5376631617546082
0.5787007212638855
0.5373477935791016
0.5371703505516052
0.5772809982299805
0.4913389980792999
0.49112847447395325
0.5309380888938904
0.5420485734939575
0.5418939590454102
0.5772400498390198
0.5386539101600647
0.44248566031455994
0.50178062915802
0.3582337498664856
0.5363768339157104
0.47228875756263733
0.6928393840789795
0.6214947700500488
0.6213020086288452
0.5765913724899292
0.625038743019104
0.7273023724555969
0.5506196022033691
0.551133930683136
0.47335729002952576
0.5641615986824036
0.5741567611694336
0.5720361471176147
0.48550400137901306
0.4875563681125641
0.5034598708152771
0.32517093420028687
0.46225836873054504
0.5004796385765076
0.5334799885749817
0.4760001003742218
0.4910983443260193
0.35427126288414
0.49836859107017517
0.7618337869644165
0.589557409286499
0.48124539852142334
0.43059641122817993
0.6409876346588135
0.4136526584625244
0.7935261726379395
0.4594963788986206
0.5663806796073914
0.7188677191734314
0.3899807631969452
0.6365678906440735
0.5097215175628662
0.6723992824554443
0.5248870849609375
0.5501312613487244
0.8252712488174438
0.7534288763999939
0.5708386301994324
0.46142181754112244
0.8325314521789551
0.7503566741943359
0.6913391351699829
0.49277931451797485
0.6885145306587219
0.6123343110084534
0.5813124179840088
0.6942330002784729
0.6912681460380554
0.8384278416633606
0.8081319332122803
0.8182060718536377
0.8083436489105225
0.8183959722518921
0.7153474688529968
