446
0.11268406361341476
0.33691152930259705
0.1626858413219452
0.09132284671068192
0.45994988083839417
0.09639616310596466
0.39976927638053894
0.08866492658853531
0.08664712309837341
0.1433337777853012
0.09703885763883591
0.13826949894428253
0.17027178406715393
0.11195862293243408
0.1618330478668213
0.1724834442138672
0.11372377723455429
0.16435107588768005
0.06690680980682373
0.16341131925582886
0.20960450172424316
0.06998912990093231
0.16149260103702545
0.08688811212778091
0.11124509572982788
0.10978077352046967
0.1224413812160492
0.1606711447238922
0.18444065749645233
0.15319909155368805
0.17707546055316925
0.21042859554290771
0.17424458265304565
0.1458042860031128
0.06816202402114868
0.07822468876838684
0.11591286957263947
0.06398848444223404
0.07315398752689362
0.1097748801112175
0.1833360195159912
0.11290883272886276
0.10376857966184616
0.09717078506946564
0.11436586081981659
0.17099453508853912
0.15152081847190857
0.15666471421718597
0.15044869482517242
0.10117943584918976
0.15674512088298798
0.13562646508216858
0.12717494368553162
0.1260135918855667
0.1494588553905487
0.09133931249380112
0.08656236529350281
0.09048827737569809
0.0836043432354927
0.07957649976015091
0.07126864790916443
0.06331569701433182
0.12580853700637817
0.10375771671533585
0.13344711065292358
0.16302062571048737
0.10842308402061462
0.12374648451805115
0.15099118649959564
0.10271398723125458
0.1970367580652237
0.12633438408374786
0.07182203233242035
0.18414127826690674
0.10081610083580017
0.10140802711248398
0.10132399946451187
0.13711673021316528
0.127919003367424
0.1347881257534027
0.16945423185825348
0.1516837179660797
0.08606747537851334
0.06549239903688431
0.07521772384643555
0.11253573000431061
0.06307986378669739
0.07233487069606781
0.10880416631698608
0.13151559233665466
0.10136217623949051
0.06078082695603371
0.06991265714168549
0.10508069396018982
0.2694060206413269
0.119509756565094
0.30745044350624084
0.07138119637966156
0.09277298301458359
0.08938812464475632
0.05982055142521858
0.12899361550807953
0.10394232720136642
0.19584745168685913
0.1332724392414093
0.08664734661579132
0.33640924096107483
0.2302050143480301
0.405583918094635
0.22955983877182007
0.2547852396965027
0.35513830184936523
0.2610342502593994
0.20853489637374878
0.21534575521945953
0.34390589594841003
0.28504568338394165
0.3259354829788208
0.2123243659734726
0.2802070081233978
0.23808665573596954
0.15230253338813782
0.1782652586698532
0.20952238142490387
0.39372119307518005
0.4230935573577881
0.22638198733329773
0.2493143528699875
0.23657849431037903
0.2154581993818283
0.3855759799480438
0.37653297185897827
0.14864258468151093
0.8482024669647217
0.8511863946914673
0.8355103135108948
0.8395240902900696
0.7828667759895325
0.8169713020324707
0.8052589297294617
0.7605677843093872
0.8529852032661438
0.8318576216697693
0.7792471647262573
0.8459442853927612
0.6541637778282166
0.6899062991142273
0.800618588924408
0.8207975029945374
0.832190215587616
0.754178524017334
0.8491818308830261
0.24502113461494446
0.26415300369262695
0.237959086894989
0.41306719183921814
0.3335973918437958
0.3895074129104614
0.32702988386154175
0.32406535744667053
0.36926329135894775
0.3124305307865143
0.31262415647506714
0.5130646824836731
0.3367421627044678
0.32287630438804626
0.2618945240974426
0.2651236951351166
0.2705971300601959
0.26139411330223083
0.2590026259422302
0.2229921966791153
0.18658071756362915
0.22815312445163727
0.29162338376045227
0.4404318630695343
0.2250085324048996
0.30334562063217163
0.239481121301651
0.39212626218795776
0.22897517681121826
0.4328208267688751
0.22919270396232605
0.20786602795124054
0.21741414070129395
0.19980047643184662
0.47334229946136475
0.2674213647842407
0.24333567917346954
0.4429261386394501
0.3796316981315613
0.20464080572128296
0.31732437014579773
0.5579187273979187
0.4530307948589325
0.4497532248497009
0.3964175581932068
0.385776549577713
0.745166540145874
0.6786128878593445
0.47083038091659546
0.5911697745323181
0.5882318019866943
0.5935146808624268
0.47645068168640137
0.5530334115028381
0.43046945333480835
0.5433207750320435
0.6644970774650574
0.5125144124031067
0.4775106906890869
0.6465693116188049
0.4579404890537262
0.5297867059707642
0.5965973734855652
0.6301240921020508
0.5219919085502625
0.5918068885803223
0.6303851008415222
0.519265353679657
0.5899144411087036
0.6301935315132141
0.5523194074630737
0.60877525806427
0.72022944688797
0.5145356059074402
0.6306044459342957
0.5945529341697693
0.4192802906036377
0.7073948383331299
0.4845430552959442
0.6024815440177917
0.5719382762908936
0.39676064252853394
0.6703357100486755
0.4204148054122925
0.5304993391036987
0.34919482469558716
0.6840606927871704
0.4581587016582489
0.5548932552337646
0.5500734448432922
0.37434718012809753
0.5175621509552002
0.5467097759246826
0.5032303929328918
0.5457964539527893
0.48836714029312134
0.5993743538856506
0.5535238981246948
0.5803327560424805
0.4804362952709198
0.6623772382736206
0.5494969487190247
0.6571300625801086
0.6569480895996094
0.6215099692344666
0.6131349205970764
0.5061596035957336
0.34707382321357727
0.44355082511901855
0.7409433722496033
0.6236082315444946
0.568100094795227
0.4570859670639038
0.4556960463523865
0.4444293677806854
0.4649950861930847
0.49224644899368286
0.5779670476913452
0.4499387741088867
0.42465338110923767
0.6142702102661133
0.40891483426094055
0.47860613465309143
0.6780180931091309
0.4639820456504822
0.5984237790107727
0.6068829298019409
0.6274876594543457
0.6282739043235779
0.4333251416683197
0.5105739235877991
0.5581681728363037
0.5162184238433838
0.5921467542648315
0.6380563974380493
0.5039157271385193
0.5836315155029297
0.6357834339141846
0.7274283766746521
0.5109448432922363
0.6302474737167358
0.6014458537101746
0.4177519679069519
0.7186667323112488
0.48940253257751465
0.6106928586959839
0.4021316170692444
0.6693590879440308
0.4074017107486725
0.5181158781051636
0.33662647008895874
0.6195040941238403
0.4079934358596802
0.49201837182044983
0.4896416962146759
0.3283529579639435
0.6059620380401611
0.6466541886329651
0.5444691777229309
0.5520517230033875
0.6097195148468018
0.705128014087677
0.5457841753959656
0.48967182636260986
0.7623263597488403
0.6301311254501343
0.5482838749885559
0.5439619421958923
0.6274936199188232
0.47892236709594727
0.6326111555099487
0.5732170939445496
0.40895065665245056
0.6811375617980957
0.5905091166496277
0.5435804724693298
0.5385093092918396
0.5257525444030762
0.6288272142410278
0.548897385597229
0.6295271515846252
0.5211392045021057
0.5456785559654236
0.45714035630226135
0.48113954067230225
0.5116626024246216
0.5340840220451355
0.6343076229095459
0.6502988338470459
0.531916618347168
0.6229138970375061
0.39884376525878906
0.38532695174217224
0.49542438983917236
0.4722428321838379
0.5803380608558655
0.40445053577423096
0.5311076045036316
0.46678316593170166
0.5718981623649597
0.39646291732788086
0.4816368818283081
0.5643842816352844
0.5451228022575378
0.43466606736183167
0.5792860984802246
0.37372255325317383
0.4192042946815491
0.4705039858818054
0.4442839026451111
0.4944131374359131
0.6411106586456299
0.5316987633705139
0.4885883033275604
0.4690183103084564
0.6578246355056763
0.5140496492385864
0.6220983266830444
0.4468030631542206
0.45899665355682373
0.5066283941268921
0.6745598912239075
0.5053290724754333
0.46725553274154663
0.7378434538841248
0.5065985321998596
0.6116225719451904
0.6655833125114441
0.45823633670806885
0.39298921823501587
0.49110859632492065
0.6244730949401855
0.4713910222053528
0.5716592073440552
0.5811108946800232
0.7365740537643433
0.7847864031791687
0.570284903049469
0.39642542600631714
0.8389565348625183
0.7016618847846985
0.6009691953659058
0.508508563041687
0.5440818071365356
0.4560897946357727
0.44429048895835876
0.440357506275177
0.5249696969985962
0.5977895259857178
0.47936108708381653
0.31125739216804504
0.29866719245910645
0.3720131814479828
0.8027833104133606
0.8140184879302979
0.4261069893836975
0.37495675683021545
0.548220694065094
0.6470048427581787
0.8472911715507507
0.6946635842323303
0.8271547555923462
0.8318073153495789
0.7786635160446167
0.7827627062797546
0.789875328540802
0.8126789927482605
0.731281578540802
0.7387521266937256
0.8005303144454956
0.8209613561630249
0.6897377967834473
0.8007161021232605
0.8130013346672058
0.8342226147651672
0.8466753363609314
0.6252160668373108
0.8227871656417847
0.7643018364906311
0.8306631445884705
0.8312581181526184
0.7504439353942871
0.8071722388267517
0.8081859946250916
0.8131138682365417
0.5537636876106262
0.8161035180091858
0.6985348463058472
0.8317179083824158
0.8321850299835205
0.6847824454307556
0.7799084782600403
0.8069941401481628
0.7931538820266724
