78
0.22523443400859833
0.30414605140686035
0.27237722277641296
0.29880961775779724
0.3055126667022705
0.2699505686759949
0.302157461643219
0.3654654622077942
0.24532833695411682
0.29515138268470764
0.16789111495018005
0.17723192274570465
0.28027668595314026
0.2742837369441986
0.15536555647850037
0.3362698554992676
0.1807352900505066
0.2809331715106964
0.2796613276004791
0.2844739258289337
0.3020365834236145
0.563708484172821
0.1884705275297165
0.6005516052246094
0.21811674535274506
0.2619177997112274
0.5594386458396912
0.1836767941713333
0.5677658915519714
0.202509805560112
0.4528757333755493
0.822368860244751
0.8076031804084778
0.7386635541915894
0.5711570978164673
0.20389904081821442
0.23177655041217804
0.6013193130493164
0.2266930639743805
0.2720654308795929
0.5190226435661316
0.18143640458583832
0.6139508485794067
0.22858478128910065
0.4096117615699768
0.5584354400634766
0.5418665409088135
0.7068108916282654
0.5595822334289551
0.6446905732154846
0.5126146078109741
0.7002992630004883
0.6270605325698853
0.7274231910705566
0.6481193900108337
0.54446941614151
0.6750158667564392
0.5505297780036926
0.6401024460792542
0.46035778522491455
0.6149845123291016
0.49887222051620483
0.7327945232391357
0.6525645852088928
0.44123002886772156
0.40151041746139526
0.5402241349220276
0.8145553469657898
0.7859790325164795
0.552203893661499
0.3145551383495331
0.5435277223587036
0.5274672508239746
0.7404230237007141
0.5484854578971863
0.6970152854919434
0.7041809558868408
0.8254031538963318
