169
0.16053204238414764
0.14411121606826782
0.13362887501716614
0.27613091468811035
0.07699324190616608
0.26932644844055176
0.28343600034713745
0.3673003315925598
0.18778850138187408
0.5158281326293945
0.14570161700248718
0.15681730210781097
0.23406782746315002
0.15513740479946136
0.17408962547779083
0.24700646102428436
0.41824835538864136
0.0780419334769249
0.08407093584537506
0.2203121781349182
0.0911884754896164
0.10133813321590424
0.10196420550346375
0.09547793120145798
0.2005612701177597
0.15824690461158752
0.14748799800872803
0.1242399513721466
0.07958514243364334
0.2665238678455353
0.27137291431427
0.13766980171203613
0.3121032118797302
0.07040492445230484
0.14039301872253418
0.0705154538154602
0.12605808675289154
0.1999605894088745
0.11947089433670044
0.1386261135339737
0.20857931673526764
0.27224183082580566
0.3495481610298157
0.17402581870555878
0.1822797656059265
0.1544179767370224
0.07640523463487625
0.06821354478597641
0.12393151223659515
0.17178477346897125
0.35385558009147644
0.25895169377326965
0.5651996731758118
0.3447888493537903
0.3117735981941223
0.44691091775894165
0.49965518712997437
0.4710780680179596
0.646308422088623
0.16548581421375275
0.17457468807697296
0.22941111028194427
0.4968416690826416
0.23086024820804596
0.14133532345294952
0.24138179421424866
0.13373622298240662
0.20732009410858154
0.2273925542831421
0.39887744188308716
0.8488034009933472
0.8456723690032959
0.7690939903259277
0.7281490564346313
0.8034615516662598
0.8018118143081665
0.8311771750450134
0.8451811671257019
0.7516906261444092
0.2104995995759964
0.3565080761909485
0.25533849000930786
0.5609325766563416
0.3479367196559906
0.3053939938545227
0.49779993295669556
0.7752142548561096
0.4960346221923828
0.21701525151729584
0.22103723883628845
0.27945947647094727
0.560840368270874
0.27459341287612915
0.6615464091300964
0.1817072629928589
0.3152114748954773
0.17099346220493317
0.2790551781654358
0.22983284294605255
0.4794757664203644
0.40979188680648804
0.49568113684654236
0.6900161504745483
0.4094065725803375
0.5120876431465149
0.40648317337036133
0.5090441107749939
0.396826833486557
0.5562989711761475
0.6389803290367126
0.3970850706100464
0.6476113200187683
0.3764229118824005
0.5031068921089172
0.3376532793045044
0.5134174823760986
0.694753110408783
0.41832849383354187
0.5244181156158447
0.6111646890640259
0.33089324831962585
0.4765537679195404
0.5576106905937195
0.3311130404472351
0.6170106530189514
0.522126317024231
0.6513962745666504
0.4583282470703125
0.4695954918861389
0.5130549669265747
0.5231456756591797
0.5832223892211914
0.6040853261947632
0.3558887541294098
0.5324432849884033
0.5373749136924744
0.43083131313323975
0.613003134727478
0.6154274940490723
0.4433209300041199
0.628147542476654
0.454026997089386
0.3741203248500824
0.43965229392051697
0.4828244745731354
0.636458694934845
0.4024590253829956
0.392734169960022
0.5984581112861633
0.31579217314720154
0.3753015697002411
0.48264434933662415
0.4785221517086029
0.7561556100845337
0.3616793751716614
0.5480982065200806
0.4019704759120941
0.5974121689796448
0.49123615026474
0.553787887096405
0.5733104348182678
0.8052144050598145
0.40553319454193115
0.8074747323989868
0.8395603895187378
0.8409596085548401
0.7896956205368042
0.7431201934814453
0.8408710956573486
