249
0.21814388036727905
0.37344232201576233
0.27749404311180115
0.36364033818244934
0.3379828631877899
0.4129476249217987
0.30509769916534424
0.3032591938972473
0.36438092589378357
0.29604628682136536
0.37139880657196045
0.24570360779762268
0.32473960518836975
0.2587798535823822
0.24973146617412567
0.35395628213882446
0.2445548176765442
0.27858248353004456
0.2968935966491699
0.25871914625167847
0.3599699139595032
0.28685760498046875
0.35965216159820557
0.2729427218437195
0.28123587369918823
0.36776497960090637
0.33912768959999084
0.19755315780639648
0.19711360335350037
0.2578185498714447
0.28652307391166687
0.3093551695346832
0.3662894666194916
0.37542784214019775
0.15716685354709625
0.11243420094251633
0.36585733294487
0.21585318446159363
0.24102087318897247
0.28713327646255493
0.3336006700992584
0.3255692720413208
0.2881489396095276
0.32618123292922974
0.1525161862373352
0.31243377923965454
0.1182328313589096
0.20539452135562897
0.3222331404685974
0.19246841967105865
0.31441831588745117
0.3744644820690155
0.19133631885051727
0.21715450286865234
0.32057711482048035
0.3775017261505127
0.1965319663286209
0.2225417196750641
0.15549558401107788
0.33559972047805786
0.3075294494628906
0.3504989743232727
0.203374981880188
0.22519874572753906
0.3256438374519348
0.0931071937084198
0.1283283829689026
0.20547352731227875
0.33977559208869934
0.35184580087661743
0.35687559843063354
0.09883511066436768
0.3003429174423218
0.45249903202056885
0.3523821234703064
0.2096029371023178
0.17923606932163239
0.253044068813324
0.20833039283752441
0.24311739206314087
0.274657279253006
0.25208139419555664
0.14647789299488068
0.3548697233200073
0.3084344267845154
0.35259270668029785
0.3513992428779602
0.18096992373466492
0.3435806334018707
0.38084888458251953
0.389288067817688
0.4173138737678528
0.4029805660247803
0.3670634925365448
0.4255176782608032
0.421299546957016
0.36757999658584595
0.41509121656417847
0.23204131424427032
0.20606674253940582
0.3296814560890198
0.33433932065963745
0.6172153353691101
0.23786813020706177
0.25161606073379517
0.2979339361190796
0.5703006982803345
0.19900834560394287
0.19979897141456604
0.21213330328464508
0.21158050000667572
0.7932825684547424
0.6701128482818604
0.35039201378822327
0.4835670590400696
0.3872966170310974
0.48579224944114685
0.41159066557884216
0.2706199586391449
0.2216445356607437
0.45420998334884644
0.2993849515914917
0.2409566193819046
0.3858855962753296
0.2674919664859772
0.22020816802978516
0.32429444789886475
0.2657594084739685
0.2791883945465088
0.219654843211174
0.42020484805107117
0.4612399935722351
0.4486198425292969
0.43042129278182983
0.46919989585876465
0.45494621992111206
0.21158787608146667
0.39632534980773926
0.4318626821041107
0.4188435673713684
0.43825632333755493
0.4464864432811737
0.3869022727012634
0.4136134088039398
0.3980369567871094
0.23793484270572662
0.21172767877578735
0.31016701459884644
0.3452601730823517
0.35168570280075073
0.6282697319984436
0.28743165731430054
0.29251721501350403
0.5574078559875488
0.3229098916053772
0.5930421352386475
0.23894783854484558
0.23638810217380524
0.24878886342048645
0.24504214525222778
0.5292015671730042
0.5953908562660217
0.47790786623954773
0.551547646522522
0.5713691115379333
0.6130562424659729
0.5463061332702637
0.6616123914718628
0.6573168635368347
0.6898932456970215
0.7443988919258118
0.7481962442398071
0.7314563989639282
0.7493932843208313
0.7189897298812866
0.6260237693786621
0.5217462182044983
0.5917041301727295
0.4254608452320099
0.5019479393959045
0.513572096824646
0.6090471148490906
0.7074649930000305
0.6594366431236267
0.6797778606414795
0.7260804176330566
0.7401967644691467
0.7356650829315186
0.4514179527759552
0.5790778398513794
0.5831052660942078
0.6809481978416443
0.6289560198783875
0.6240489482879639
0.5459727644920349
0.571677565574646
0.531178891658783
0.5609050989151001
0.6648117899894714
0.6399403810501099
0.6906611919403076
0.6856024265289307
0.5488336086273193
0.5354180932044983
0.5647352337837219
0.5506027340888977
0.43618032336235046
0.518676221370697
0.5511519908905029
0.8150588870048523
0.5633987784385681
0.5549787282943726
0.5884345769882202
0.5822601318359375
0.5959256887435913
0.298984169960022
0.569538950920105
0.35941943526268005
0.8214119672775269
0.642701268196106
0.8361043334007263
0.588160514831543
0.4747456908226013
0.3670274615287781
0.24400633573532104
0.4450472891330719
0.20550031960010529
0.5605649352073669
0.493643581867218
0.44899430871009827
0.43463853001594543
0.7569214105606079
0.7456446290016174
0.7292619347572327
0.5385065078735352
0.7389456629753113
0.6436071395874023
0.7332589030265808
0.7700343132019043
0.7550473809242249
0.8227224946022034
0.7212539315223694
0.8213062286376953
0.8235714435577393
0.8233413100242615
0.7718392014503479
0.8275260329246521
0.8439546823501587
0.7850390672683716
