306
0.1542859673500061
0.2403208315372467
0.3445354104042053
0.293878972530365
0.20120657980442047
0.25424903631210327
0.46634426712989807
0.1633630394935608
0.36930277943611145
0.3023742735385895
0.35015496611595154
0.37765130400657654
0.31724146008491516
0.3403549790382385
0.2704084515571594
0.3389340043067932
0.30767950415611267
0.3198610842227936
0.10544849187135696
0.24697056412696838
0.11170333623886108
0.1536279320716858
0.21734194457530975
0.281059205532074
0.3138068914413452
0.41626372933387756
0.3644079864025116
0.08139479160308838
0.10128017514944077
0.2636559009552002
0.43934521079063416
0.149515300989151
0.2795730233192444
0.23141764104366302
0.27716064453125
0.3708442151546478
0.35698968172073364
0.37065795063972473
0.5646772980690002
0.2563577890396118
0.435190886259079
0.23615765571594238
0.3648274540901184
0.3727013170719147
0.10382425785064697
0.2860766053199768
0.2920939326286316
0.20866291224956512
0.20390360057353973
0.25989389419555664
0.3569393455982208
0.28513360023498535
0.37150079011917114
0.1415816992521286
0.22747132182121277
0.2631561756134033
0.08599930256605148
0.22168105840682983
0.09479576349258423
0.25307387113571167
0.31853535771369934
0.3343673348426819
0.15517273545265198
0.41231822967529297
0.17820124328136444
0.3801533281803131
0.08951044082641602
0.10340262949466705
0.13641761243343353
0.28152555227279663
0.08912321925163269
0.10294362157583237
0.1357097029685974
0.2793504297733307
0.15645980834960938
0.14306718111038208
0.2721608877182007
0.08378486335277557
0.2521689832210541
0.08897188305854797
0.10340539366006851
0.13820905983448029
0.26480501890182495
0.1298428773880005
0.12346905469894409
0.1407535821199417
0.19386474788188934
0.35959506034851074
0.11274372786283493
0.11847419291734695
0.136611208319664
0.18025968968868256
0.2931320369243622
0.32917144894599915
0.134051114320755
0.31695282459259033
0.3997899889945984
0.23700787127017975
0.27251049876213074
0.28957903385162354
0.4014464020729065
0.327787846326828
0.4127523899078369
0.4094683527946472
0.20368823409080505
0.25458824634552
0.4301617741584778
0.1918010413646698
0.20156148076057434
0.3923662304878235
0.17851287126541138
0.2158878892660141
0.22935666143894196
0.3822924792766571
0.20003792643547058
0.6876136064529419
0.7632530927658081
0.8474729657173157
0.8199460506439209
0.8367619514465332
0.7814170122146606
0.8507106304168701
0.847922146320343
0.8262461423873901
0.23188462853431702
0.49123677611351013
0.33400920033454895
0.4308778643608093
0.38780927658081055
0.4661751985549927
0.42821747064590454
0.2233525514602661
0.26296356320381165
0.274223268032074
0.44364944100379944
0.27151378989219666
0.2902226150035858
0.4896683394908905
0.24345946311950684
0.25646668672561646
0.2735496461391449
0.43010932207107544
0.2328035831451416
0.47464606165885925
0.5160616040229797
0.6445640325546265
0.5329865217208862
0.5868701338768005
0.7002679109573364
0.7548256516456604
0.7494938373565674
0.7388119101524353
0.7413497567176819
0.4918767511844635
0.5572009086608887
0.5909985899925232
0.5160727500915527
0.38855770230293274
0.46176856756210327
0.5999504327774048
0.3850793242454529
0.4583902657032013
0.5946243405342102
0.381772518157959
0.365307480096817
0.4379233419895172
0.5640875697135925
0.41150563955307007
0.48930713534355164
0.612617015838623
0.5397663712501526
0.6042735576629639
0.697624146938324
0.4494986832141876
0.5225024223327637
0.6302149891853333
0.5117715001106262
0.5837721824645996
0.6830109357833862
0.47939637303352356
0.5541333556175232
0.6577996611595154
0.5860711932182312
0.570205807685852
0.4335445761680603
0.7081243395805359
0.7336741089820862
0.7270753979682922
0.7345924377441406
0.48187005519866943
0.557624340057373
0.5044257044792175
0.5790889263153076
0.6790676116943359
0.4834415316581726
0.5603894591331482
0.6642535328865051
0.46702516078948975
0.4686845541000366
0.5776141881942749
0.44446682929992676
0.5312967896461487
0.662530779838562
0.41374361515045166
0.5763755440711975
0.42707470059394836
0.5817861557006836
0.3660297393798828
0.43612807989120483
0.5392755270004272
0.35242870450019836
0.5322553515434265
0.47386959195137024
0.5531965494155884
0.6590688824653625
0.5614548325538635
0.5151415467262268
0.5173799395561218
0.4996371567249298
0.48390358686447144
0.6047101616859436
0.5652979016304016
0.6114885807037354
0.5584440231323242
0.5027130246162415
0.5784226655960083
0.575314998626709
0.36796924471855164
0.47776997089385986
0.5685344934463501
0.389685720205307
0.5678010582923889
0.4172569215297699
0.5427608489990234
0.6398118734359741
0.44425031542778015
0.639980673789978
0.39607682824134827
0.5200501680374146
0.6196393370628357
0.42356258630752563
0.6201985478401184
0.3190126121044159
0.42317694425582886
0.5212461352348328
0.34286752343177795
0.5228825807571411
0.3219652473926544
0.42515820264816284
0.5224231481552124
0.345454603433609
0.5240282416343689
0.42510876059532166
0.6510885953903198
0.48741278052330017
0.3746362626552582
0.6152512431144714
0.3654502034187317
0.5419772863388062
0.46369388699531555
0.37904801964759827
0.5500054359436035
0.39943942427635193
0.31919991970062256
0.4951511323451996
0.30468857288360596
0.4791179597377777
0.5117461085319519
0.414328932762146
0.613860011100769
0.815598726272583
0.8355899453163147
0.3596949577331543
0.49988874793052673
0.6283871531486511
0.3914141356945038
0.3242056369781494
0.4613826870918274
0.5833745002746582
0.3562348484992981
0.4951639473438263
0.40370115637779236
0.7548518180847168
0.7261012196540833
0.5296740531921387
0.3998134434223175
0.7201696634292603
0.3683697283267975
0.4863627552986145
0.6031364798545837
0.39307695627212524
0.7081248760223389
0.7747911214828491
0.5306837558746338
0.4010814130306244
0.37593913078308105
0.7477014660835266
0.47277119755744934
0.5057618021965027
0.4752950072288513
0.8463085889816284
0.7289433479309082
0.7931497097015381
0.7141084671020508
0.8270481824874878
0.7788246273994446
