275
0.1798313707113266
0.29543355107307434
0.14648883044719696
0.24355986714363098
0.4200805127620697
0.36033713817596436
0.32604917883872986
0.1743684858083725
0.1765901744365692
0.13659152388572693
0.1695868819952011
0.27496129274368286
0.2431962788105011
0.1604384034872055
0.31210729479789734
0.44926515221595764
0.31576114892959595
0.3313978910446167
0.2990111708641052
0.0652351975440979
0.177261620759964
0.1360761970281601
0.11890514940023422
0.15035247802734375
0.13021154701709747
0.12565818428993225
0.3951365649700165
0.0641484260559082
0.1779615581035614
0.24402740597724915
0.13468380272388458
0.279250830411911
0.295073539018631
0.2751977741718292
0.3136458992958069
0.13721056282520294
0.14617744088172913
0.1446838229894638
0.1541566103696823
0.15710501372814178
0.3276113271713257
0.2227800041437149
0.24788479506969452
0.13437767326831818
0.2861814796924591
0.11817009747028351
0.08547262847423553
0.23942890763282776
0.3650916814804077
0.35437890887260437
0.10251782834529877
0.11179926246404648
0.09627973288297653
0.11635944247245789
0.09981368482112885
0.10143870860338211
0.473442405462265
0.6567919254302979
0.27895408868789673
0.2146853804588318
0.256936639547348
0.20806673169136047
0.2413986176252365
0.1367882639169693
0.20400714874267578
0.35678404569625854
0.19772252440452576
0.24561192095279694
0.25784409046173096
0.2075798660516739
0.3725806176662445
0.16825498640537262
0.2627556025981903
0.41572141647338867
0.2497285008430481
0.3873496651649475
0.2001059502363205
0.17068985104560852
0.3099474608898163
0.1393626183271408
0.18506745994091034
0.3424505591392517
0.15044695138931274
0.46126946806907654
0.23525695502758026
0.4069414436817169
0.40633463859558105
0.1808021068572998
0.197933629155159
0.23502233624458313
0.23918505012989044
0.1703728586435318
0.1861429214477539
0.21834708750247955
0.22214365005493164
0.17213542759418488
0.18788118660449982
0.21749670803546906
0.2211991548538208
0.48559483885765076
0.8432075381278992
0.8413419723510742
0.8320647478103638
0.8343627452850342
0.8331201076507568
0.7929235696792603
0.7924458384513855
0.8287385106086731
0.8272603154182434
0.822708010673523
0.7995255589485168
0.8402186036109924
0.6073415875434875
0.5275182127952576
0.6615424156188965
0.3040929436683655
0.22421038150787354
0.3331998884677887
0.175047367811203
0.2403441220521927
0.3020486831665039
0.163181334733963
0.22986871004104614
0.4539646804332733
0.2512156665325165
0.2873905897140503
0.3646562099456787
0.280830979347229
0.45462945103645325
0.29381585121154785
0.44349566102027893
0.23526471853256226
0.35804951190948486
0.1927722692489624
0.19992047548294067
0.3464232087135315
0.1607058197259903
0.43595239520072937
0.2300252765417099
0.5043718814849854
0.4825262129306793
0.4496243894100189
0.4852348566055298
0.5647450685501099
0.5706678032875061
0.17839154601097107
0.19470930099487305
0.23172791302204132
0.23574085533618927
0.19542810320854187
0.19226908683776855
0.21007387340068817
0.2494112104177475
0.2537136971950531
0.20555932819843292
0.22446194291114807
0.2645821273326874
0.26905304193496704
0.4740537703037262
0.5001895427703857
0.7161381840705872
0.4399772584438324
0.5397400856018066
0.5589815378189087
0.5424647927284241
0.38575825095176697
0.4813942015171051
0.49103406071662903
0.590631902217865
0.6131579875946045
0.5909677743911743
0.5687417984008789
0.603570818901062
0.6767694354057312
0.6202633380889893
0.44421228766441345
0.4430520832538605
0.5551718473434448
0.5083417892456055
0.6058051586151123
0.4382205903530121
0.541482150554657
0.5788261890411377
0.419075608253479
0.5193237066268921
0.5651954412460327
0.497402161359787
0.5476891994476318
0.5265604853630066
0.6460728049278259
0.6220664978027344
0.6271934509277344
0.6496551036834717
0.5472552180290222
0.552489161491394
0.56037437915802
0.5854639410972595
0.5774660110473633
0.4962023198604584
0.5336845517158508
0.5406302809715271
0.5809339284896851
0.5734339952468872
0.47471150755882263
0.5144310593605042
0.5205767154693604
0.569886326789856
0.5628755688667297
0.4558108448982239
0.6022903323173523
0.6331710815429688
0.6267533898353577
0.5367256999015808
0.6433019042015076
0.4721495807170868
0.47215908765792847
0.660598874092102
0.4808638393878937
0.4808428883552551
0.6267591118812561
0.43934231996536255
0.43930813670158386
0.5737850666046143
0.38565793633461
0.38563963770866394
0.6170654892921448
0.43909260630607605
0.4390963017940521
0.6983517408370972
0.5315651893615723
0.5315539836883545
0.5327212810516357
0.5324874520301819
0.44847574830055237
0.4360402226448059
0.4613569378852844
0.4333677291870117
0.5750172138214111
0.4349324405193329
0.4830649197101593
0.5554693937301636
0.5735197067260742
0.8117664456367493
0.6535974144935608
0.6535746455192566
0.4506877064704895
0.4506532847881317
0.7079761028289795
0.45736297965049744
0.6563429832458496
0.568317174911499
0.6852912902832031
0.7827410697937012
0.7047256827354431
0.5504665374755859
0.55045485496521
0.46789950132369995
0.36475759744644165
0.5663739442825317
0.566352128982544
0.49275603890419006
0.3888636827468872
0.43205949664115906
0.508250892162323
0.508168637752533
0.5101698040962219
0.43864667415618896
0.5090469717979431
0.5089632272720337
0.5127459764480591
0.4423927962779999
0.3076295256614685
0.8110744953155518
0.7844600677490234
0.819613516330719
