59
0.16136473417282104
0.36513644456863403
0.11454921960830688
0.10291717946529388
0.09288159012794495
0.07780808955430984
0.23537154495716095
0.11158057302236557
0.08851997554302216
0.20587554574012756
0.1623748391866684
0.3447016477584839
0.08389103412628174
0.07125856727361679
0.09894707798957825
0.20956990122795105
0.0747005045413971
0.10200349986553192
0.15076030790805817
0.17829401791095734
0.2750259339809418
0.4513586163520813
0.23965217173099518
0.25919026136398315
0.44796285033226013
0.46249955892562866
0.5227770805358887
0.8495517373085022
0.19090606272220612
0.2861616611480713
0.4158020615577698
0.25225377082824707
0.4094882011413574
0.23814189434051514
0.24682918190956116
0.490048885345459
0.49049806594848633
0.6174639463424683
0.6493500471115112
0.47655171155929565
0.5850385427474976
0.5126419067382812
0.4489195644855499
0.7048697471618652
0.5312820672988892
0.5663862824440002
0.615632176399231
0.5264943838119507
0.574150025844574
0.48337146639823914
0.57584547996521
0.4795161783695221
0.6172056198120117
0.5163801312446594
0.7100632190704346
0.4682321846485138
0.5765150189399719
0.5855447053909302
0.806694746017456
