60
0.16227231919765472
0.21645963191986084
0.19872461259365082
0.27445974946022034
0.09404537081718445
0.1840914934873581
0.10404855757951736
0.15938304364681244
0.22996041178703308
0.15714558959007263
0.24583689868450165
0.25263702869415283
0.13228216767311096
0.19138966500759125
0.21180205047130585
0.1574779897928238
0.086020827293396
0.17891904711723328
0.3698717951774597
0.2003425806760788
0.39695924520492554
0.210775226354599
0.8170604109764099
0.8389578461647034
0.7917608022689819
0.7944182753562927
0.226046621799469
0.4395334720611572
0.19980505108833313
0.6631833910942078
0.5759454965591431
0.6309338212013245
0.5686662793159485
0.6781958341598511
0.5478995442390442
0.670305073261261
0.45524904131889343
0.4816725552082062
0.6197134256362915
0.45286989212036133
0.5227893590927124
0.5774106383323669
0.6096698045730591
0.3870714604854584
0.5441030263900757
0.5363268852233887
0.4818839728832245
0.5919085144996643
0.5918535590171814
0.6339853405952454
0.4979804456233978
0.2353312373161316
0.7594582438468933
0.2916664183139801
0.7747747898101807
0.7845230102539062
0.8200339674949646
0.8199294209480286
0.34958910942077637
0.6183410882949829
